[[[0.9680313537095528, 0.009990201965764745, 0.0009990201965764745, 0.009990201965764745, 0.009990201965764745, 0.0009990201965764745], [0.9680315788022757, 0.009990131624288868, 0.000999013162428887, 0.009990131624288868, 0.009990131624288868, 0.000999013162428887], [0.9680312064545297, 0.009990247982959468, 0.0009990247982959468, 0.009990247982959468, 0.009990247982959468, 0.0009990247982959468], [0.9680283497951211, 0.009991140689024645, 0.0009991140689024646, 0.009991140689024645, 0.009991140689024645, 0.0009991140689024646], [0.9666873932130818, 0.009991054194984717, 0.0023403387824654158, 0.009991054194984717, 0.009991054194984717, 0.0009991054194984717], [0.9666883981811097, 0.009990729226906185, 0.002340341215481164, 0.009990729226906185, 0.009990729226906185, 0.0009990729226906185], [0.9660310514964171, 0.009991083089561691, 0.002996590925941704, 0.009991083089561691, 0.009991083089561691, 0.000999108308956169], [0.9677778924304073, 0.009991732730527678, 0.0012477361049568771, 0.009991732730527678, 0.009991732730527678, 0.0009991732730527678], [0.9641508592043915, 0.009991857239051872, 0.004874383354547712, 0.009991857239051872, 0.009991857239051872, 0.0009991857239051872], [0.9503441597323302, 0.022613651481378567, 0.006048700845956534, 0.009996899019206952, 0.009996899019206952, 0.0009996899019206952], [0.9511535566636632, 0.020694958421294887, 0.004560621941610516, 0.00999979283779036, 0.012591090851862002, 0.000999979283779036], [0.9337923187531466, 0.03808574505805619, 0.007128768475493426, 0.009996746530144719, 0.009996746530144719, 0.000999674653014472], [0.9475397718776206, 0.02513921833036114, 0.006326334929763298, 0.009997464220121467, 0.009997464220121467, 0.0009997464220121467], [0.9650303429487315, 0.00999244987011465, 0.003993062453913166, 0.00999244987011465, 0.00999244987011465, 0.000999244987011465], [0.9678829279536735, 0.009991224614014959, 0.0011442757428802252, 0.009991224614014959, 0.009991224614014959, 0.0009991224614014959], [0.9680315788022757, 0.009990131624288868, 0.000999013162428887, 0.009990131624288868, 0.009990131624288868, 0.000999013162428887], [0.9680315788022757, 0.009990131624288868, 0.000999013162428887, 0.009990131624288868, 0.009990131624288868, 0.000999013162428887], [0.9680315788022757, 0.009990131624288868, 0.000999013162428887, 0.009990131624288868, 0.009990131624288868, 0.000999013162428887], [0.9680315788022757, 0.009990131624288868, 0.000999013162428887, 0.009990131624288868, 0.009990131624288868, 0.000999013162428887], [0.9680315788022757, 0.009990131624288868, 0.000999013162428887, 0.009990131624288868, 0.009990131624288868, 0.000999013162428887], [0.9680315788022757, 0.009990131624288868, 0.000999013162428887, 0.009990131624288868, 0.009990131624288868, 0.000999013162428887], [0.9676111697298453, 0.009990729266610876, 0.0014175695436609659, 0.009990729266610876, 0.009990729266610876, 0.0009990729266610876], [0.9680315788022757, 0.009990131624288868, 0.000999013162428887, 0.009990131624288868, 0.009990131624288868, 0.000999013162428887], [0.9680315788022757, 0.009990131624288868, 0.000999013162428887, 0.009990131624288868, 0.009990131624288868, 0.000999013162428887], [0.9680315788022757, 0.009990131624288868, 0.000999013162428887, 0.009990131624288868, 0.009990131624288868, 0.000999013162428887], [0.9680315788022757, 0.009990131624288868, 0.000999013162428887, 0.009990131624288868, 0.009990131624288868, 0.000999013162428887], [0.9680315788022757, 0.009990131624288868, 0.000999013162428887, 0.009990131624288868, 0.009990131624288868, 0.000999013162428887], [0.9679086668582355, 0.009991243388006363, 0.0011184786389446377, 0.009991243388006363, 0.009991243388006363, 0.0009991243388006363], [0.9676631074662699, 0.009991846470801705, 0.0013621684742448619, 0.009991846470801705, 0.009991846470801705, 0.0009991846470801704], [0.9675971850388226, 0.00999114850139233, 0.0014302546068611973, 0.00999114850139233, 0.00999114850139233, 0.000999114850139233], [0.9672748762440404, 0.009990814272171711, 0.0017535995122273738, 0.009990814272171711, 0.009990814272171711, 0.0009990814272171711], [0.9670933915994724, 0.009990729244332102, 0.0019353477430981217, 0.009990729244332102, 0.009990729244332102, 0.00099907292443321], [0.9670074770598212, 0.0099907292406354, 0.0020212622942091096, 0.0099907292406354, 0.0099907292406354, 0.00099907292406354], [0.9680311680891108, 0.009990259972152854, 0.0009990259972152853, 0.009990259972152854, 0.009990259972152854, 0.0009990259972152853], [0.9680311864632065, 0.009990254230247958, 0.0009990254230247957, 0.009990254230247958, 0.009990254230247958, 0.0009990254230247957], [0.9680315788022757, 0.009990131624288868, 0.000999013162428887, 0.009990131624288868, 0.009990131624288868, 0.000999013162428887], [0.9680315788022757, 0.009990131624288868, 0.000999013162428887, 0.009990131624288868, 0.009990131624288868, 0.000999013162428887], [0.9680307964603712, 0.009990376106133996, 0.0009990376106133996, 0.009990376106133996, 0.009990376106133996, 0.0009990376106133996], [0.9680308393469382, 0.009990362704081816, 0.0009990362704081815, 0.009990362704081816, 0.009990362704081816, 0.0009990362704081815], [0.9680306596527533, 0.009990418858514614, 0.0009990418858514614, 0.009990418858514614, 0.009990418858514614, 0.0009990418858514614]], [[0.9680315788022757, 0.009990131624288868, 0.000999013162428887, 0.009990131624288868, 0.009990131624288868, 0.000999013162428887], [0.9283915161762968, 0.01848060781623744, 0.03213175280401143, 0.009998153906406857, 0.009998153906406857, 0.0009998153906406856], [0.04572597690305957, 0.04687944777965297, 0.04953475985821225, 0.009999629754015471, 0.8468602227296582, 0.0009999629754015471], [0.8154579247045025, 0.06709358384022633, 0.07785045879148571, 0.011756540046740465, 0.026841493495136846, 0.0009999991219082915], [0.7753361878473335, 0.08068286018242536, 0.09769791000834435, 0.01457017078769174, 0.030712872054776442, 0.0009999991194286806], [0.7304396379079864, 0.08180292699047213, 0.12403345881815586, 0.018589388763292986, 0.044134588399827215, 0.0009999991202656066], [0.7703636030000066, 0.08517623948674702, 0.09817341554263018, 0.014535048652664558, 0.030751694198846276, 0.000999999119105411], [0.8106769298621426, 0.07379209022901595, 0.07381103163891777, 0.013062576412362735, 0.027657372736683887, 0.000999999120877074], [0.0823793827999311, 0.09362999731350553, 0.09710847217771816, 0.014918482014104234, 0.7109636665781464, 0.0009999991165947357], [0.7077581219100191, 0.11334326356668024, 0.1082031311405257, 0.023412435519326757, 0.046283048744255484, 0.0009999991191929067], [0.1522144455921075, 0.11402796783965405, 0.11485241712497812, 0.026869090291832477, 0.5910360800354757, 0.0009999991159523607], [0.11621816213406237, 0.12449752816601453, 0.11503216564864736, 0.023509205860172366, 0.6197429390745219, 0.0009999991165814588], [0.08019327865986253, 0.10178084962278133, 0.09572496339832764, 0.015353990595248605, 0.7059469186062538, 0.0009999991175261987], [0.08061544845742188, 0.07643907151204335, 0.06964238907014546, 0.013175473868729779, 0.7591276179725185, 0.0009999991191410045], [0.8373959893447861, 0.05561248469324217, 0.07154964497914364, 0.010057470370438415, 0.024384411490400305, 0.0009999991219894263], [0.9048601321734002, 0.024907983862656875, 0.04262026973589098, 0.009999578286914832, 0.01661207811244574, 0.0009999578286914832], [0.9377983802679558, 0.009996373752247304, 0.031212861100077517, 0.009996373752247304, 0.009996373752247304, 0.0009996373752247302], [0.948169573818552, 0.00999582685474321, 0.020843362931744, 0.00999582685474321, 0.00999582685474321, 0.000999582685474321], [0.95359231022173, 0.009992786520045508, 0.015430051566129, 0.009992786520045508, 0.009992786520045508, 0.000999278652004551], [0.9368078806843302, 0.015960764813492834, 0.02623478330492474, 0.009998367236786791, 0.009998367236786791, 0.000999836723678679], [0.0330024168841169, 0.030084107085553854, 0.03307275351118967, 0.009999404346464435, 0.8928413777380286, 0.0009999404346464436], [0.9041241428517206, 0.034050668546802054, 0.037750494761820824, 0.00999946926746888, 0.013075277645440694, 0.000999946926746888], [0.05151081850213813, 0.04044234255349488, 0.047302084613596196, 0.009999656688739266, 0.8497451319731577, 0.0009999656688739267], [0.9251914627554655, 0.01591970178714589, 0.0347228512077332, 0.00999935932725381, 0.013166688989676293, 0.000999935932725381], [0.9393441727798494, 0.011132369290398673, 0.02852700685226085, 0.009998310036900491, 0.009998310036900491, 0.0009998310036900492], [0.9337954387201135, 0.012304046353481927, 0.032903657879978926, 0.009998503355440782, 0.009998503355440782, 0.0009998503355440782], [0.051765191945361506, 0.04148142459476274, 0.04658121318951789, 0.009999625151116012, 0.8491725826041303, 0.0009999625151116012], [0.8442523223281231, 0.050666868240320864, 0.0696164870481878, 0.009999873161540798, 0.024464461905673456, 0.0009999873161540798], [0.823876406045785, 0.06353637365930037, 0.07178052699578842, 0.012090274182498778, 0.027716419994449643, 0.0009999991221779686], [0.06769147350554088, 0.061653327495909294, 0.07034340988744787, 0.01053028237335851, 0.7887815076185882, 0.0009999991191553508], [0.877121950799992, 0.04647210846413561, 0.04769075644055291, 0.009999764605758325, 0.017715443228985404, 0.0009999764605758325], [0.05433289930679715, 0.0427576509411881, 0.04695213912709164, 0.009999752677543534, 0.8449575826796254, 0.0009999752677543534], [0.04496131238194958, 0.034066847475259905, 0.03894012235926925, 0.009999460758739196, 0.8710323109489082, 0.0009999460758739198], [0.9197825045929294, 0.02559700488134059, 0.03362288626508, 0.009998859171738086, 0.009998859171738086, 0.0009998859171738085], [0.9315633899477749, 0.020726083649858035, 0.02671400265540003, 0.009998344641412958, 0.009998344641412958, 0.000999834464141296], [0.9495460770349583, 0.009995850420647984, 0.01946678666103296, 0.009995850420647984, 0.009995850420647984, 0.0009995850420647984], [0.9519334263314239, 0.009992874408428424, 0.01708866300244814, 0.009992874408428424, 0.009992874408428424, 0.0009992874408428424], [0.953373708156449, 0.009992745846671008, 0.015648779718871, 0.009992745846671008, 0.009992745846671008, 0.0009992745846671008], [0.01952243205830714, 0.009998029657090398, 0.01099253453148114, 0.009998029657090398, 0.9484891711303219, 0.0009998029657090398], [0.9680308393469382, 0.009990362704081816, 0.0009990362704081815, 0.009990362704081816, 0.009990362704081816, 0.0009990362704081815]], [[0.9680315046057787, 0.009990154810694133, 0.0009990154810694133, 0.009990154810694133, 0.009990154810694133, 0.0009990154810694133], [0.8952542641467095, 0.0286342107979791, 0.048795159450990194, 0.009999564125711855, 0.016316845066038168, 0.0009999564125711855], [0.8434298954727174, 0.11065146758767244, 0.010716120481460784, 0.009999802218840524, 0.024202734017424978, 0.0009999802218840525], [0.7796969571648361, 0.16520428547813162, 0.006606484836806252, 0.015438696644532984, 0.03205357675454093, 0.0009999991211522023], [0.11688737323904326, 0.20957357722455575, 0.010330922749757561, 0.02417726885207721, 0.6380308588131846, 0.0009999991213816282], [0.6950639794691644, 0.20080084342258614, 0.006551079132241419, 0.027136826579465853, 0.06944727227720257, 0.0009999991193396223], [0.11944847382376914, 0.20388411359661923, 0.00825392827203263, 0.0236786724556391, 0.643734812733041, 0.0009999991188990548], [0.08501982860503356, 0.15582755004963997, 0.008615564313167894, 0.015603040450382296, 0.7339340174612486, 0.000999999120527744], [0.7387619958442769, 0.1877169814792226, 0.006673682086654099, 0.01925403644571697, 0.04659330502311441, 0.0009999991210151076], [0.15563718140447919, 0.19372345246214853, 0.0072134132072233514, 0.027271132881867204, 0.6151548209254158, 0.0009999991188659146], [0.4360013203756262, 0.2895140064651236, 0.005919348873319613, 0.0318018423854221, 0.23576348278113116, 0.0009999991193774056], [0.15328209447102475, 0.2144280865191777, 0.004759909081680293, 0.02766587327679326, 0.5988640375319629, 0.000999999119361188], [0.12570662243483596, 0.19529768091734875, 0.0045198174090780065, 0.019177267429365374, 0.6542986126902753, 0.0009999991190967447], [0.11596312502933642, 0.19614887894853436, 0.00613327803165963, 0.019326026668452647, 0.6614286922023594, 0.0009999991196576199], [0.7958433485365696, 0.14847452138046743, 0.007764685087038181, 0.014445797757425752, 0.03247164811605449, 0.0009999991224444997], [0.8507743595371983, 0.09957712578996736, 0.009502464682222623, 0.010932761749255301, 0.028213289117425135, 0.0009999991239312998], [0.9126148456431484, 0.044493325853286865, 0.014792195574166254, 0.009999504608998936, 0.017100177859499684, 0.0009999504608998937], [0.9453883577572839, 0.026672521480779133, 0.006942982720333383, 0.009998160972192178, 0.009998160972192178, 0.0009998160972192179], [0.9459669290093565, 0.026084491397447798, 0.006952594050244937, 0.009998088353786091, 0.009998088353786091, 0.000999808835378609], [0.032542914612225526, 0.053498707968167164, 0.006479467369886842, 0.009999470099584495, 0.8964794929401777, 0.0009999470099584496], [0.8936505504632216, 0.07269632319272613, 0.005635817938869103, 0.009999651476468344, 0.01701769178106815, 0.0009999651476468344], [0.06791804789443365, 0.10875142573419223, 0.007077324583379039, 0.010667759813435184, 0.8045854428542688, 0.0009999991202910732], [0.8450744555767294, 0.10648967381139282, 0.007515826734513955, 0.01177452069540262, 0.0281455240583251, 0.000999999123636033], [0.8733894392419933, 0.08382281610094867, 0.007028894751813333, 0.009999802306773137, 0.024759067367794305, 0.0009999802306773135], [0.9132108056781588, 0.05246297284277765, 0.006203805714251093, 0.009999529298048575, 0.01712293353695908, 0.0009999529298048574], [0.9176167318339065, 0.04426728477829273, 0.009878916383015817, 0.009999533054721666, 0.017237580644591112, 0.0009999533054721667], [0.8473697405484104, 0.10457927071683586, 0.007870900497555747, 0.011083255962103708, 0.02809683315134436, 0.0009999991237501175], [0.8000273790116557, 0.14585031380414232, 0.006023587034501948, 0.014524126956661974, 0.03257459406993516, 0.0009999991231030064], [0.7375778177148359, 0.19052102883314317, 0.005458520223258281, 0.01920470413012515, 0.046237929978264584, 0.0009999991203728552], [0.08560373101848376, 0.16353070769683284, 0.004224179028015941, 0.015559002917189403, 0.7300823802192876, 0.0009999991201903925], [0.8202325171716475, 0.13233077072986058, 0.0021055603525701027, 0.013309725453620256, 0.031021427170520425, 0.0009999991217812967], [0.8228262171655409, 0.13073153702220242, 0.003883095993871595, 0.01264232990743855, 0.028916820789063536, 0.0009999991218829925], [0.8428672181755896, 0.1158633706415947, 0.004651469005976431, 0.010718242427462365, 0.024899700626768176, 0.0009999991226087098], [0.8828755027919569, 0.08581286750870698, 0.002622166819676301, 0.009999730850366853, 0.017689758944256336, 0.0009999730850366853], [0.0291316811109181, 0.06393839072245502, 0.0028091117893086328, 0.00999952248125662, 0.8931213416479361, 0.000999952248125662], [0.02691397313064278, 0.04825714528180575, 0.006545144842981027, 0.00999933680522588, 0.9072844662588221, 0.000999933680522588], [0.9531467874977037, 0.022768767038646012, 0.003090380447101569, 0.009997173817404203, 0.009997173817404203, 0.0009997173817404203], [0.9649130508778797, 0.009992791732602741, 0.00410929475105191, 0.009992791732602741, 0.009992791732602741, 0.0009992791732602742], [0.9590413420881343, 0.00998991656386972, 0.00998991656386972, 0.00998991656386972, 0.00998991656386972, 0.000998991656386972], [0.9680309042067479, 0.00999034243539129, 0.000999034243539129, 0.00999034243539129, 0.00999034243539129, 0.000999034243539129]], [[0.9680283497951211, 0.009991140689024645, 0.0009991140689024646, 0.009991140689024645, 0.009991140689024645, 0.0009991140689024646], [0.8154579247045025, 0.06709358384022633, 0.07785045879148571, 0.011756540046740465, 0.026841493495136846, 0.0009999991219082915], [0.7889036859411369, 0.15515626316006553, 0.009270437758398102, 0.014350078934316264, 0.031319535083789485, 0.0009999991222935638], [0.7301655130522638, 0.19520320286694004, 0.005971861947511565, 0.020004330252558586, 0.04765509276004884, 0.0009999991206771923], [0.16018239200343018, 0.20029559825848248, 0.008108987220732338, 0.026961211040239404, 0.6034518123581942, 0.0009999991189215624], [0.4366235559124643, 0.28985319141032634, 0.006760906634120107, 0.03128358113181731, 0.23447876579204546, 0.0009999991192265357], [0.6946318797299925, 0.20133217658521504, 0.005786311659181327, 0.02649636768532833, 0.07075326522266463, 0.0009999991176181428], [0.7359040468629888, 0.1870204736777633, 0.00721755720144979, 0.02007397230983556, 0.04878395082739282, 0.0009999991205698019], [0.7854857395490058, 0.15573863307095068, 0.00484537259268347, 0.015804994268486285, 0.03712526139772676, 0.000999999121147121], [0.7194790120427242, 0.19781316832887302, 0.00710258701683747, 0.023856522458317993, 0.05074871103184319, 0.0009999991214042247], [0.7028702104110267, 0.191728377011596, 0.0059800119105253915, 0.02687987605668799, 0.07154152549071345, 0.0009999991194505039], [0.7129090956976581, 0.2066185333564755, 0.005138303985928695, 0.02386080318144837, 0.05047326465831159, 0.0009999991201776908], [0.12179545135189689, 0.20733721487480092, 0.00618589728762581, 0.023955457566727845, 0.6397259797997029, 0.0009999991192457145], [0.7029691305779168, 0.19144280539758887, 0.006324304074973417, 0.026764572550008955, 0.07149918828023809, 0.0009999991192740768], [0.7291445137939288, 0.18670214672886948, 0.008078155438635368, 0.023748004244535652, 0.05132718067141774, 0.0009999991226131003], [0.80844039441983, 0.13216315678154028, 0.00919582378572689, 0.01372210024661173, 0.03547852564336829, 0.0009999991229230417], [0.8742182758910385, 0.07551413908215909, 0.010882276920585247, 0.009999757482033161, 0.028385574875980743, 0.0009999757482033163], [0.91551518156228, 0.044193975924317244, 0.008542551738972616, 0.009999508354093184, 0.02074883158492772, 0.0009999508354093184], [0.9427707842071649, 0.0283346169487027, 0.005759363302041379, 0.009999344770228876, 0.012135956294839293, 0.0009999344770228876], [0.904366340251543, 0.05829459572403325, 0.005645518344144572, 0.009999600779209273, 0.02069398482314902, 0.0009999600779209273], [0.8291360937462426, 0.11926639779998831, 0.005259436004736481, 0.012502940255585696, 0.032835133070162635, 0.0009999991232843574], [0.7978789876868262, 0.14344836395608848, 0.005394078503722042, 0.015493732010291753, 0.03678483872110245, 0.0009999991219692829], [0.7493184840413065, 0.17521620821452324, 0.006891906998287527, 0.01903760422980704, 0.048535797393599624, 0.0009999991224759592], [0.806672989284456, 0.13542355134990103, 0.007495346952776127, 0.013912874614779618, 0.035495238675106726, 0.0009999991229804764], [0.8437390328838585, 0.1040245260725185, 0.007864433827863337, 0.011624688443374692, 0.03174731964877333, 0.0009999991236115968], [0.8741251847687522, 0.07550609795999372, 0.010986431914391793, 0.009999757380427996, 0.02838255223839146, 0.0009999757380427996], [0.8119286659412823, 0.13057692263550455, 0.008075555849893591, 0.013562544996350814, 0.03485631145427975, 0.0009999991226891005], [0.727558845707774, 0.18896635909986173, 0.0081900543228797, 0.023718823768889025, 0.050565917978259635, 0.0009999991223360056], [0.1588338992253632, 0.19412257712646225, 0.00631320262610491, 0.026834190440644647, 0.6128961314623163, 0.0009999991191087516], [0.12151080866591087, 0.2064639547784511, 0.005323341076596764, 0.02357363642513755, 0.6421282599351561, 0.0009999991187476887], [0.08890454910477862, 0.15499806607947028, 0.004705832316447696, 0.016215842781744007, 0.7341757105975192, 0.0009999991200403907], [0.7367520754405517, 0.18722195725369134, 0.005587207507917016, 0.02007055232121835, 0.049368208355923045, 0.0009999991206986183], [0.08879043490745857, 0.1550478994957318, 0.005448261811583739, 0.015997283132565526, 0.7337161215325572, 0.0009999991201031077], [0.08348605185353682, 0.13232538818668182, 0.00524114503487151, 0.013776706326778665, 0.7641707094786664, 0.0009999991194648233], [0.8821181856259971, 0.08300059065164651, 0.0026138204674129506, 0.009999799806955229, 0.02126762346729274, 0.0009999799806955229], [0.03503338233819092, 0.05578546134360945, 0.0060014374968644976, 0.009999543698508919, 0.8921802207529753, 0.000999954369850892], [0.9405984869054623, 0.035127516216445505, 0.003078758274757352, 0.009999211072213075, 0.01019610642390046, 0.0009999211072213075], [0.9643326416370828, 0.0099937014952333, 0.004686883727693971, 0.0099937014952333, 0.0099937014952333, 0.00099937014952333], [0.9590411101669499, 0.009989973130012236, 0.009989973130012236, 0.009989973130012236, 0.009989973130012236, 0.0009989973130012236], [0.9680315788022757, 0.009990131624288868, 0.000999013162428887, 0.009990131624288868, 0.009990131624288868, 0.000999013162428887]], [[0.9663880601265522, 0.009991054081479296, 0.0026396722208620626, 0.009991054081479296, 0.009991054081479296, 0.0009991054081479296], [0.07864291286931566, 0.09199549605586575, 0.10213685351099322, 0.014625399232556261, 0.7115993392112843, 0.0009999991199849578], [0.11459462266767843, 0.2053992019950695, 0.013115840312895382, 0.023572763461080403, 0.6423175724414002, 0.0009999991218761523], [0.701785457038979, 0.1915636211595689, 0.006582845660325458, 0.026821946875457758, 0.07224613014637939, 0.0009999991192894562], [0.6862406379125789, 0.22537731772795352, 0.005390687618511785, 0.02639579277453281, 0.05559556484695953, 0.0009999991194634687], [0.16076998766782452, 0.1856073412275835, 0.00835813786655011, 0.02706421146231635, 0.6172003226576559, 0.0009999991180697435], [0.7216570591621436, 0.19381298815323503, 0.007401683265746825, 0.023938542056085678, 0.05218972824112587, 0.0009999991216629199], [0.09146317586656523, 0.14714163892932175, 0.008237830715203802, 0.01599572311242317, 0.7361616322566252, 0.0009999991198609353], [0.8281974299524548, 0.11425102869415514, 0.006549097264449742, 0.013667291204009543, 0.0363351537624125, 0.0009999991225185085], [0.7938850891464553, 0.14380808111127832, 0.006335436269412785, 0.015539461170291986, 0.0394319331806284, 0.0009999991219333754], [0.12016901854204182, 0.17723381155780546, 0.007970037817949319, 0.02003360710240641, 0.6735935258610249, 0.0009999991187720032], [0.7388333979991961, 0.18289916880935758, 0.0061712495011848395, 0.020328753784297916, 0.050767430785236434, 0.000999999120727035], [0.709711096493285, 0.18182466971634165, 0.007285471831902481, 0.02736871680710804, 0.07281004603076482, 0.0009999991205979473], [0.45022177673488933, 0.26853112392752154, 0.005813782895474739, 0.0320868646359579, 0.2423464526849978, 0.0009999991211587383], [0.7111668002450399, 0.18171348374872928, 0.005479618968401781, 0.027351980809373223, 0.07328811710793105, 0.000999999120524813], [0.7532143651512575, 0.1681315170434725, 0.00895941299829512, 0.018860091984859297, 0.049834613699069094, 0.0009999991230464666], [0.8138799811105338, 0.12747112737264438, 0.0064995489958216785, 0.013972898379405753, 0.03717644501827048, 0.0009999991233238645], [0.8434540952927905, 0.10269316870555352, 0.006240224758838516, 0.012033796081929176, 0.0345787160369134, 0.0009999991239749537], [0.9131541166130068, 0.048277393787354544, 0.0045258534606914475, 0.009999594183896468, 0.023043082536661024, 0.0009999594183896468], [0.8641341687407244, 0.08791770153895642, 0.005718024335325935, 0.010125716520188182, 0.031104389740697624, 0.0009999991241075414], [0.8027780925715305, 0.1369878330869652, 0.004508771508576491, 0.015595337336340198, 0.0391299663738558, 0.0009999991227318777], [0.7310051629601154, 0.18536134943567084, 0.0065884878208554935, 0.023826148015471584, 0.05221885264497591, 0.0009999991229107527], [0.7122321101839342, 0.1824650299873902, 0.006331617618537829, 0.02629660712711407, 0.07167463596208533, 0.000999999120938509], [0.12199697106878014, 0.19197245730545157, 0.006835691590432881, 0.02352958080184409, 0.6546653001154412, 0.0009999991180502273], [0.7999924550552603, 0.1398552177202535, 0.004955376300774574, 0.015226299164782147, 0.03897065263669332, 0.0009999991222362586], [0.8154796906004731, 0.12604506647518054, 0.006553421554978621, 0.01377654359866891, 0.03714527864747759, 0.0009999991232213159], [0.7557043479972674, 0.164699688048732, 0.008011089130749886, 0.019641363417911367, 0.05094351228309863, 0.0009999991222408265], [0.7108820140589014, 0.18227760764625817, 0.0061113119069368576, 0.02681443039334478, 0.07291463687406226, 0.000999999120496654], [0.446520138581016, 0.27101755087653384, 0.00614340877180801, 0.031935657477065886, 0.24338324517188548, 0.0009999991216908546], [0.7074756946186466, 0.18836087693277384, 0.004003130163214039, 0.02651602327212859, 0.07264427589382956, 0.0009999991194075397], [0.7223804416207072, 0.1940555340518426, 0.006042510871307127, 0.023895866947822936, 0.05262564738652573, 0.0009999991217943265], [0.7085984832097447, 0.18667280841996658, 0.005372664288177388, 0.02666425766093145, 0.07169178730159484, 0.000999999119585182], [0.12260906254133654, 0.19823717634876048, 0.008461007360026649, 0.02333745990317677, 0.6463552947280622, 0.0009999991186374997], [0.785546840109598, 0.15452215639654618, 0.004513410748689655, 0.015819311775841154, 0.03859828184826576, 0.0009999991210593497], [0.8538308215544067, 0.09682180465428783, 0.0057726952579992205, 0.01107890534573989, 0.031495774063390186, 0.0009999991241764405], [0.9152672669948745, 0.04927660048227776, 0.0053441464358765026, 0.00999951604422233, 0.01911251843832653, 0.000999951604422233], [0.9415563455067352, 0.03216914476117121, 0.004948454358674915, 0.0099992660930199, 0.010326862671096854, 0.00099992660930199], [0.9627036838850958, 0.013281446833330083, 0.0030217094526127013, 0.009996742775695937, 0.009996742775695937, 0.000999674277569594], [0.9551098981587123, 0.009992370100659525, 0.013913754529243162, 0.009992370100659525, 0.009992370100659525, 0.0009992370100659525], [0.9680315788022757, 0.009990131624288868, 0.000999013162428887, 0.009990131624288868, 0.009990131624288868, 0.000999013162428887]], [[0.9659367454856069, 0.009990795387634211, 0.003091788812727032, 0.009990795387634211, 0.009990795387634211, 0.0009990795387634212], [0.7293374748277243, 0.08506176124788199, 0.12352293270177757, 0.017918753242841073, 0.04315907885949371, 0.0009999991202814733], [0.6988710785030317, 0.19534873324457613, 0.008907141022539693, 0.0265768382433899, 0.06929620986579388, 0.000999999120668754], [0.4450043824196721, 0.27718184121942446, 0.00932637805403343, 0.03145228594361323, 0.23603511324339269, 0.0009999991198641027], [0.7142269831862914, 0.17610038287133348, 0.008460322312372055, 0.026778015246521625, 0.07343429726287941, 0.0009999991206022343], [0.7570922130462545, 0.16050621858997755, 0.007423230589046035, 0.01987638297408724, 0.05410195567870114, 0.0009999991219336154], [0.7975888245663436, 0.14007674342712365, 0.004199080565997656, 0.015896036227495244, 0.04123931609139826, 0.0009999991216416437], [0.8284723938146313, 0.11348695646162237, 0.006077514736496269, 0.013359212966195076, 0.03760392289910259, 0.0009999991219524819], [0.8031997693537972, 0.13339533723589614, 0.005266319312836967, 0.015610294417507203, 0.0415282805576818, 0.000999999122280724], [0.7471946249477264, 0.17208075557130095, 0.006566170257596806, 0.020145976090581254, 0.053012474011795985, 0.0009999991209986893], [0.096948765996253, 0.1437549149960226, 0.005536225919697391, 0.01596348879264603, 0.7367966051755294, 0.0009999991198515017], [0.7950135849120842, 0.14361784814723874, 0.0025640423854788423, 0.015725001528315102, 0.042079523905852546, 0.0009999991210306724], [0.12784911766140947, 0.18642651405995642, 0.005790505733564205, 0.0235991826846511, 0.6553346807418771, 0.0009999991185416404], [0.7162826472590924, 0.17678147358018578, 0.0038300891788725223, 0.026987314248880772, 0.07511847661294979, 0.000999999120018755], [0.143333884847225, 0.1928006908222316, 0.00468218538625404, 0.024257012636063897, 0.6339262271885407, 0.0009999991196848136], [0.16247289438697513, 0.17724383564083446, 0.008684247024808047, 0.02638128864754354, 0.6242177351811529, 0.0009999991186861665], [0.7419382238220636, 0.17306734901219714, 0.007677929100183254, 0.022703962980851644, 0.05361253596092118, 0.0009999991237833283], [0.8166023068627701, 0.12344282435693976, 0.004459711942236471, 0.01414577514743398, 0.04034938256695472, 0.000999999123665077], [0.8642119823109, 0.08851659684476891, 0.003697055079313594, 0.009999889899824654, 0.03257448687521024, 0.0009999889899824654], [0.8480059956910605, 0.09984641639077402, 0.0036780911208785564, 0.01159165861698874, 0.03587783905697875, 0.0009999991233194281], [0.7602727665941456, 0.16083948577314122, 0.006785452861733715, 0.01880656130417492, 0.0522957343438191, 0.0009999991229856654], [0.16260284258687308, 0.17594447647935355, 0.008251594554246306, 0.02635403001626729, 0.6258470572446423, 0.0009999991186175243], [0.4490230198535927, 0.2658579727622264, 0.007143235335382824, 0.03221615878058742, 0.24475961414684252, 0.0009999991213681997], [0.7170251888381741, 0.17690246457077594, 0.0034692583308612805, 0.027035661562415103, 0.07456742757767354, 0.0009999991201002127], [0.749582718814886, 0.17264976615469627, 0.0028036625717125824, 0.020120687986825012, 0.05384316535050683, 0.00099999912137331], [0.7289218594925404, 0.18792962009949432, 0.0057379240569809566, 0.0230142387052905, 0.05339635852386145, 0.0009999991218323076], [0.7221989923408473, 0.1701116474386035, 0.004450348092306885, 0.026522077606097084, 0.07571693540117848, 0.0009999991209669616], [0.7228530369653697, 0.19024655559024076, 0.003990692488891351, 0.024571332951515732, 0.05733838288141689, 0.0009999991225655511], [0.1637272605708705, 0.17882915342640537, 0.007029956069794893, 0.026401150573506428, 0.6230124802417875, 0.0009999991176353991], [0.727956850020244, 0.18719607088838536, 0.005470618644688871, 0.023573367247189617, 0.05480309407803231, 0.0009999991214598867], [0.7207521649360774, 0.16919410617593234, 0.006374861838688984, 0.026785511125839694, 0.07589335680268679, 0.0009999991207750457], [0.453430976916025, 0.2619919349702233, 0.008636666093781876, 0.03208559853630723, 0.24285482436362302, 0.0009999991200394804], [0.7211469556402376, 0.16926807873830943, 0.0070609885787516705, 0.026581096710708515, 0.07494288121114287, 0.0009999991208498639], [0.7619188633482664, 0.1574435592438524, 0.008138134239047785, 0.01880348603799729, 0.05269595800818379, 0.000999999122652479], [0.8484204383558043, 0.09611833813312959, 0.006474588015408422, 0.011787751292588395, 0.03619888508025957, 0.0009999991228096992], [0.9090737734863817, 0.05045178835280627, 0.006635868492143458, 0.009999592732252198, 0.022839017663191054, 0.0009999592732252197], [0.9493425390053637, 0.02278633726884466, 0.006121066812292381, 0.009999209733654195, 0.010750926206479643, 0.0009999209733654194], [0.021324096940798277, 0.03387600370267951, 0.0077302771755433835, 0.009999088656878895, 0.9260706246584121, 0.0009999088656878895], [0.9554433937982717, 0.00999237045674548, 0.01358025778581743, 0.00999237045674548, 0.00999237045674548, 0.0009992370456745482], [0.9680315788022757, 0.009990131624288868, 0.000999013162428887, 0.009990131624288868, 0.009990131624288868, 0.000999013162428887]], [[0.965970344942089, 0.009991053923084052, 0.0030573878963503906, 0.009991053923084052, 0.009991053923084052, 0.0009991053923084053], [0.7802981298210138, 0.07838466004958336, 0.09671753904027952, 0.01367214927477343, 0.029927522693995505, 0.0009999991203545656], [0.7276799986637957, 0.19008359369640676, 0.011173323071090863, 0.022524298955228745, 0.047538786491425795, 0.0009999991220521946], [0.7053932574336175, 0.18734935962236698, 0.009196660648840204, 0.026115317388427817, 0.07094540578663595, 0.0009999991201116488], [0.7352607339466424, 0.17771644107926704, 0.011958958325418266, 0.02264061249697787, 0.05142325502825377, 0.0009999991234407282], [0.8142059095070158, 0.12239037676187724, 0.008298448322422328, 0.014064239401921355, 0.04004102688372171, 0.0009999991230416865], [0.8639197085165033, 0.08526618349403571, 0.0058090961443115745, 0.010717078463836287, 0.03328793425765578, 0.0009999991236573985], [0.09492135197905834, 0.13567528632606599, 0.007549689239096032, 0.015435025126183216, 0.7454186482087867, 0.0009999991208097597], [0.7326714197779952, 0.18171323109115034, 0.0063620179663974805, 0.023920385315717385, 0.05433294672716816, 0.0009999991215714002], [0.7175119724236616, 0.17352909378306808, 0.005498562926369229, 0.02707831888614302, 0.07538205286044693, 0.0009999991203111932], [0.12788631800717004, 0.1816473009707856, 0.005458628609006126, 0.023663193440650793, 0.6603445598533775, 0.0009999991190100996], [0.799050421512969, 0.13919701911340665, 0.002229059913717922, 0.016111886807531825, 0.0424116135308902, 0.0009999991214844758], [0.09799770233909928, 0.13596895699104397, 0.0031205010542458213, 0.016064014187096482, 0.7458488263076761, 0.0009999991208383128], [0.753604924834175, 0.16792158841045204, 0.0031475156435215924, 0.02018822269582962, 0.05413774929424439, 0.0009999991217773405], [0.7196270795880023, 0.17274162283771458, 0.0030458570209886695, 0.027447803168884857, 0.07613763826346617, 0.000999999120943545], [0.45406380269654556, 0.2594044193911191, 0.004505096799717625, 0.0322650369941714, 0.24876164499588777, 0.0009999991225584418], [0.7204204261154178, 0.17277294592245873, 0.003951750549062917, 0.026955446281671517, 0.07489943201039924, 0.000999999120989933], [0.759317441828156, 0.1617615621884071, 0.004645321471026583, 0.019758872142300127, 0.05351680324750129, 0.0009999991226089652], [0.09144428164577569, 0.10860852074055066, 0.005563763419423838, 0.013461274522911982, 0.7799221605506678, 0.0009999991206701684], [0.0782895799242655, 0.09498958207844176, 0.0032007276900516773, 0.011674923688286121, 0.8108451874977985, 0.0009999991211566076], [0.8075144467757552, 0.13196504213959123, 0.0023266643429900404, 0.015683838688888226, 0.04151000892992324, 0.0009999991228521101], [0.7335494312921776, 0.1832509679144174, 0.00378777974312707, 0.024062577248005805, 0.05434924467995362, 0.0009999991223186054], [0.1638841473012497, 0.17699764014880237, 0.004305633903985338, 0.027049973249724343, 0.6267626062775241, 0.000999999118714302], [0.7329833949369722, 0.18474508912138524, 0.002785412278990996, 0.023982209871838096, 0.05450389466893043, 0.0009999991218830287], [0.12714696803835276, 0.17105125408957766, 0.003812751102502978, 0.02000547491977812, 0.6769835527308197, 0.0009999991189689208], [0.16098338383730226, 0.1789236546446634, 0.005962764308470729, 0.026165340238666863, 0.6269648578519337, 0.000999999118963072], [0.4538267910839835, 0.25858706682734744, 0.0069939322669132185, 0.032100343489202564, 0.2474918672106155, 0.0009999991219379596], [0.7246146788121661, 0.16810607017228946, 0.006731228781779784, 0.025827240564566846, 0.07372078254787243, 0.000999999121325471], [0.7701769115600454, 0.14970114746229904, 0.00811204461927399, 0.018635753162250263, 0.05237414407277506, 0.0009999991233563457], [0.8168293328813798, 0.1230874636929757, 0.005253077322728735, 0.014388364666746476, 0.03944176231284017, 0.000999999123329272], [0.127551652819429, 0.18006991329789132, 0.011041479254082805, 0.023208141484316182, 0.6571288140264416, 0.00099999911783921], [0.7263334628630335, 0.16529527348849476, 0.008333423241399235, 0.025746886960729003, 0.07329095432519778, 0.0009999991211457936], [0.7409813086722854, 0.1736436786529352, 0.0083498778250008, 0.022590503530370443, 0.05343463219638905, 0.0009999991230190983], [0.8144694933859717, 0.12411080714235924, 0.0058046314753794955, 0.014398312790926607, 0.04021675608237427, 0.0009999991229885732], [0.8619540310051197, 0.08802415282330842, 0.00514041564370309, 0.010709006333384575, 0.033172395071075715, 0.000999999123408507], [0.9164154388184086, 0.04739444429223203, 0.006054747748149226, 0.009999492166651141, 0.019135927757893825, 0.000999949216665114], [0.944107015389759, 0.029490287687954295, 0.005398505196700569, 0.009999215857390303, 0.01000505428245681, 0.0009999215857390304], [0.9602098886976477, 0.015866805775594604, 0.0029302772553363304, 0.009996680129248293, 0.009996680129248293, 0.0009996680129248294], [0.9558629338216981, 0.009992478676864402, 0.013160382280022307, 0.009992478676864402, 0.009992478676864402, 0.0009992478676864403], [0.9680315788022757, 0.009990131624288868, 0.000999013162428887, 0.009990131624288868, 0.009990131624288868, 0.000999013162428887]], [[0.9680281850667225, 0.009991192166649253, 0.0009991192166649253, 0.009991192166649253, 0.009991192166649253, 0.0009991192166649253], [0.8293775220150499, 0.05946550225948057, 0.07179960291086068, 0.01157386776525022, 0.026783505927436353, 0.0009999991219221827], [0.08328268492344412, 0.14704902462167777, 0.011597735863676253, 0.014804761928816955, 0.7422657935415881, 0.0009999991207969032], [0.7552182407400545, 0.1669422464366198, 0.010894158678187561, 0.01855771335088783, 0.04738764167205061, 0.000999999122199774], [0.0889172671866303, 0.14334710877270754, 0.010716291027748319, 0.01519247746441115, 0.7408268564282359, 0.0009999991202669116], [0.8428756236033631, 0.10068890531426554, 0.007841470639307563, 0.01197791143093768, 0.0356160898893428, 0.0009999991227833459], [0.8507995990509344, 0.0933341967484391, 0.0056381228198049554, 0.012461109643244412, 0.03676697261413266, 0.0009999991234444082], [0.7587225788372725, 0.1608073088379025, 0.008750836939160223, 0.01905529554873695, 0.05166398071478938, 0.0009999991221384915], [0.1625038930696397, 0.17783920248625365, 0.0069254165275337174, 0.026919695469507097, 0.6248117933287938, 0.0009999991182720524], [0.45082009111511934, 0.26219246675030616, 0.006473461111892879, 0.03244713387864086, 0.24706684802266002, 0.0009999991213807983], [0.7206471717801933, 0.17161143406863516, 0.00412104093034329, 0.027112944930702473, 0.07550740916966203, 0.0009999991204637606], [0.7539487802743243, 0.16791599146353697, 0.0033397230612327434, 0.02028603456147766, 0.05350947151763203, 0.0009999991217963507], [0.8361784234249222, 0.11095532023611836, 0.0017589759903560347, 0.013453672429368898, 0.03665360879627112, 0.000999999122963465], [0.8071261890027662, 0.13194918723738616, 0.002366978282824142, 0.01568835109676302, 0.04186929525742302, 0.0009999991228374703], [0.7425174530438501, 0.1721079833628866, 0.003805095521583236, 0.02422311876358084, 0.05634635018433406, 0.0009999991237652304], [0.7207341344275139, 0.16937084180958306, 0.0028266349486461145, 0.02822905477228855, 0.07783933492007887, 0.0009999991218895589], [0.1566702830909457, 0.18161712814580638, 0.00742728753354095, 0.02871857881001236, 0.6245667232964823, 0.0009999991232125494], [0.7340431862944449, 0.1833704873252683, 0.003411914630928142, 0.023788585257024493, 0.05438582736993391, 0.0009999991224002654], [0.8150388260450382, 0.12584271841612585, 0.003548577202280616, 0.014452719207812973, 0.0401171600050235, 0.0009999991237189965], [0.8576597536074185, 0.09579091131353223, 0.0016745380917786666, 0.010988611188952547, 0.032886186674624715, 0.0009999991236932934], [0.8298807685824365, 0.11601857448489071, 0.000999996824345368, 0.014091839488155929, 0.038008823795826194, 0.000999996824345368], [0.8019328366687469, 0.1387749235452244, 0.0009999975642563425, 0.01597930601838269, 0.0413129386391335, 0.0009999975642563425], [0.7596802299961128, 0.16190517130274354, 0.0034189924102539775, 0.02007964289463492, 0.05391596427354068, 0.0009999991227139981], [0.8015794417551242, 0.13876394335757306, 0.0009999977747907943, 0.015984390464385694, 0.0416722288733356, 0.0009999977747907943], [0.09819585908883606, 0.1391185339186591, 0.002012998943435928, 0.016267815939894018, 0.7434047929887531, 0.0009999991204219251], [0.7315644534651267, 0.18692860375292233, 0.004426577974554454, 0.02272206083108307, 0.05335830485449054, 0.000999