[[[0.9675652659983935, 0.009990729264635746, 0.0014634732812356147, 0.009990729264635746, 0.009990729264635746, 0.0009990729264635746], [0.9659065244723565, 0.009991679226078248, 0.0031192699268009516, 0.009991679226078248, 0.009991679226078248, 0.0009991679226078248], [0.9607636300700306, 0.017246472763432046, 0.000999540780297156, 0.00999540780297156, 0.00999540780297156, 0.000999540780297156], [0.926162276875099, 0.04201677141942589, 0.010826653164681012, 0.009997285019425716, 0.009997285019425716, 0.0009997285019425716], [0.917525494166671, 0.05302001019085367, 0.008459082997957239, 0.009997815545008615, 0.009997815545008615, 0.0009997815545008616], [0.8897015233828038, 0.06841435881907405, 0.016403377843807763, 0.009999509834973297, 0.014481279135843817, 0.0009999509834973297], [0.9295960956035422, 0.03840520190066165, 0.011004226919258816, 0.009997369322160677, 0.009997369322160677, 0.0009997369322160678], [0.9358003862372579, 0.0328557400665029, 0.010349391850821702, 0.009997372307341617, 0.009997372307341617, 0.0009997372307341617], [0.928988597683478, 0.04324578857330411, 0.006771078079001228, 0.009997397935341277, 0.009997397935341277, 0.0009997397935341277], [0.8991099011214192, 0.06456497851263171, 0.010507258057395583, 0.009999588655032246, 0.014818314788018065, 0.0009999588655032247], [0.9260369897679543, 0.047296493093223334, 0.005670589351636593, 0.00999806085104084, 0.00999806085104084, 0.000999806085104084], [0.9247744713495942, 0.04376578980270401, 0.010465875946259626, 0.009997077572115312, 0.009997077572115312, 0.0009997077572115312], [0.9573653687597762, 0.020644580540966635, 0.0009995477590571467, 0.009995477590571466, 0.009995477590571466, 0.0009995477590571467], [0.9663159217426591, 0.011310749937481601, 0.0013823369983188211, 0.009995710153114519, 0.009995710153114519, 0.0009995710153114519], [0.9680284697017598, 0.009991103218200044, 0.0009991103218200046, 0.009991103218200044, 0.009991103218200044, 0.0009991103218200046], [0.9680270924170238, 0.009991533619680044, 0.0009991533619680044, 0.009991533619680044, 0.009991533619680044, 0.0009991533619680044], [0.9680313889825946, 0.009990190942939197, 0.0009990190942939195, 0.009990190942939197, 0.009990190942939197, 0.0009990190942939195], [0.9680298754631612, 0.00999066391776214, 0.000999066391776214, 0.00999066391776214, 0.00999066391776214, 0.000999066391776214], [0.9670931378528259, 0.010916747543454777, 0.0009995506638054315, 0.009995506638054315, 0.009995506638054315, 0.0009995506638054315], [0.9488272690677807, 0.029180068096467202, 0.0009996664925341848, 0.009996664925341849, 0.009996664925341849, 0.0009996664925341848], [0.9387203105933469, 0.03928546530802962, 0.0009997374590283402, 0.009997374590283402, 0.009997374590283402, 0.0009997374590283402], [0.9019370154860242, 0.0618605420899637, 0.007066661951760301, 0.009999427500446913, 0.01813641022176016, 0.0009999427500446913], [0.93552183294241, 0.0411622617652405, 0.002321079784852312, 0.009997535955951035, 0.009997535955951035, 0.0009997535955951035], [0.9451055369262568, 0.0310101375184925, 0.0028901480105777214, 0.009997227402225256, 0.009997227402225256, 0.0009997227402225256], [0.9652998030426375, 0.012710084695973315, 0.0009995505573358765, 0.009995505573358765, 0.009995505573358765, 0.0009995505573358765], [0.968023253608141, 0.009992733247455966, 0.0009992733247455965, 0.009992733247455966, 0.009992733247455966, 0.0009992733247455965], [0.9680315788022757, 0.009990131624288868, 0.000999013162428887, 0.009990131624288868, 0.009990131624288868, 0.000999013162428887], [0.9680315788022757, 0.009990131624288868, 0.000999013162428887, 0.009990131624288868, 0.009990131624288868, 0.000999013162428887], [0.9680315788022757, 0.009990131624288868, 0.000999013162428887, 0.009990131624288868, 0.009990131624288868, 0.000999013162428887], [0.9680315788022757, 0.009990131624288868, 0.000999013162428887, 0.009990131624288868, 0.009990131624288868, 0.000999013162428887], [0.9680315788022757, 0.009990131624288868, 0.000999013162428887, 0.009990131624288868, 0.009990131624288868, 0.000999013162428887], [0.9680315788022757, 0.009990131624288868, 0.000999013162428887, 0.009990131624288868, 0.009990131624288868, 0.000999013162428887], [0.9680315788022757, 0.009990131624288868, 0.000999013162428887, 0.009990131624288868, 0.009990131624288868, 0.000999013162428887], [0.9680315788022757, 0.009990131624288868, 0.000999013162428887, 0.009990131624288868, 0.009990131624288868, 0.000999013162428887], [0.9680315788022757, 0.009990131624288868, 0.000999013162428887, 0.009990131624288868, 0.009990131624288868, 0.000999013162428887], [0.9680315788022757, 0.009990131624288868, 0.000999013162428887, 0.009990131624288868, 0.009990131624288868, 0.000999013162428887], [0.9680315788022757, 0.009990131624288868, 0.000999013162428887, 0.009990131624288868, 0.009990131624288868, 0.000999013162428887], [0.9680315788022757, 0.009990131624288868, 0.000999013162428887, 0.009990131624288868, 0.009990131624288868, 0.000999013162428887], [0.9680315788022757, 0.009990131624288868, 0.000999013162428887, 0.009990131624288868, 0.009990131624288868, 0.000999013162428887], [0.9680315788022757, 0.009990131624288868, 0.000999013162428887, 0.009990131624288868, 0.009990131624288868, 0.000999013162428887]], [[0.965472870274579, 0.009990729174604874, 0.003555869284145962, 0.009990729174604874, 0.009990729174604874, 0.0009990729174604875], [0.8475645595801695, 0.06152107218738205, 0.06435027535707352, 0.011182963951587289, 0.014381129801489787, 0.000999999122298029], [0.06542972501344568, 0.09871129490602674, 0.09891718418945465, 0.015445517161345705, 0.7204962796088522, 0.000999999120875075], [0.6971353140528826, 0.12024922499127096, 0.12426678560502302, 0.01955337803360387, 0.03779529820129129, 0.0009999991159283413], [0.09277953537909654, 0.1712077646570913, 0.20901544176071907, 0.022204848899082332, 0.5037924101938308, 0.0009999991101799976], [0.12091897000714384, 0.18992889742754518, 0.20406965837647006, 0.02413561867292674, 0.45994685640684846, 0.0009999991090659432], [0.5646816431964431, 0.15885068066289593, 0.2034852692132319, 0.020978934317725344, 0.051003473502480905, 0.00099999910722283], [0.71512916861068, 0.10871728483658977, 0.11858528643700258, 0.01861151658575956, 0.037956744413009794, 0.000999999116958292], [0.0910973659625303, 0.16603445020870386, 0.20037063009247044, 0.02117527589397758, 0.5203222787337571, 0.00099999910856084], [0.5190346801203909, 0.1941899753915284, 0.2004008547381295, 0.02337789515025237, 0.06199659549306071, 0.0009999991066381676], [0.08928599015570098, 0.16818028502978127, 0.20197536731230428, 0.021715685136756018, 0.5178426732576829, 0.000999999107774807], [0.6983658675287878, 0.12225837310959649, 0.12073548626968711, 0.018630115894353507, 0.03901015808117635, 0.0009999991163987761], [0.06811569934015739, 0.09766963872983737, 0.09683002957025474, 0.01549378084053039, 0.7208908523983576, 0.000999999120862584], [0.8472944032804439, 0.0630143040076993, 0.06251818659003032, 0.011312515811924748, 0.014860591186708379, 0.000999999123193242], [0.028746579609977334, 0.04688225792428167, 0.049676095460214266, 0.009999794093898666, 0.8636952935022384, 0.0009999794093898666], [0.024615831950775515, 0.03513579250009239, 0.025591486532055445, 0.009999517672066645, 0.9036574195778034, 0.0009999517672066645], [0.02551166995129124, 0.045610681685648066, 0.046640383949013355, 0.009999798720584464, 0.8712374858214046, 0.0009999798720584463], [0.8592012992118034, 0.059119499740508626, 0.05438283370570534, 0.011318050674553782, 0.014978317543279523, 0.0009999991241494434], [0.7761297741361515, 0.08442668697813796, 0.09249587225414356, 0.014600130220387562, 0.03134753729025322, 0.0009999991209263732], [0.7223895344086119, 0.10400636315174523, 0.11537649823730042, 0.017812003331187015, 0.03941560175377819, 0.0009999991173773883], [0.5755676366861395, 0.15914946121876647, 0.19379482672920847, 0.020386131710422965, 0.050101944548626924, 0.00099999910683554], [0.11619172545677481, 0.18355811172699976, 0.19407782855769332, 0.02362433516929364, 0.4815479999831642, 0.0009999991060743818], [0.5755302317023023, 0.15913911841516676, 0.19408369126646957, 0.020384806856698523, 0.04986215265253426, 0.000999999106828662], [0.7194574919342027, 0.10578714387872963, 0.11576884993144962, 0.018655796946614022, 0.03933071819166058, 0.0009999991173434944], [0.7647396509709654, 0.09688491005593308, 0.09084756026805983, 0.014935762161508855, 0.0315921174218992, 0.0009999991216335616], [0.044872786727686804, 0.07038263434159817, 0.05584846985769643, 0.012383596138734023, 0.815512513810033, 0.000999999124251601], [0.8864038789378702, 0.05170467227617206, 0.03887017748715797, 0.009999869161465957, 0.012021415221187194, 0.0009999869161465957], [0.024212890788104777, 0.03809813027170548, 0.02411957221288959, 0.00999960350481498, 0.9025698428720038, 0.000999960350481498], [0.9195508115256394, 0.03690342177198491, 0.02202955028124112, 0.009999559887071113, 0.010516700545356444, 0.0009999559887071113], [0.02319298546071931, 0.030889328868413984, 0.014533142633775236, 0.009999444178853203, 0.920385154440353, 0.0009999444178853203], [0.020949336005859322, 0.025914679538938758, 0.013121279693807372, 0.009999456193066043, 0.929015302949022, 0.0009999456193066042], [0.9403064620786659, 0.023499522895409138, 0.015142283975082759, 0.009999414684159998, 0.010052374898266242, 0.0009999414684159996], [0.9361795680617903, 0.02194293820503653, 0.020879883584625832, 0.009998861975498758, 0.009998861975498758, 0.0009998861975498757], [0.929192678435158, 0.02961042231614126, 0.020199351502245947, 0.009998832260216596, 0.009998832260216596, 0.0009998832260216595], [0.025158815604066777, 0.04440637087191342, 0.044940689838388094, 0.00999977317938285, 0.8744943731883106, 0.000999977317938285], [0.8756263727117399, 0.0509919741086779, 0.05055131031087993, 0.009999798009907683, 0.011830565057803798, 0.0009999798009907683], [0.8582959875989673, 0.05477703040435631, 0.06045399138209485, 0.010996804820300079, 0.014476186671193684, 0.0009999991230877322], [0.829937994960025, 0.06367471764124068, 0.07327049401582073, 0.012863001384686842, 0.019253792876542507, 0.000999999121684338], [0.8586647226573807, 0.057754158358296157, 0.057131320927216706, 0.01092540596535933, 0.01452439296825285, 0.0009999991234942896], [0.9680284369721882, 0.00999111344619116, 0.000999111344619116, 0.00999111344619116, 0.00999111344619116, 0.000999111344619116]], [[0.9659094600934811, 0.00999072919339031, 0.0031192794070088793, 0.00999072919339031, 0.00999072919339031, 0.0009990729193390308], [0.809446215331841, 0.07798756185259254, 0.07831906317285191, 0.013840284434910123, 0.019406876085151986, 0.000999999122652492], [0.07318612433766686, 0.204492011801256, 0.02085996205671078, 0.016293188726112295, 0.6841687139589305, 0.0009999991193236641], [0.650821692599964, 0.2536112938501674, 0.022576846936642567, 0.020039512724729057, 0.05195065477479572, 0.0009999991137012595], [0.5622079388428842, 0.3176884391738031, 0.023405757153100098, 0.026579526114711233, 0.06911833959851052, 0.0009999991169909533], [0.3426127085589311, 0.4449570527217016, 0.017120410735116866, 0.03404234528986935, 0.1602674835759158, 0.0009999991184654062], [0.5810965329935892, 0.3026639008515875, 0.019618623407553635, 0.02636284400148899, 0.06925809962855538, 0.0009999991172254916], [0.6845124115521672, 0.22425762232039964, 0.01987270771382524, 0.019171562576512903, 0.05118569672206332, 0.0009999991150317713], [0.5890715677386253, 0.29498886829916, 0.021343078678815148, 0.025354757597448523, 0.06824172856896474, 0.0009999991169860256], [0.3544154367429614, 0.4278498780626328, 0.014000905872655935, 0.0325593080999919, 0.170174472103036, 0.0009999991187220828], [0.12794007995650863, 0.30141855959329616, 0.01756828916554838, 0.027661104180720677, 0.5244119679874604, 0.000999999116466], [0.6577380636765441, 0.24696291241624374, 0.020695015743875375, 0.020089423935867188, 0.0535145851137565, 0.0009999991137130985], [0.7297072500168542, 0.20053888333830036, 0.016718593081354937, 0.016302445807892665, 0.035732828637652196, 0.0009999991179458286], [0.7984624471577575, 0.14625767852317542, 0.019649910747276702, 0.013829186230150656, 0.020800778221002073, 0.0009999991206375862], [0.8402650973790762, 0.11648140669340147, 0.018914787967766494, 0.009999879553192936, 0.01333884045124373, 0.0009999879553192936], [0.8842122540586348, 0.09068005221834251, 0.0018294919964999047, 0.009999552501953522, 0.012278693974374047, 0.0009999552501953524], [0.8732541948258277, 0.09930910616024449, 0.002727796966797547, 0.009999817069989855, 0.013709103270141507, 0.0009999817069989854], [0.819981485877763, 0.13900668266956295, 0.004649978818901192, 0.013920165691123036, 0.021441687820086295, 0.0009999991225635328], [0.7459674000506858, 0.19582182880861915, 0.005288591702068824, 0.015790927275297136, 0.03613125304413442, 0.0009999991191947566], [0.6818836086198915, 0.23478102776936474, 0.009350058578032696, 0.019823216549602573, 0.05316208936710815, 0.0009999991160005745], [0.5890867364233731, 0.3052127834143424, 0.009161296262476106, 0.026100842874841736, 0.06943834190613637, 0.0009999991188304562], [0.35462330584698354, 0.423363886397654, 0.01345794598995448, 0.033840288226026465, 0.1737145744216224, 0.000999999117759257], [0.5982512028779755, 0.2948159275931402, 0.011631618583639017, 0.025543679171988517, 0.06875757265514278, 0.0009999991181140419], [0.6870809085872935, 0.22861013217267454, 0.010681822787476985, 0.019675156418633866, 0.05295198091780904, 0.000999999116112163], [0.07472308503517813, 0.2021186370286265, 0.006107346251477178, 0.016365292180234123, 0.6996856403846579, 0.0009999991198263595], [0.8021650832632231, 0.15836008399250912, 0.002167162951375278, 0.014316024102497169, 0.021991646567944532, 0.000999999122450966], [0.02870726353766364, 0.10952583331097764, 0.004988367523716604, 0.009999828940588665, 0.8457787237929946, 0.0009999828940588666], [0.8770970155885633, 0.0951987881316876, 0.0013814767976308977, 0.009999530157916214, 0.015323236308410315, 0.0009999530157916213], [0.02267938408767976, 0.08270442820199361, 0.009997489383545017, 0.009997489383545017, 0.8736214600048822, 0.0009997489383545017], [0.8992089452922383, 0.07613642841361906, 0.0026078800975049546, 0.009999428899833426, 0.011047374406820956, 0.0009999428899833426], [0.9075666878292962, 0.061402010068613636, 0.009997092963277422, 0.009997092963277422, 0.010037406879207568, 0.0009997092963277422], [0.9151907054742179, 0.05382410941403256, 0.009995221003790189, 0.009995221003790189, 0.009995221003790189, 0.000999522100379019], [0.909953144753732, 0.0640018567051141, 0.005048013494320113, 0.009998564308016128, 0.009998564308016128, 0.0009998564308016128], [0.02470920103656641, 0.08720857064449601, 0.013240576627088283, 0.009999790474416865, 0.8638418821699908, 0.0009999790474416864], [0.8631162927375987, 0.10288885164429629, 0.010895860660216809, 0.0099998631878571, 0.012099145451245432, 0.00099998631878571], [0.8210766319341665, 0.13546944726520513, 0.009999662815555777, 0.012592669751433902, 0.019861621952083183, 0.0009999662815555776], [0.7601973766023492, 0.1845251363690366, 0.01120435063294023, 0.013621462265759523, 0.02945167501217108, 0.0009999991177434815], [0.7400680061506748, 0.19253650065458902, 0.01792432380474939, 0.01508067901281115, 0.03339049125984789, 0.0009999991173277043], [0.06520972347488335, 0.09818674296616746, 0.09784174718835992, 0.015081519839745395, 0.7226802674100486, 0.0009999991207953261], [0.9607591438304133, 0.017250958922146238, 0.0009995407839745653, 0.009995407839745653, 0.009995407839745653, 0.0009995407839745653]], [[0.9680219738276096, 0.00999313317887204, 0.0009993133178872041, 0.00999313317887204, 0.00999313317887204, 0.0009993133178872041], [0.043494951030331734, 0.06718578522565824, 0.058633348922445545, 0.011395997075410186, 0.8182899186237744, 0.0009999991223799429], [0.731209426982978, 0.20046296795070395, 0.022151074686912055, 0.015062248379471229, 0.030114282882082483, 0.0009999991178524302], [0.6961102294234702, 0.21962607011398644, 0.02123782375312315, 0.021202407391003365, 0.04082347020246765, 0.000999999115949159], [0.10577626203383299, 0.29703594724181237, 0.02179091670425981, 0.025591995770412258, 0.5488048791304183, 0.0009999991192642555], [0.5679322771278432, 0.312698058403227, 0.019911098745748965, 0.02702144400337436, 0.0714371226030476, 0.0009999991167590535], [0.6215970142165994, 0.2771301487494021, 0.01824436662015767, 0.02378421550588944, 0.05824425579156077, 0.0009999991163906817], [0.7185502029477661, 0.19897869969556167, 0.016600616310694562, 0.021006046757135917, 0.04386443517139577, 0.0009999991174460513], [0.6265365315486507, 0.2737613727585193, 0.017914060476717078, 0.023559786418430612, 0.05722824968218053, 0.0009999991155020046], [0.5159591349635442, 0.3637825469451468, 0.02280738505383456, 0.026656397757630127, 0.06979453616532327, 0.0009999991145212812], [0.5153745389366173, 0.36387317004451597, 0.019958415478994976, 0.0282285241327833, 0.07156535229253272, 0.0009999991145556867], [0.6077859014500472, 0.29081101086819444, 0.019169758758232677, 0.024416167516608637, 0.05681716229223547, 0.0009999991146817438], [0.08400580019671242, 0.21172326306225117, 0.013611318548154887, 0.020945111262102713, 0.6687145078116292, 0.0009999991191498084], [0.7574082770516464, 0.18510094128120655, 0.005315950776884534, 0.016556587496358247, 0.03461824427409817, 0.0009999991198062048], [0.8374069431157091, 0.12409857399184586, 0.005767962917547677, 0.013980610941188552, 0.017745909912578288, 0.0009999991211306022], [0.031641617966192956, 0.09329247667171514, 0.005281347907996327, 0.012032311047796158, 0.8567522472824662, 0.0009999991238331693], [0.871318987202312, 0.09720481182243548, 0.0036412138600672517, 0.011957579960940717, 0.014877408030701889, 0.0009999991235425778], [0.8287956536170846, 0.13582866036706276, 0.0017981988892954686, 0.014723687955772892, 0.01785380004891409, 0.000999999121870293], [0.07269339395565616, 0.19389619172048794, 0.003856444221866763, 0.01759548242024716, 0.7109584885611318, 0.0009999991206104052], [0.08394626842154265, 0.2218242667266463, 0.0025531092442403875, 0.02103806840034334, 0.6696382880882011, 0.0009999991190262226], [0.6255591698380027, 0.287129355762116, 0.005148989957553358, 0.02418062932948009, 0.05698185599537591, 0.0009999991174718898], [0.5980914171516247, 0.29469788437415234, 0.010285708644722367, 0.02591640587849781, 0.07000858483292, 0.000999999118082762], [0.6354437536474865, 0.2744926481203762, 0.010234186684155986, 0.022647896419408405, 0.05618151601229809, 0.0009999991162748469], [0.7218265112390828, 0.20767339268627963, 0.006992078884108826, 0.019595479736528146, 0.04291253833539099, 0.0009999991186096053], [0.07229476930765576, 0.18864786797887714, 0.006500889932000511, 0.017337188748012898, 0.7142192849134993, 0.0009999991199545043], [0.8250348924894719, 0.13907767348625652, 0.002513344101714302, 0.014564434293985008, 0.0178096565070009, 0.0009999991215714412], [0.03496085669425047, 0.1066122196307723, 0.0037012542530354196, 0.012104127457283616, 0.8416215428404323, 0.000999999124225906], [0.034806500310396164, 0.10446566555307825, 0.001827943316638602, 0.012222826318532084, 0.8456770653755157, 0.0009999991258392246], [0.8719921115629906, 0.09807727592441635, 0.004458967823445523, 0.01065128638973804, 0.013820359176220305, 0.0009999991231892163], [0.8846742504259918, 0.08240395632479303, 0.009998339161679784, 0.009998339161679784, 0.011925281009687719, 0.0009998339161679786], [0.9106416121449342, 0.06279527339827813, 0.003913346463995578, 0.00999954814394647, 0.011650265034450888, 0.000999954814394647], [0.9109442449531728, 0.06281614210192528, 0.003585972956442427, 0.00999954839147708, 0.011654136757834792, 0.000999954839147708], [0.9001185533251342, 0.07026766217999271, 0.00600070075411658, 0.009999724774602535, 0.012613386488693782, 0.0009999724774602536], [0.868350129439487, 0.09858260961033083, 0.007183675948731701, 0.010985507519242575, 0.013898078360491914, 0.0009999991217161711], [0.8250567041023904, 0.12741190456225646, 0.009999723741026699, 0.014300650520067773, 0.022231044700155918, 0.0009999723741026699], [0.7375800422265444, 0.19837952462830588, 0.010287453239630076, 0.016311759411048055, 0.03644122137676145, 0.0009999991177101664], [0.718989276157734, 0.2100754979144487, 0.009482946870392731, 0.01914862860294556, 0.04130365133611993, 0.0009999991183591995], [0.1014174750870223, 0.2513962538410463, 0.01970346263067099, 0.021945699815774794, 0.6045371095042156, 0.0009999991212700132], [0.7117906033736048, 0.11352216096386678, 0.11755805270980973, 0.018053312122391637, 0.03807587171239282, 0.0009999991179341933], [0.9452289893236652, 0.031150600521421448, 0.0026270075057117917, 0.009996858404381737, 0.009996858404381737, 0.0009996858404381736]], [[0.9680278602742582, 0.009991293664294291, 0.0009991293664294292, 0.009991293664294291, 0.009991293664294291, 0.0009991293664294292], [0.027059114054744916, 0.05703549430084179, 0.05667875780812783, 0.009999873018757988, 0.8482267735156518, 0.0009999873018757988], [0.8027236631709591, 0.1458918357644991, 0.015920290003490125, 0.013860426260381996, 0.020603785679511107, 0.0009999991211585705], [0.714050374147774, 0.20836973351055865, 0.02073727615618776, 0.018772366784393476, 0.03707025028464245, 0.0009999991164438514], [0.08477504488218987, 0.22562351572567316, 0.0198752743092457, 0.021533309080618315, 0.6471928568849022, 0.0009999991173707818], [0.11130298506984997, 0.26022768945857777, 0.019548119428217957, 0.023952203790381675, 0.5839690031344493, 0.0009999991185233447], [0.698738546407363, 0.21152207266876005, 0.020383092748884772, 0.021785084483260383, 0.0465712045753515, 0.0009999991163803254], [0.6782013783533153, 0.22376345768816408, 0.016095344820138892, 0.02291165749491898, 0.058028162528265835, 0.000999999115196999], [0.679560110848609, 0.22391253640108374, 0.016266440243467344, 0.021506566502716092, 0.05775434688883594, 0.0009999991152879213], [0.594383617014805, 0.2874805662710831, 0.020894151920941215, 0.025865580292921624, 0.07037608538286189, 0.0009999991173872754], [0.36664808995817844, 0.4095235513962464, 0.012346125523315042, 0.0336523360637319, 0.1768298979386297, 0.000999999119898487], [0.5860209103608571, 0.2933463850937527, 0.021712274196742497, 0.026774341868975027, 0.07114608936207104, 0.0009999991176017785], [0.1118470656782262, 0.2370462140707341, 0.013150423012414677, 0.021996758134124994, 0.6149595399843506, 0.0009999991201494207], [0.7504844984736935, 0.18410475822129108, 0.006090329127328333, 0.017876101163938552, 0.040444313895095715, 0.0009999991186528535], [0.8161487192650371, 0.13307068722831308, 0.0046419286832345445, 0.01850515779516812, 0.02663350790691275, 0.0009999991213344953], [0.8743571853024921, 0.09034507182688047, 0.0017346615536132824, 0.014535456184429899, 0.0180276260089108, 0.0009999991236734822], [0.03391417406275749, 0.08948378646036215, 0.001011723040620641, 0.014379200369017015, 0.8602111169430711, 0.0009999991241716113], [0.843285819215318, 0.11963536584290248, 0.0009999962573227542, 0.015922836436794006, 0.019155985990340102, 0.0009999962573227542], [0.060003801360393065, 0.15289090816064801, 0.0017002760954355491, 0.01922437857419981, 0.7651806366878914, 0.0009999991214323556], [0.7257433115175845, 0.2107493840407429, 0.0009999969724968714, 0.01936850001898438, 0.042138810477694424, 0.0009999969724968714], [0.08726388759362262, 0.20997376088243722, 0.004167270399433644, 0.021312705919961653, 0.6762823760842459, 0.0009999991202991167], [0.6942821345658983, 0.21898108804867503, 0.009598092221349152, 0.020363534282940965, 0.055775151765525166, 0.0009999991156114949], [0.7352675083637104, 0.1908439294294616, 0.007942670675664861, 0.01930096838688555, 0.04564492402532559, 0.0009999991189521776], [0.7448631273097388, 0.1885710777368668, 0.006881278915548942, 0.018175666787892487, 0.04050885013120178, 0.000999999118751255], [0.8125965789487861, 0.13717010992749828, 0.004383572248442134, 0.01845912019394937, 0.02639061956001173, 0.0009999991213126462], [0.8353610341254033, 0.12175433380180455, 0.003149633045723967, 0.01770420664639146, 0.021030793259328936, 0.000999999121347777], [0.793639490931649, 0.15737983268299688, 0.0023328994346935583, 0.01906855512220543, 0.026579222707490722, 0.000999999120964462], [0.052521340781488964, 0.1378757407192288, 0.0032690408080200107, 0.017735325847563627, 0.7875985527219173, 0.0009999991217814587], [0.037922905443184225, 0.1236039908648676, 0.0029483174006171642, 0.015983067829706696, 0.8185417193391238, 0.0009999991225006196], [0.86730054696519, 0.09281346915614594, 0.004846993189085073, 0.015279662445289261, 0.018759329121191805, 0.0009999991230978226], [0.8984641984574144, 0.0642151270301058, 0.009999450744585735, 0.010873100327424216, 0.015448178366011246, 0.0009999450744585736], [0.9032920966031, 0.059728510966958956, 0.009999555471607845, 0.010530892802646597, 0.015448988608525843, 0.0009999555471607846], [0.8923653400209879, 0.06379403798569369, 0.01268428063343757, 0.013322503252502718, 0.016833838984924448, 0.000999999122453837], [0.8501514200968131, 0.10354375509221485, 0.009999488425607602, 0.015952090364772097, 0.019353297178031584, 0.0009999488425607604], [0.771941875335276, 0.16659939665321927, 0.007181486130998711, 0.017032828938937056, 0.03624441382178665, 0.0009999991197824289], [0.727294576250469, 0.19817253544753152, 0.010237482383605234, 0.019039574566587173, 0.04425583223387734, 0.0009999991179299157], [0.6117748989068331, 0.29172204088134285, 0.01533197529104957, 0.022907782793443788, 0.05726330300976365, 0.000999999117567146], [0.5748256967146673, 0.31281535113118925, 0.014814751692744868, 0.026277218704295915, 0.07026698263763007, 0.0009999991194726673], [0.5632237763231763, 0.1641281295192084, 0.19961558728779455, 0.02073755044315791, 0.051294957318470044, 0.0009999991081928899], [0.9373283446721187, 0.0387246509474351, 0.0029524926708663, 0.0099973865283714, 0.0099973865283714, 0.0009997386528371398]], [[0.9675866365333664, 0.00999072926555527, 0.0014421027434123944, 0.00999072926555527, 0.00999072926555527, 0.0009990729265555271], [0.882597891091002, 0.04397317498601431, 0.050504603615036794, 0.009999747189782275, 0.0119246083991863, 0.0009999747189782275], [0.8335340616312644, 0.12211992534522667, 0.02041471457067332, 0.010256305137295628, 0.012674994194692505, 0.000999999120847638], [0.7846765361285096, 0.15479746747552858, 0.02043511527687701, 0.016213461658840453, 0.022877420341028305, 0.0009999991192160352], [0.0741394207403235, 0.1963698919281584, 0.018153447488647927, 0.01891995810007745, 0.6914172826252186, 0.0009999991175742014], [0.10585396520257746, 0.20950640966924586, 0.017046167542439532, 0.02159004537902994, 0.6450034130898158, 0.0009999991168915892], [0.10998010548401346, 0.27775065757892053, 0.017174512766174946, 0.0252974978622216, 0.5687972271915533, 0.0009999991171162166], [0.5942420897236813, 0.2837126149562171, 0.019711730732040553, 0.027223961697100955, 0.07410960377333357, 0.0009999991176266332], [0.6338688811027795, 0.262640178017002, 0.016576083690382222, 0.024745964810388783, 0.0611688932631036, 0.0009999991163439663], [0.11132618711629853, 0.26829337747956594, 0.012534137309454128, 0.023921784859504434, 0.5829245141168548, 0.0009999991183224184], [0.6066854015353369, 0.2832516576847, 0.009588804985124832, 0.026310616113698754, 0.07316352056277155, 0.0009999991183678324], [0.6443855344566904, 0.2620462295310203, 0.009070824597281707, 0.02332146905156105, 0.06017594324577318, 0.0009999991176733284], [0.7338928817949307, 0.19292068209329005, 0.003930017095327851, 0.020540255442788202, 0.04771616445498315, 0.0009999991186802966], [0.7640149057144796, 0.17542644256573092, 0.002547291946186724, 0.018123948679923653, 0.038887411973816274, 0.0009999991198629615], [0.8369826803075989, 0.11860225505800673, 0.0034938204727832747, 0.01750872137450117, 0.02241252366635695, 0.0009999991207531493], [0.8695129497300298, 0.09446847566059377, 0.0009999981650945225, 0.014919443176260209, 0.019099135102927132, 0.0009999981650945225], [0.036155330269638804, 0.08584230668775476, 0.0019882596624043996, 0.013221543438202426, 0.8617925608176301, 0.0009999991243696596], [0.8571424640080043, 0.10651007728660852, 0.0009999962596129743, 0.015398721914680568, 0.018948744271480696, 0.0009999962596129743], [0.041797936566284076, 0.12230517105643994, 0.0017302141682116938, 0.01656994240916854, 0.8165967366778554, 0.0009999991220404523], [0.8023794213921609, 0.14864763951493293, 0.000999997833431312, 0.018990812498376416, 0.02798213092766723, 0.000999997833431312], [0.7627498103209363, 0.17614392228756906, 0.0032101919356708132, 0.018150269427645974, 0.03874580690875144, 0.0009999991194263804], [0.7589447369165373, 0.17600206239079738, 0.004747973742682814, 0.017615276784085206, 0.04168995104734031, 0.0009999991185569402], [0.7744998204505535, 0.16622254200240652, 0.0035393117866563094, 0.01694484914153898, 0.03779347750003526, 0.0009999991188093104], [0.06273024905037383, 0.13352255361200965, 0.010319995104981302, 0.01892039950826166, 0.7735068036027434, 0.0009999991216303639], [0.8269850926127188, 0.12358121352694305, 0.003895110244675608, 0.01753344044515951, 0.02700514404994184, 0.0009999991205612887], [0.7656548918898, 0.1719263533998662, 0.004391604541499109, 0.018237977115434165, 0.03878917393384153, 0.000999999119558931], [0.7383444539854842, 0.19766174975425266, 0.0015677586126971652, 0.01885694652015677, 0.04256909200846338, 0.0009999991189458765], [0.0797142145463258, 0.19576535892484892, 0.0022310355306921427, 0.018967285587886264, 0.7023221062894209, 0.0009999991208259052], [0.7913677422593423, 0.1584005734475842, 0.002618907123284456, 0.019087480860775125, 0.02752529718864568, 0.0009999991203684172], [0.04137981362382569, 0.11798229776322741, 0.005011880124458231, 0.016507971728994462, 0.8181180376378762, 0.0009999991216180753], [0.8778379626293712, 0.08201589329562455, 0.005969876758083516, 0.014400089307870444, 0.01877617888622292, 0.0009999991228275358], [0.900711402095722, 0.06090589811707364, 0.009999582538965672, 0.010769475576781963, 0.016613683417560116, 0.0009999582538965672], [0.8867825195867143, 0.06788981778657299, 0.011944673936644437, 0.014034274681754614, 0.01834871488624953, 0.0009999991220641907], [0.06248617978610116, 0.1334560394912134, 0.009999722680690932, 0.0188533563802739, 0.7742047293936516, 0.0009999722680690932], [0.7518492399810379, 0.18170956485173856, 0.006591119093586956, 0.017773709159580143, 0.0410763677957879, 0.0009999991182684815], [0.11139791131777274, 0.24742248026145922, 0.01444739244385678, 0.022137136181824415, 0.6035950806750504, 0.0009999991200364366], [0.5868352156624458, 0.3036097621821125, 0.011653461482357106, 0.026238739761707326, 0.07066282179315928, 0.0009999991182180457], [0.3449429134601179, 0.43852841077343807, 0.019086209493953777, 0.03449224817830504, 0.16195021897514114, 0.0009999991190441666], [0.12011074822781499, 0.18623059504422546, 0.20485089938964096, 0.024773438268236046, 0.463034319961829, 0.0009999991082537396], [0.9051461214053239, 0.05852999817665542, 0.009259041085322077, 0.009999501966972779, 0.016065387169028746, 0.000999950196697278]], [[0.9680315788022757, 0.009990131624288868, 0.000999013162428887, 0.009990131624288868, 0.009990131624288868, 0.000999013162428887], [0.024972218176157666, 0.03132295451567753, 0.023815194999411763, 0.00999953614724207, 0.9088901425467869, 0.0009999536147242071], [0.8708731344212867, 0.09047824082082742, 0.014746418373981237, 0.009999772980070654, 0.012902456105826963, 0.0009999772980070654], [0.05634474640241498, 0.15248573953792927, 0.01697691228431792, 0.015850799611560284, 0.7573418030433325, 0.0009999991204449462], [0.6999639205344816, 0.2173697210991975, 0.018034391535646076, 0.019594506858983, 0.04403746085211317, 0.0009999991195787452], [0.12293365585540074, 0.24804340887637322, 0.01803626896644034, 0.022815953067452016, 0.587170714118653, 0.0009999991156807327], [0.14792127160603913, 0.28495297100522193, 0.01646709523276725, 0.02784297659158756, 0.5218156864484668, 0.0009999991159172924], [0.36773162456734576, 0.4094228466260037, 0.006247915876118707, 0.034876565709066366, 0.1807210481020691, 0.0009999991193965173], [0.600299059200219, 0.2772565986051807, 0.018050149829664866, 0.028528480130262854, 0.07486571311718902, 0.0009999991174836458], [0.6871085446503947, 0.22509310429629706, 0.006678406498076747, 0.02152514423241062, 0.05859480120641299, 0.0009999991164080582], [0.6962863366465409, 0.2174536923088522, 0.004686406087769998, 0.021839531679948593, 0.05873403416026275, 0.0009999991166256114], [0.74024630547967, 0.1863714553708609, 0.0034274624266974188, 0.020733209790385846, 0.04822156781273838, 0.0009999991196476283], [0.7473397330498829, 0.18464902217836862, 0.0026337753492843437, 0.01956889921096057, 0.04480857109225864, 0.0009999991192451503], [0.809555643756239, 0.1403793814757806, 0.0016363682814233165, 0.019045901229537695, 0.02838270613531605, 0.000999999121703421], [0.04172563721432624, 0.11217176631497572, 0.0017442951693808155, 0.016175187282694473, 0.8271831148955974, 0.0009999991230255159], [0.8757622220635255, 0.08971654805820012, 0.0009999962604717839, 0.01432166479275111, 0.01819957256457959, 0.0009999962604717839], [0.8882897853049394, 0.0785589792856095, 0.0011821349061330196, 0.013031312460387228, 0.017937788920533417, 0.0009999991223973563], [0.87814541715716, 0.08794814456147473, 0.00099999625980217, 0.013755142685025482, 0.0181513030767354, 0.00099999625980217], [0.04136430674001696, 0.09508374640333421, 0.0019100165369878915, 0.015492748260750954, 0.8451491829349387, 0.0009999991239714096], [0.8532374203355342, 0.10962373073229996, 0.000999996688019172, 0.01581112231492734, 0.019327733241200223, 0.000999996688019172], [0.84941025894097, 0.10666807771450283, 0.002808563707072685, 0.017404837437441163, 0.022708263078508976, 0.0009999991215043377], [0.8262753277581757, 0.12115310545406262, 0.0054920282809173375, 0.0180280828230585, 0.028051456562497436, 0.0009999991212884692], [0.8554588290820154, 0.10089997785118864, 0.004133874262956281, 0.016613437526513963, 0.021893882155785277, 0.0009999991215406847], [0.8312995777251609, 0.11902752171400137, 0.003584465558522696, 0.01762427219599124, 0.02746416368514303, 0.0009999991211806741], [0.761789962241631, 0.17103286699548986, 0.006995486697950017, 0.017391300815565322, 0.041790384130042754, 0.0009999991193212936], [0.7436191832549544, 0.18316067205479283, 0.0037728876920631654, 0.02069736895427228, 0.04774988892457718, 0.0009999991193402043], [0.6882972623804644, 0.2262721607165049, 0.003588987426621501, 0.02201113943251747, 0.05883045092707655, 0.0009999991168154205], [0.09472366117009698, 0.1992787781572957, 0.0018399910682055983, 0.021801537651675768, 0.6813560328318516, 0.0009999991208743425], [0.7335963714561176, 0.20227983312975298, 0.0009999962520777952, 0.019646028326224748, 0.04247777458374917, 0.0009999962520777952], [0.0645620802921613, 0.1376278426784495, 0.0051317106007649615, 0.019548651056607514, 0.7721297162492788, 0.0009999991227379336], [0.8562663420923814, 0.09882921301702081, 0.009999423763744936, 0.015085562340640056, 0.018819516409838453, 0.0009999423763744936], [0.8923462973539948, 0.06990668935709421, 0.006342917429565236, 0.01269093440661175, 0.017713162330867376, 0.0009999991218667156], [0.8652935881986391, 0.09089972628526016, 0.009999323667150289, 0.014498533269310804, 0.018308896212924558, 0.000999932366715029], [0.8170468635720598, 0.12895848357253253, 0.0069469365896816185, 0.01836805550079327, 0.027679661643838716, 0.0009999991210941567], [0.7413326931906953, 0.18979043850611174, 0.0073187077980920705, 0.018335396921556998, 0.04222276446515241, 0.000999999118391738], [0.717152211681001, 0.20641581314412014, 0.007922375588903517, 0.020629078854241194, 0.046880521613753376, 0.0009999991179810027], [0.6113213107921686, 0.2956884339732589, 0.008692716657470774, 0.024911817671668203, 0.05838572178876269, 0.0009999991166709473], [0.5755947089752632, 0.3165288025034672, 0.007606380507531652, 0.028136270265827917, 0.07113383862958919, 0.0009999991183208521], [0.563582195582778, 0.16318167193094557, 0.19819446919637768, 0.022358229283575996, 0.05168343489867703, 0.000999999107645898], [0.937494804543916, 0.038731528047086204, 0.0027790940741227272, 0.009997415873750094, 0.009997415873750094, 0.0009997415873750095]], [[0.9680315788022757, 0.009990131624288868, 0.000999013162428887, 0.009990131624288868, 0.009990131624288868, 0.000999013162428887], [0.9156581718661774, 0.03220410651897956, 0.03113988316165267, 0.009998970691995422, 0.009998970691995422, 0.0009998970691995422], [0.8578047995193612, 0.09779953227997785, 0.020346954280528018, 0.00999979275551201, 0.013048941889069843, 0.0009999792755512008], [0.8138838643915246, 0.13338481507740155, 0.020456479378254004, 0.014283454575718167, 0.016991387457406238, 0.0009999991196955806], [0.07305658268127446, 0.19434664668255838, 0.02056561011018318, 0.01882543442347801, 0.6922057269855143, 0.0009999991169917994], [0.09480539222742511, 0.20774020903712495, 0.017221181601478733, 0.021839802207331303, 0.6573934158085586, 0.0009999991180814553], [0.10834060082237972, 0.2749969760990048, 0.016756447676753924, 0.025354629864730617, 0.5735513464191945, 0.0009999991179365677], [0.5951094801827662, 0.28472746382673575, 0.01569340543119255, 0.02809486210555293, 0.07537478933646788, 0.0009999991172848306], [0.11302634849997885, 0.2698986859652345, 0.005593404009979383, 0.025924138289986094, 0.5845574241151786, 0.0009999991196426089], [0.7300041580122433, 0.19904299964370784, 0.0013741660712260015, 0.02077594060828948, 0.047802736545059336, 0.0009999991194741462], [0.08915648549269105, 0.18837207416134355, 0.003547701026488736, 0.01930579786041181, 0.6986179423389256, 0.0009999991201393996], [0.7646830701179413, 0.1744769080534811, 0.002745567640537294, 0.018389979201253754, 0.03870447586695375, 0.0009999991198327194], [0.8075401343538052, 0.14259114119244135, 0.0012706409339212185, 0.019291571258164084, 0.028306513139300687, 0.0009999991223675056], [0.04348458405569107, 0.12049252984446229, 0.0009999962575880116, 0.016542020282726624, 0.817480873301944, 0.0009999962575880116], [0.0408922507791593, 0.10306506064703684, 0.000999996261624841, 0.015470005435342247, 0.838572690615212, 0.000999996261624841], [0.8634052425509938, 0.10017402289059689, 0.0009999962603872072, 0.015408338153614537, 0.01901240388402051, 0.0009999962603872072], [0.04256382830117876, 0.0912357752982723, 0.0022300327170542405, 0.015604310864938279, 0.8473660536941083, 0.0009999991244481216], [0.8581336295085112, 0.1041206944133618, 0.001420903241980127, 0.015957247207386775, 0.019367526506561285, 0.0009999991221987293], [0.8425046625090026, 0.11432224202283114, 0.0014343118115679647, 0.017901599643879024, 0.022837184890523745, 0.000999999122195601], [0.06501921263094133, 0.13779768480870985, 0.0016911135192009586, 0.019309700985934028, 0.7751822889332812, 0.0009999991219325779], [0.8399767005551558, 0.1182161163122869, 0.000999997527997576, 0.017264506380735692, 0.022542681695826464, 0.000999997527997576], [0.8619561169644719, 0.10070022745877086, 0.0020384224936883274, 0.015260573726122781, 0.019044660235221632, 0.0009999991217244854], [0.851032555365974, 0.10504314744835277, 0.0034616966938587944, 0.017019566689295287, 0.022443034681140762, 0.0009999991213785046], [0.7737861339961309, 0.16406994751046072, 0.005062084220792773, 0.017724031218667554, 0.03835780393450046, 0.0009999991194476236], [0.7470177043547351, 0.1787929983347919, 0.0064805069067736115, 0.01950346986741659, 0.047205321416884646, 0.0009999991193982358], [0.6466330014505788, 0.2626723886290373, 0.004271190408392238, 0.024485923661942077, 0.06093749673153469, 0.0009999991185150644], [0.6043404209277556, 0.28816630021294