[[[0.9676220737998195, 0.009990729267080055, 0.0014066654722324746, 0.009990729267080055, 0.009990729267080055, 0.0009990729267080054], [0.9680315788022757, 0.009990131624288868, 0.000999013162428887, 0.009990131624288868, 0.009990131624288868, 0.000999013162428887], [0.968030634382546, 0.009990426755454366, 0.0009990426755454368, 0.009990426755454366, 0.009990426755454366, 0.0009990426755454368], [0.9665031151809429, 0.009990729218933892, 0.0025256242403620083, 0.009990729218933892, 0.009990729218933892, 0.0009990729218933893], [0.968030634382546, 0.009990426755454366, 0.0009990426755454368, 0.009990426755454366, 0.009990426755454366, 0.0009990426755454368], [0.9680315788022757, 0.009990131624288868, 0.000999013162428887, 0.009990131624288868, 0.009990131624288868, 0.000999013162428887], [0.9676091443791878, 0.009990729266523732, 0.0014195948945886956, 0.009990729266523732, 0.009990729266523732, 0.0009990729266523733], [0.9659789245977487, 0.009990729196379201, 0.0030498148934757848, 0.009990729196379201, 0.009990729196379201, 0.0009990729196379202], [0.9680313119196172, 0.009990215025119629, 0.000999021502511963, 0.009990215025119629, 0.009990215025119629, 0.000999021502511963], [0.9663793921288231, 0.009991809076818537, 0.002645999733039485, 0.009991809076818537, 0.009991809076818537, 0.0009991809076818536], [0.9656677771322273, 0.009992961446155645, 0.00335404238469025, 0.009992961446155645, 0.009992961446155645, 0.0009992961446155645], [0.9665033422550099, 0.009995338087646733, 0.0025111096732853585, 0.009995338087646733, 0.009995338087646733, 0.0009995338087646734], [0.96260765787277, 0.00999436399894418, 0.006409813730502915, 0.00999436399894418, 0.00999436399894418, 0.0009994363998944182], [0.9648812418484377, 0.009993258447804078, 0.004139656963369718, 0.009993258447804078, 0.009993258447804078, 0.0009993258447804079], [0.9656675225105372, 0.009992706890666319, 0.0033550861283972036, 0.009992706890666319, 0.009992706890666319, 0.000999270689066632], [0.9680147102916461, 0.009995403033860612, 0.0009995403033860612, 0.009995403033860612, 0.009995403033860612, 0.0009995403033860612], [0.9656806378510846, 0.009993044029258007, 0.003340925658215553, 0.009993044029258007, 0.009993044029258007, 0.0009993044029258007], [0.9664016583982372, 0.009993254945193453, 0.0026192512716631242, 0.009993254945193453, 0.009993254945193453, 0.0009993254945193453], [0.9680315785304126, 0.009990131709246076, 0.0009990131709246078, 0.009990131709246076, 0.009990131709246076, 0.0009990131709246078], [0.9680315788022757, 0.009990131624288868, 0.000999013162428887, 0.009990131624288868, 0.009990131624288868, 0.000999013162428887], [0.9680315788022757, 0.009990131624288868, 0.000999013162428887, 0.009990131624288868, 0.009990131624288868, 0.000999013162428887], [0.9680315788022757, 0.009990131624288868, 0.000999013162428887, 0.009990131624288868, 0.009990131624288868, 0.000999013162428887], [0.9676184792716815, 0.00999072926692539, 0.001410260000849879, 0.00999072926692539, 0.00999072926692539, 0.0009990729266925388], [0.9661525198966874, 0.0099907292038486, 0.002876219571381942, 0.0099907292038486, 0.0099907292038486, 0.00099907292038486], [0.9675943385965645, 0.009990729265886672, 0.001434400679186785, 0.009990729265886672, 0.009990729265886672, 0.0009990729265886673], [0.9680315788022757, 0.009990131624288868, 0.000999013162428887, 0.009990131624288868, 0.009990131624288868, 0.000999013162428887], [0.9680315788022757, 0.009990131624288868, 0.000999013162428887, 0.009990131624288868, 0.009990131624288868, 0.000999013162428887], [0.9680315788022757, 0.009990131624288868, 0.000999013162428887, 0.009990131624288868, 0.009990131624288868, 0.000999013162428887], [0.9680315788022757, 0.009990131624288868, 0.000999013162428887, 0.009990131624288868, 0.009990131624288868, 0.000999013162428887], [0.9680315788022757, 0.009990131624288868, 0.000999013162428887, 0.009990131624288868, 0.009990131624288868, 0.000999013162428887], [0.9680315788022757, 0.009990131624288868, 0.000999013162428887, 0.009990131624288868, 0.009990131624288868, 0.000999013162428887], [0.9680315788022757, 0.009990131624288868, 0.000999013162428887, 0.009990131624288868, 0.009990131624288868, 0.000999013162428887], [0.9680315788022757, 0.009990131624288868, 0.000999013162428887, 0.009990131624288868, 0.009990131624288868, 0.000999013162428887], [0.9680315784062044, 0.009990131748061145, 0.0009990131748061147, 0.009990131748061145, 0.009990131748061145, 0.0009990131748061147], [0.9680315784062044, 0.009990131748061145, 0.0009990131748061147, 0.009990131748061145, 0.009990131748061145, 0.0009990131748061147], [0.9667556220349218, 0.009990729454136189, 0.0022731166572560672, 0.009990729454136189, 0.009990729454136189, 0.0009990729454136189], [0.9650392291429291, 0.009992370681186347, 0.003984421745393327, 0.009992370681186347, 0.009992370681186347, 0.0009992370681186347], [0.9667556220349218, 0.009990729454136189, 0.0022731166572560672, 0.009990729454136189, 0.009990729454136189, 0.0009990729454136189], [0.9680315783410209, 0.009990131768430966, 0.0009990131768430966, 0.009990131768430966, 0.009990131768430966, 0.0009990131768430966], [0.9664394357006644, 0.009990729236815007, 0.0025893036652091896, 0.009990729236815007, 0.009990729236815007, 0.0009990729236815006]], [[0.9680315788022757, 0.009990131624288868, 0.000999013162428887, 0.009990131624288868, 0.009990131624288868, 0.000999013162428887], [0.9568173988383532, 0.011934602311547603, 0.010255852804072811, 0.009996260021917402, 0.009996260021917402, 0.0009996260021917403], [0.9552147825601599, 0.012156104126100607, 0.011637283320220447, 0.009996109520723391, 0.009996109520723391, 0.000999610952072339], [0.009998132727186552, 0.020340756471226108, 0.011356447312624775, 0.009998132727186552, 0.9473067174890574, 0.0009998132727186552], [0.9505613243549161, 0.012606111350105746, 0.015840738669350353, 0.009996107440775188, 0.009996107440775188, 0.0009996107440775187], [0.9444472375030022, 0.01481249085667592, 0.019747834772884124, 0.009996398508303781, 0.009996398508303781, 0.0009996398508303782], [0.9267581052509404, 0.025480937916384245, 0.026766789976320083, 0.009997222312550152, 0.009997222312550152, 0.0009997222312550153], [0.03520757036300559, 0.03855533271382469, 0.037525493162020106, 0.009999465464446253, 0.8777121917502588, 0.0009999465464446253], [0.8510882408957341, 0.05043795164658259, 0.06857692707682886, 0.009999873960762257, 0.018897019024016113, 0.0009999873960762258], [0.786946689017743, 0.07389600210256496, 0.09484195890101474, 0.01610404337802695, 0.027211307481706054, 0.000999999118944355], [0.7071277935099798, 0.07825177248455498, 0.1485664824847499, 0.022402700530071346, 0.042651251878881496, 0.0009999991117626455], [0.6650272344772141, 0.10127368209611882, 0.14615782244681838, 0.022969427949920712, 0.06357183392196561, 0.0009999991079624705], [0.10082704749270163, 0.09113929092383888, 0.15795374138213744, 0.022928462494041634, 0.6261514585948064, 0.0009999991124741167], [0.788051094931113, 0.07411444248596953, 0.09470181340558032, 0.01516741752605593, 0.026965232533805155, 0.0009999991174759874], [0.7138233251415042, 0.07475789660295137, 0.14575898623941627, 0.02160058384521793, 0.04305920905765225, 0.0009999991132580567], [0.674863119138626, 0.09423449212283698, 0.1417715149391663, 0.023404214460811573, 0.06472666022856963, 0.0009999991099895725], [0.7079472060877142, 0.07858419680190981, 0.14811231215179504, 0.022253765405364508, 0.0421025204419993, 0.0009999991112171712], [0.7894615707459121, 0.07279167329104484, 0.09440431174614701, 0.015291634397096333, 0.027050810701370075, 0.000999999118429893], [0.8574073496929913, 0.047764838723558835, 0.0644631803399349, 0.009999847467899435, 0.01936479902882561, 0.0009999847467899435], [0.9194218365609378, 0.025687955846940783, 0.03389363871337227, 0.00999836613273768, 0.00999836613273768, 0.0009998366132737682], [0.9330867119942887, 0.02227776801362791, 0.023642498705731006, 0.00999667680302493, 0.00999667680302493, 0.000999667680302493], [0.9290294393219424, 0.023884453383785177, 0.026092532239486835, 0.009996940502278865, 0.009996940502278865, 0.0009996940502278865], [0.9255133388933444, 0.0261717883105704, 0.02732121620348267, 0.009996979329810772, 0.009996979329810772, 0.0009996979329810773], [0.020453861685130813, 0.04226528996260275, 0.034454169467051224, 0.009999673079998554, 0.8918270384972169, 0.0009999673079998553], [0.9123489847033042, 0.029408734262097558, 0.03724609498245187, 0.009998183834355493, 0.009998183834355493, 0.0009998183834355493], [0.8954715542829367, 0.036544060154438854, 0.04549681186361272, 0.009999563890101664, 0.011488053419899941, 0.0009999563890101663], [0.9201091298727414, 0.024975112301495853, 0.033918975147938075, 0.00999846794182134, 0.00999846794182134, 0.000999846794182134], [0.9234705287817003, 0.024644047667353782, 0.030891096707727113, 0.009997298496770836, 0.009997298496770836, 0.0009997298496770837], [0.9290961494655023, 0.02402495575281411, 0.025884558199835195, 0.009997303134213445, 0.009997303134213445, 0.0009997303134213445], [0.9290222077074993, 0.023723802580105584, 0.02625958894446317, 0.0099973336990152, 0.0099973336990152, 0.00099973336990152], [0.9094282750089853, 0.03292427432954987, 0.03665242119493731, 0.009997633079298855, 0.009997633079298855, 0.0009997633079298855], [0.8879121793617311, 0.043631658088883044, 0.046077127684428974, 0.009999630637976748, 0.011379441163182395, 0.0009999630637976748], [0.8576420519246605, 0.04750296328805197, 0.06483795625467983, 0.009999847986930262, 0.019017195746984475, 0.0009999847986930262], [0.8406760575089155, 0.05991447488105051, 0.0647681431540507, 0.011208829286707045, 0.02243249604924205, 0.0009999991200342457], [0.8305981284513956, 0.06161855402246105, 0.07223531792705087, 0.012098483077811908, 0.02244951740115616, 0.0009999991201245667], [0.7861456315596225, 0.07371080496656164, 0.09727748761008763, 0.01543321861418449, 0.026432858130676376, 0.0009999991188674694], [0.09947624971209963, 0.08055570764525113, 0.13799398195577206, 0.019543930688138356, 0.6614301308820395, 0.0009999991166994393], [0.7815953941376784, 0.07693745585198077, 0.09851077629759887, 0.015628175656775455, 0.026328198937560103, 0.0009999991184064592], [0.8265769825232824, 0.062460272048929386, 0.07549545304293445, 0.01216650983490507, 0.02230078342960151, 0.00099999912034741], [0.96803157810988, 0.009990131840662489, 0.0009990131840662488, 0.009990131840662489, 0.009990131840662489, 0.0009990131840662488]], [[0.9680315788022757, 0.009990131624288868, 0.000999013162428887, 0.009990131624288868, 0.009990131624288868, 0.000999013162428887], [0.9573774890163229, 0.011500685929126288, 0.010130291578251913, 0.00999596832204707, 0.00999596832204707, 0.000999596832204707], [0.9616754109487776, 0.015621376965187925, 0.0017114070538519202, 0.009996097634372647, 0.009996097634372647, 0.0009996097634372646], [0.9580799320561457, 0.019929124934113914, 0.0009995883186245612, 0.009995883186245613, 0.009995883186245613, 0.0009995883186245612], [0.9564484082936754, 0.02156035780851757, 0.0009996015408094158, 0.009996015408094158, 0.009996015408094158, 0.0009996015408094158], [0.9393610264034732, 0.03718005968794258, 0.002466560351296318, 0.009996358836803831, 0.009996358836803831, 0.000999635883680383], [0.9217190342891279, 0.05545996862048816, 0.001825912575291756, 0.009997659292901062, 0.009997659292901062, 0.0009997659292901061], [0.8996942462144681, 0.07091364316978553, 0.006242520976457403, 0.009999634619597127, 0.012149991557732193, 0.0009999634619597127], [0.8434484228202381, 0.11600496018638673, 0.004449237679733031, 0.011999617172593688, 0.02309776302125681, 0.000999999119791618], [0.7665197420849382, 0.16458618960799204, 0.006232217639787571, 0.019623549118650916, 0.04203830243185923, 0.0009999991167719846], [0.13469761971414157, 0.2005613545302112, 0.008268646501637278, 0.025611046036481493, 0.629861334098911, 0.0009999991186174825], [0.43418696439748905, 0.2912549111344746, 0.007448399564839338, 0.029830639056875607, 0.23627908672860615, 0.000999999117715334], [0.711345807125489, 0.18778602398186262, 0.0074840486655603135, 0.024495926813131137, 0.06788819429830127, 0.000999999115655875], [0.7703147352633629, 0.15918156367354022, 0.007680221087252678, 0.019559831942195637, 0.04226364891579654, 0.0009999991178520676], [0.7124115980429042, 0.1869979411881578, 0.007711455443632917, 0.023401810319221263, 0.06847719588998513, 0.0009999991160987549], [0.4367115425884288, 0.2854176316422893, 0.00808790513955967, 0.029961536672488725, 0.23882138483900608, 0.000999999118227484], [0.1343486361917892, 0.20071115804243536, 0.00847208924389757, 0.025544691240636474, 0.6299234261629287, 0.0009999991183127514], [0.7650806224402699, 0.1651285855942244, 0.007311727170015698, 0.019552770413869425, 0.04192629526494163, 0.0009999991166789609], [0.8449331446611228, 0.11298294884192735, 0.006796543869683649, 0.0113937789034934, 0.022893584604045898, 0.0009999991197270333], [0.8994046662028544, 0.07112761881333368, 0.006258138787699665, 0.009999514996944818, 0.012210109699472999, 0.0009999514996944818], [0.9160872030433939, 0.049347967571983106, 0.013568602683644373, 0.009998203190942318, 0.009998203190942318, 0.0009998203190942317], [0.9022061091535961, 0.06897574015388244, 0.0066403717348208725, 0.009999500154447248, 0.011178328787808616, 0.0009999500154447248], [0.9074097629090678, 0.06463307406064533, 0.006960069726947366, 0.009998615858733167, 0.009998615858733167, 0.0009998615858733165], [0.8999774960851158, 0.07391028936284613, 0.0031452905284518316, 0.00999967790248817, 0.011967278330849337, 0.000999967790248817], [0.8631260093200269, 0.10041129711724331, 0.005757273629601708, 0.010193064394920815, 0.019512356416991984, 0.0009999991212154167], [0.8393457431617373, 0.11887559337800563, 0.00682415435952449, 0.010807465641014959, 0.0231470443399539, 0.0009999991197637813], [0.8646716492475239, 0.09873455706027112, 0.006015901388265393, 0.009999866894190102, 0.019578038720330402, 0.0009999866894190102], [0.8994206254454293, 0.07237527664739841, 0.005072909602938223, 0.009999614355421387, 0.012131612513270416, 0.0009999614355421388], [0.9179875686650548, 0.057141717288125816, 0.003875564046734793, 0.009997690476230732, 0.009997690476230732, 0.0009997690476230732], [0.9159734269422449, 0.06036719565600159, 0.0026644812557123816, 0.009997569593352885, 0.009997569593352885, 0.0009997569593352886], [0.042331009432232454, 0.08699615716134432, 0.0049914734474302185, 0.009999726513209425, 0.8546816607944628, 0.0009999726513209425], [0.06328664355339757, 0.12665856347939378, 0.008030108330315899, 0.013166453841617852, 0.7878582316747582, 0.0009999991205167046], [0.8111142168601129, 0.13806393701534184, 0.007609665183848823, 0.015404930706960997, 0.026807251113508734, 0.0009999991202268201], [0.7683842573281653, 0.16281882659315455, 0.007981406738173467, 0.018918008631337854, 0.04089750159107471, 0.0009999991180943096], [0.7773207735778622, 0.17265220078190852, 0.006844254106753766, 0.015709288277964594, 0.02647348413732706, 0.0009999991181839883], [0.7255298023024725, 0.19791408314323444, 0.007378679030737956, 0.02354774973051147, 0.04462968667724885, 0.0009999991157947786], [0.6855779073414463, 0.2128403889786377, 0.009166246690858212, 0.02408889495064134, 0.06732656292472819, 0.0009999991136881593], [0.10016330076818414, 0.20835477812686964, 0.009793565116665166, 0.02450655090764354, 0.656181805960682, 0.0009999991199555855], [0.7832646551603025, 0.07425050306261353, 0.09875793800787294, 0.016103272787287702, 0.026623631863283276, 0.0009999991186399756], [0.9680309752298298, 0.009990320240678172, 0.0009990320240678171, 0.009990320240678172, 0.009990320240678172, 0.0009990320240678171]], [[0.9680315788022757, 0.009990131624288868, 0.000999013162428887, 0.009990131624288868, 0.009990131624288868, 0.000999013162428887], [0.9573774890163229, 0.011500685929126288, 0.010130291578251913, 0.00999596832204707, 0.00999596832204707, 0.000999596832204707], [0.9631776456880148, 0.01359042308317597, 0.0022401364345898725, 0.009996092759152125, 0.009996092759152125, 0.0009996092759152124], [0.9618014916697851, 0.015252295876593542, 0.0019525871862471882, 0.00999696441303531, 0.00999696441303531, 0.000999696441303531], [0.015012432961549041, 0.04247073099834529, 0.0032083370896470982, 0.009999360452244185, 0.9283092024529901, 0.0009999360452244185], [0.931825941341431, 0.04508821694116171, 0.002092041146190235, 0.009997047891055787, 0.009997047891055787, 0.0009997047891055785], [0.9213214093001442, 0.05375459514587676, 0.00392792178776113, 0.009998130364865698, 0.009998130364865698, 0.0009998130364865698], [0.03827605320009432, 0.06978867925535917, 0.007595764289280094, 0.009999695342241996, 0.8733398383788004, 0.0009999695342241997], [0.8599205415047129, 0.09954533946571556, 0.005808703957726874, 0.010843781008885953, 0.022881634943291863, 0.0009999991196668863], [0.8030873530999953, 0.14302077182244696, 0.005838873636486561, 0.016652547104601404, 0.030400455216864342, 0.0009999991196054223], [0.10914126595206791, 0.1940533468721724, 0.007624401757049833, 0.02367833401249551, 0.6645026522868447, 0.0009999991193698136], [0.7004816248053858, 0.19906298337905426, 0.00724295518708108, 0.02356710125351329, 0.0686453362613012, 0.0009999991136646251], [0.7421460489576055, 0.18088445828994962, 0.006408116896146981, 0.02315261734039785, 0.04640875939884272, 0.0009999991170574812], [0.8012189054756834, 0.1434131021926669, 0.006048000167981113, 0.01702568745169023, 0.03129430559129391, 0.0009999991206844298], [0.7413007801292635, 0.1809159427731274, 0.0064441428067018676, 0.023380076390527953, 0.04695905878194869, 0.0009999991184306799], [0.7004875576379743, 0.19906466937239534, 0.007225684694840313, 0.023515060068761813, 0.06870702911236276, 0.0009999991136655792], [0.10950706922320567, 0.2042831042879759, 0.005925230683834905, 0.02360364077754211, 0.6556809559081694, 0.0009999991192720437], [0.792007825116736, 0.15436944123958363, 0.005164395819457568, 0.016996102069351506, 0.030462236636856554, 0.0009999991180149428], [0.8599772385508356, 0.10023490634115988, 0.004532986570646279, 0.01081673791205987, 0.023438131504659333, 0.0009999991206390327], [0.8897513175033794, 0.07855360641701292, 0.0050299993946892755, 0.009999584776953707, 0.015665533430269146, 0.0009999584776953707], [0.8705146603084741, 0.09071417824798876, 0.005485126815309807, 0.009999887309401259, 0.02228615858788594, 0.000999988730940126], [0.009991273405006917, 0.01705227340071513, 0.005851115691349513, 0.009991273405006917, 0.009991273405006917, 0.9471227906929146], [0.867339072485141, 0.09204441621147214, 0.007363302877277976, 0.010072871899012726, 0.022180337408368077, 0.0009999991187281919], [0.009991273394487962, 0.020555263840351872, 0.005084598343324924, 0.009991273394487962, 0.009991273394487962, 0.9443863176328593], [0.8114270010820135, 0.1344564785157869, 0.0068508158358914556, 0.015602250103582514, 0.030663455343659815, 0.0009999991190658391], [0.765143194551715, 0.16459614493752656, 0.006799959696358334, 0.018797610027677044, 0.043663091671363126, 0.0009999991153600066], [0.0704313441005335, 0.1532546466961369, 0.008385255728192542, 0.0165470519810947, 0.7503817023740168, 0.0009999991200256482], [0.8273020149384329, 0.12136795298353441, 0.011457629010835118, 0.012477046863659703, 0.026395357084646225, 0.0009999991188916718], [0.8889930067897578, 0.07897657688134488, 0.005877190798205545, 0.009999712122732311, 0.015153542195686341, 0.0009999712122732312], [0.036798531952016635, 0.07182727674601908, 0.006092216494234423, 0.009999698898641631, 0.8742823060192242, 0.0009999698898641631], [0.8546272088834416, 0.10320546089375941, 0.007885424125381117, 0.010881385575246084, 0.02240052140417923, 0.0009999991179926084], [0.802655630914273, 0.14294388698547805, 0.006527743006930174, 0.016643595059713537, 0.030229144914063595, 0.0009999991195416627], [0.7465139214200396, 0.1755580530057177, 0.008099928739939541, 0.022809049158689886, 0.04601904855813192, 0.0009999991174815066], [0.7124491947808521, 0.18529196263651015, 0.00898210492290251, 0.02312364690602422, 0.06915309163813332, 0.0009999991155777005], [0.7373871470000237, 0.18709832245839023, 0.005354738617795352, 0.023031321498912308, 0.04612847130826749, 0.0009999991166111625], [0.13694776838739847, 0.21368191932905214, 0.009806272183359454, 0.02545235612814873, 0.6131116848548788, 0.0009999991171625688], [0.4287334733173535, 0.3070524247643151, 0.0063363164015640735, 0.029284384663936392, 0.22759340173486642, 0.0009999991179645647], [0.6854693604328166, 0.21410976785848404, 0.00778898608960182, 0.023878756598502193, 0.06775312990653924, 0.0009999991140562177], [0.736715028307312, 0.07617750113749616, 0.12743433833716505, 0.019455040440000928, 0.03921809266534742, 0.0009999991126784214], [0.9669183228525206, 0.009991213424103737, 0.0021089155327579535, 0.009991213424103737, 0.009991213424103737, 0.0009991213424103737]], [[0.9680315788022757, 0.009990131624288868, 0.000999013162428887, 0.009990131624288868, 0.009990131624288868, 0.000999013162428887], [0.9590536554150508, 0.009986913313402245, 0.009986913313402245, 0.009986913313402245, 0.009986913313402245, 0.0009986913313402245], [0.964336406544347, 0.012428966171159397, 0.002242831453961291, 0.009996093252634418, 0.009996093252634418, 0.0009996093252634419], [0.9540605743798809, 0.022239365730463256, 0.002706449747420545, 0.009996957210588287, 0.009996957210588287, 0.0009996957210588288], [0.9564281587072527, 0.020634144368455554, 0.0019416785931737218, 0.009998103967199063, 0.009998103967199063, 0.0009998103967199063], [0.9464101939725003, 0.030863340938928993, 0.0017301710773232203, 0.00999823524345122, 0.00999823524345122, 0.000999823524345122], [0.93341345796416, 0.042641486090532324, 0.0029475022648394154, 0.009998835085937291, 0.009998835085937291, 0.0009998835085937292], [0.9259240488807123, 0.04652059891349585, 0.005537038254925531, 0.009999564753926415, 0.011018792721547222, 0.0009999564753926415], [0.8923684040805271, 0.0725599522616796, 0.005194069271129149, 0.009999857952686615, 0.018877730638708796, 0.0009999857952686616], [0.8349775463541336, 0.11474978783062481, 0.004506953622281555, 0.014569854964436994, 0.030195858107411638, 0.0009999991211115775], [0.8024834075633136, 0.13905117511040038, 0.00540571227147916, 0.017730842831678435, 0.03432886310201772, 0.000999999121110636], [0.7615430975565148, 0.16315023059800232, 0.00667920214168445, 0.02086584992156405, 0.04676162066641292, 0.000999999115821342], [0.07826528580996127, 0.1454867768028194, 0.008282554504913275, 0.018181649807335512, 0.7487837339547645, 0.0009999991202061442], [0.8271767958451349, 0.1210522430305116, 0.007046288801113742, 0.014183690615961949, 0.02954098258904745, 0.0009999991182303755], [0.8041229124538607, 0.1383020585070195, 0.004224782478352437, 0.017696053282275356, 0.03465419415635615, 0.0009999991221359007], [0.767944833422501, 0.15932592511490293, 0.0038418600257860264, 0.020928771462578304, 0.04695861085624232, 0.0009999991179895898], [0.07799792237649039, 0.14882994083630735, 0.006360927294673051, 0.018112851478785007, 0.7476983588939892, 0.0009999991197550747], [0.07375696695651751, 0.12715555807794282, 0.005311866298633377, 0.015274897060360454, 0.7775007124865483, 0.0009999991199976534], [0.8803848419290703, 0.08462907479312422, 0.005228271735187206, 0.009999891617290396, 0.018757930763598888, 0.0009999891617290396], [0.8349448655083977, 0.11717916109686939, 0.003667296906237209, 0.01259073245103688, 0.03061794491676007, 0.0009999991206986936], [0.8132551910397726, 0.12757208592212038, 0.00906423350358394, 0.01626159446899486, 0.03284689594628283, 0.0009999991192454528], [0.009986055653046116, 0.009986055653046116, 0.0034692676604406586, 0.009986055653046116, 0.009986055653046116, 0.9565865097273749], [0.8183812033161563, 0.1253572941822787, 0.005492906642618205, 0.015983281007642552, 0.033785315731483016, 0.0009999991198212472], [0.8171689127167332, 0.12758108910027505, 0.0033104560972058504, 0.016236111709689104, 0.034703431254887854, 0.0009999991212089432], [0.00999319360257527, 0.014074565583710402, 0.002561079755980647, 0.00999319360257527, 0.00999319360257527, 0.9533847738525831], [0.1514492293685327, 0.17380912629454057, 0.001817002291662178, 0.024138329881099197, 0.6477863130431498, 0.000999999121015542], [0.7588519220676421, 0.1641988952963534, 0.006327745017446108, 0.021436501437729433, 0.048184937064068165, 0.000999999116760751], [0.8103152116525254, 0.13335679579691476, 0.0048687255159820175, 0.016048348976603337, 0.03441091893653556, 0.0009999991214388762], [0.8393654548908619, 0.11212222843616793, 0.005446409292295481, 0.012245010187718695, 0.02982089807308209, 0.0009999991198739934], [0.8569629035655763, 0.09713576640027213, 0.007363614450685038, 0.011642555092625958, 0.02589516137150139, 0.000999999119339147], [0.8410908117099435, 0.10924972961207788, 0.006478768226024449, 0.013127532202405343, 0.029053159130215042, 0.0009999991193339866], [0.7733789839993565, 0.15145347480403887, 0.005875675075731383, 0.02114029944004679, 0.047151567561799314, 0.0009999991190274187], [0.7204667962179757, 0.1759807506216811, 0.008042005760801513, 0.023883014282925236, 0.07062743399972995, 0.000999999116886458], [0.4473131213489971, 0.2687849617518977, 0.009863975682981104, 0.030047228661725628, 0.24299071343426537, 0.0009999991201332429], [0.7149681602321399, 0.18134205312252766, 0.007198787621867555, 0.024336763076599297, 0.07115423683116406, 0.0009999991157015914], [0.7286409002643394, 0.1920891600032448, 0.006510939872809019, 0.024282048845563172, 0.047476951899649726, 0.0009999991143938597], [0.6850699123405128, 0.21400323923020143, 0.006080946874894399, 0.023992816737741656, 0.06985308570264982, 0.0009999991139999673], [0.10476385289667373, 0.22070483529170623, 0.00679338323892654, 0.024149348710448958, 0.6425885807422005, 0.0009999991200441087], [0.0687909847897605, 0.08603680771031394, 0.09993518348193876, 0.017670718711136905, 0.7265663061881654, 0.0009999991186846683], [0.9589751660803454, 0.012424316935955073, 0.007608961864726403, 0.009995978628082514, 0.009995978628082514, 0.0009995978628082513]], [[0.9680315788022757, 0.009990131624288868, 0.000999013162428887, 0.009990131624288868, 0.009990131624288868, 0.000999013162428887], [0.9644847652859044, 0.009991519165390636, 0.004541525301384686, 0.009991519165390636, 0.009991519165390636, 0.0009991519165390636], [0.9566765669886543, 0.0123483781436249, 0.009991953183135739, 0.009991953183135739, 0.009991953183135739, 0.0009991953183135739], [0.9537190285954479, 0.022231404221710376, 0.003056252551564927, 0.009996816491084184, 0.009996816491084184, 0.0009996816491084184], [0.9524406273095175, 0.023424424358235364, 0.0031388739341775855, 0.009998130665747444, 0.009998130665747444, 0.0009998130665747444], [0.9475503756534513, 0.028896167975046932, 0.0025583355064555304, 0.009997676602402927, 0.009997676602402927, 0.0009997676602402927], [0.9430671242666332, 0.03236575628439186, 0.0035720211239421416, 0.00999766586906328, 0.00999766586906328, 0.000999766586906328], [0.9369826411140582, 0.03620445691559623, 0.005815527327439958, 0.009998749829955127, 0.009998749829955127, 0.0009998749829955127], [0.9206008708773021, 0.054176037567925814, 0.004224596654889475, 0.009999283285658314, 0.009999283285658314, 0.0009999283285658314], [0.8935867281378317, 0.07367922792207804, 0.0048394402585786285, 0.00999987429577153, 0.016894741956162942, 0.0009999874295771529], [0.8594390990234223, 0.09735579502434719, 0.006125054578190548, 0.011844458065983866, 0.024235594189872367, 0.0009999991181836637], [0.8411895826989062, 0.11206295477255188, 0.005347145341410605, 0.013184888085921482, 0.027215429984049515, 0.000999999117160349], [0.06987270593935, 0.10258467219645, 0.005890146994289065, 0.01291169688146086, 0.8077407788666597, 0.0009999991217903765], [0.0509305439898114, 0.07972945053787142, 0.004751548090600645, 0.010191933220506296, 0.8533965250377161, 0.0009999991234942995], [0.8668919646757891, 0.09265329371964737, 0.003294793475811259, 0.011474385388651512, 0.024685563619907543, 0.0009999991201932903], [0.8484132607993283, 0.10692912467130618, 0.002511373799753287, 0.013261822520542026, 0.02788441908919318, 0.0009999991198771606], [0.8592601584609866, 0.09934178413432662, 0.004393158935372372, 0.011854059752111769, 0.024150839598924105, 0.000999999118278659], [0.0533279193769819, 0.08254341838654516, 0.0048748109042709735, 0.010431795589144057, 0.8478220566196255, 0.0009999991234323638], [0.8567235793591251, 0.10120394232535278, 0.004404144526632205, 0.01221856819981324, 0.02444976647015549, 0.0009999991189211907], [0.08374506221494306, 0.13426650075271218, 0.006011831824383521, 0.016959518143737324, 0.7580170879442294, 0.000999999119994554], [0.7648679971264032, 0.16112982361999525, 0.004441987064562735, 0.02160069372654673, 0.046959499345150556, 0.0009999991173416792], [0.747200246430401, 0.15244418254241504, 0.002445183000530217, 0.02301369435401421, 0.07389669455368938, 0.0009999991189502439], [0.7694748955503364, 0.15512232520826655, 0.004570672022228616, 0.021846568443438536, 0.04798553965706388, 0.000999999118665964], [0.7836603221790546, 0.14650770631285553, 0.004240097961259547, 0.019491258381231315, 0.045100616048388956, 0.000999999117210282], [0.7369072996566784, 0.16381137618479594, 0.004274664242623241, 0.022637043495703238, 0.07136961730389452, 0.0009999991163047474], [0.47184401807195686, 0.24445193162314302, 0.0009999962533340943, 0.02873762803257531, 0.25296642976565664, 0.0009999962533340943], [0.0237023785922643, 0.029417944502223875, 0.000999666466148114, 0.00999666466148114, 0.00999666466148114, 0.9258866811164014], [0.7985770612091044, 0.13159100734425178, 0.002629172984286532, 0.019829107864725245, 0.046373651477531794, 0.0009999991201002836], [0.7859186273363032, 0.14210087280376252, 0.004531119357952703, 0.019784008601302906, 0.04666537278000291, 0.0009999991206759231], [0.8168200305078379, 0.12767764862857894, 0.006271924882125628, 0.016978317636139776, 0.03125207922474569, 0.0009999991205719386], [0.8402501435784092, 0.11165298189818265, 0.005774345017662921, 0.013909429551088369, 0.0274131008349472, 0.0009999991197096876], [0.8186484553750634, 0.12589104206890606, 0.00507144711602684, 0.017118175740981234, 0.03227088057689211, 0.0009999991221303554], [0.7671616507014019, 0.1548284083051195, 0.007385996277363012, 0.023024110715587475, 0.046599834881953066, 0.000999999118575068], [0.14904216668173542, 0.17395878584328373, 0.00993015571304553, 0.02507463137251228, 0.64099426127053, 0.0009999991188930817], [0.7582311439982462, 0.16120166085500545, 0.006585024841266857, 0.025020742831632657, 0.04796142835682437, 0.0009999991170243803], [0.7881174473649142, 0.15271571293241104, 0.006706346621944739, 0.018949655305475935, 0.03251083865778884, 0.0009999991174652354], [0.11017920838685917, 0.1949599063151313, 0.0056058814215356155, 0.02235286930984299, 0.6659021354479054, 0.0009999991187256262], [0.7638412187249051, 0.19303203463939894, 0.005091029874690637, 0.019201366922254305, 0.017834350713664703, 0.0009999991250863346], [0.06716851286743984, 0.0775700751347364, 0.0754492400207577, 0.015248058493182661, 0.7635641143644034, 0.0009999991194801457], [0.963052623459177, 0.009993466168231092, 0.005967631419306743, 0.009993466168231092, 0.009993466168231092, 0.0009993466168231092]], [[0.9680315788022757, 0.009990131624288868, 0.000999013162428887, 0.009990131624288868, 0.009990131624288868, 0.000999013162428887], [0.9645488944101351, 0.009991521875078188, 0.00447738777712251, 0.009991521875078188, 0.009991521875078188, 0.0009991521875078188], [0.9469505530496428, 0.022074099701974246, 0.00999204749947839, 0.00999204749947839, 0.00999204749947839, 0.000999204749947839], [0.9488097724592048, 0.02646518734194255, 0.0037317436129723227, 0.00999680789803832, 0.00999680789803832, 0.0009996807898038321], [0.02018488198049753, 0.04072667229223631, 0.00407149794093082, 0.009999457135848294, 0.9240175449369024, 0.0009999457135848294], [0.953332533305131, 0.02137743694090818, 0.004295142441883, 0.00999756538670375, 0.00999756538670375, 0.000999756538670375], [0.9575975246195628, 0.016887437273456346, 0.004520091368309497, 0.009997593685081624, 0.009997593685081624, 0.0009997593685081624], [0.9473095100230596, 0.02812352888778391, 0.003571779646741196, 0.009997705448769122, 0.009997705448769122, 0.0009997705448769121], [0.9232745263569251, 0.05075991168675965, 0.004967874942805494, 0.009998898577861789, 0.009998898577861789, 0.0009998898577861788], [0.03411712780119035, 0.058136133131249185, 0.008829238122827867, 0.009999755796460669, 0.8879177695686259, 0.000999975579646067], [0.0479534931940457, 0.06506149565999476, 0.006241586724552946, 0.009999778725253018, 0.8697436678236283, 0.0009999778725253018], [0.05555782076560226, 0.07707206407233642, 0.006118610773715689, 0.010566187782665161, 0.8496853174816438, 0.0009999991240366103], [0.9094907017308416, 0.06014598817192487, 0.0048771461508419775, 0.009999738247960053, 0.014486451873635467, 0.0009999738247960053], [0.9229211640556823, 0.05381232510551731, 0.002268382023845105, 0.009999108959502566, 0.009999108959502566, 0.0009999108959502566], [0.9208822519872656, 0.05084174778305737, 0.002518676254406548, 0.009999652035174247, 0.014757706736578929, 0.0009999652035174247], [0.9020402868333082, 0.06616633975483602, 0.003192505168146597, 0.009999816849994809, 0.01760106970871496, 0.0009999816849994808], [0.07183809087691008, 0.09615072755530424, 0.007066283705306173, 0.012911309203543978, 0.8110335895376277, 0.0009999991213078543], [0.8443108790791295, 0.10937417097411455, 0.0045477213217931245, 0.013488857355532494, 0.02727837215150189, 0.0009999991179283363], [0.8407532189181792, 0.11345112452284328, 0.004330413187147961, 0.013455914109024072, 0.027009330145162724, 0.0009999991176427674], [0.12432037340358351, 0.15276381149647836, 0.003915537757586381, 0.02204608902631514, 0.6959541891966017, 0.0009999991194350854], [0.7298434978307278, 0.16984368272766603, 0.004141950894281023, 0.02344780553396539, 0.07172306389797939, 0.0009999991153804874], [0.46487284671616524, 0.25448536302395774, 0.002272679135578859, 0.029325340414502462, 0.24804377158958169, 0.0009999991202141337], [0.7336043174721003, 0.1658409740665263, 0.004541711205123773, 0.023316166243053115, 0.07169683189785792, 0.0009999991153386535], [0.12247457626247236, 0.15343934776134568, 0.002105861577963055, 0.02122047721448433, 0.6997597380637484, 0.000999999119986389], [0.12372075551462994, 0.1642207594977472, 0.005997177935899567, 0.023618776750885327, 0.6814425311803508, 0.0009999991204872642], [0.7328383226672673, 0.16746547154460167, 0.004225777068695743, 0.023288896106277168, 0.07118153349777846, 0.000999999115379658], [0.12628398889159573, 0.14605831921886905, 0.005281179025671435, 0.02379146718687158, 0.6975850465551859, 0.0009999991218062963], [0.7685231558907617, 0.15650738832243993, 0.004502079111369942, 0.022434911027204383, 0.04703246653107839, 0.000999999117145581], [0.7368789307681247, 0.16218798106462806, 0.0032265114080954646, 0.023789915777585366, 0.07291666186428251, 0.0009999991172839797], [0.12251715593350708, 0.16362315554976076, 0.006295341295878222, 0.024090051814089432, 0.6824742962859917, 0.0009999991207729022], [0.08403330928079687, 0.12810063474902048, 0.006825492841249264, 0.017770446388292248, 0.7622701176205714, 0.0009999991200696974], [0.8447245716425056, 0.10775428703272269, 0.004886255827740233, 0.013864098385803407, 0.027770787991049657, 0.0009999991201786625], [0.8208854487014297, 0.12454301274398728, 0.004489376731047313, 0.017174916445174625, 0.031907246257164255, 0.0009999991211968435], [0.7874677308921638, 0.14024840811292594, 0.00568240939450932, 0.02059524286893381, 0.04500620961267655, 0.0009999991187905168], [0.8147132585901649, 0.13052672634090323, 0.003471270936130604, 0.01789679787817402, 0.03239194713318897, 0.0009999991214385436], [0.07317328794451684, 0.13314613985923637, 0.006806928562692124, 0.014997913391204702, 0.7708757311233523, 0.0009999991189976643], [0.07685565421079524, 0.13165419825757282, 0.00618853549371527, 0.014128231492218056, 0.7701733814256367, 0.000999999120061819], [0.06424927259625171, 0.12283087886927306, 0.0012862739001852743, 0.011510438493776936, 0.799123137018413, 0.000999999122100151], [0.8759985540577588, 0.05057228628808601, 0.050433300426056954, 0.009999705684852108, 0.011996182974760924, 0.0009999705684852107], [0.9630014248095793, 0.009991571408585531, 0.006024703823805548, 0.009991571408585531, 0.009991571408585531, 0.0009991571408585532]], [[0.9680315788022757, 0.009990131624288868, 0.000999013162428887, 0.009990131624288868, 0.009990131624288868, 0.000999013162428887], [0.9581653900897672, 0.010858396586449616, 0.009992326878639777, 0.009992326878639777, 0.009992326878639777, 0.0009992326878639777], [0.9519864176850097, 0.024446559876731257, 0.002575544740478916, 0.009995941760847721, 0.009995941760847721, 0.0009995941760847721], [0.9445699505169718, 0.024450366394004393, 0.009993446157749669, 0.009993446157749669, 0.009993446157749669, 0.000999344615774967], [0.9496001989966367, 0.025371987847468313, 0.00403163044186371, 0.009998182244776846, 0.009998182244776846, 0.0009998182244776847], [0.9511231139920022, 0.02440023900998915, 0.003481531766044229, 0.009997673919983052, 0.009997673919983052, 0.0009997673919983053], [0.9424159252756631, 0.03317872602760525, 0.003410102248213894, 0.009997736404056054, 0.009997736404056054, 0.0009997736404056055], [0.9392259288374061, 0.03521891715861485, 0.00455978283150256, 0.009997795796417408, 0.009997795796417408, 0.000999779579641741], [0.9355647059376123, 0.04058374856839153, 0.0028552588036645315, 0.009998231757300831, 0.009998231757300831, 0.0009998231757300832], [0.9205796661418088, 0.05477955270494006, 0.0036435075382167652, 0.009998701721445007, 0.009998701721445007, 0.0009998701721445006], [0.9105728916565733, 0.06278142414468085, 0.003463287106685286, 0.00999966028934842, 0.012182770773777279, 0.000999966028934842], [0.9124060885097777, 0.062938280212232, 0.0036575637590738935, 0.009999079770912645, 0.009999079770912645, 0.0009999079770912644], [0.917540455820748, 0.05736162936465018, 0.004100054580891113, 0.00999898106367176, 0.00999898106367176, 0.0009998981063671759], [0.9277504283624834, 0.0492325009384351, 0.002019072627198, 0.009999046700896899, 0.009999046700896899, 0.00099990467008969], [0.9072913896876028, 0.06049841565322141, 0.003939147377296851, 0.009999814969558776, 0.017271250815364337, 0.0009999814969558775], [0.8499583236668597, 0.10342602599490802, 0.004316680864840514, 0.013597390962053672, 0.02770157939042575, 0.0009999991209122957], [0.822080951446768, 0.12428944454948042, 0.004052125258138023, 0.01712888409759077, 0.03144859552714662, 0.0009999991208763175], [0.7844218743010685, 0.1443820959700498, 0.004000441004107168, 0.021034545396515954, 0.045161044210476134, 0.0009999991177827095], [0.0888898741359053, 0.13104906874882657, 0.003670090894628284, 0.01835803776475253, 0.7570329293358049, 0.0009999991200823663], [0.08845440123612162, 0.13076809489515753, 0.004984013389687437, 0.019845661517837003, 0.7549478298416381, 0.0009999991195582512], [0.7660375113736191, 0.15814773745250962, 0.004391344448145782, 0.02340600243091512, 0.047017405177314106, 0.0009999991174964187], [0.7319982012583338, 0.16631759607119662, 0.004147992429679393, 0.024433750317478384, 0.07210246080762371, 0.000999999115688118], [0.12658071261513662, 0.1680994477754553, 0.00458349265021557, 0.024352293413646448, 0.675384054425345, 0.0009999991202012575], [0.8129695720497734, 0.12970999897092864, 0.0037108926708707616, 0.01946595606692751, 0.033143581121754015, 0.000999999119745922], [0.8191912874945979, 0.12639792408109077, 0.0017462437015855006, 0.0181686640424911, 0.03349588155846689, 0.00099999912176806