[[[0.9680255372444069, 0.009992019611122886, 0.0009992019611122886, 0.009992019611122886, 0.009992019611122886, 0.0009992019611122886], [0.9673659683695917, 0.009990729256060439, 0.0016627709366210657, 0.009990729256060439, 0.009990729256060439, 0.0009990729256060438], [0.96802894474822, 0.009990954766181243, 0.0009990954766181243, 0.009990954766181243, 0.009990954766181243, 0.0009990954766181243], [0.9680315788022757, 0.009990131624288868, 0.000999013162428887, 0.009990131624288868, 0.009990131624288868, 0.000999013162428887], [0.9644541798442458, 0.009992829180947915, 0.004568049694815701, 0.009992829180947915, 0.009992829180947915, 0.0009992829180947916], [0.9644390570337015, 0.009992789818061192, 0.004583294530308822, 0.009992789818061192, 0.009992789818061192, 0.0009992789818061192], [0.962627356444336, 0.009995802276126682, 0.0018230632372826928, 0.009995802276126682, 0.014558395538515425, 0.0009995802276126682], [0.9666186183267144, 0.009991206290428838, 0.002408642172956131, 0.009991206290428838, 0.009991206290428838, 0.0009991206290428838], [0.9680301348090706, 0.009990582872165456, 0.0009990582872165456, 0.009990582872165456, 0.009990582872165456, 0.0009990582872165456], [0.9680315788022757, 0.009990131624288868, 0.000999013162428887, 0.009990131624288868, 0.009990131624288868, 0.000999013162428887], [0.9680315788022757, 0.009990131624288868, 0.000999013162428887, 0.009990131624288868, 0.009990131624288868, 0.000999013162428887], [0.9680315788022757, 0.009990131624288868, 0.000999013162428887, 0.009990131624288868, 0.009990131624288868, 0.000999013162428887], [0.9680315788022757, 0.009990131624288868, 0.000999013162428887, 0.009990131624288868, 0.009990131624288868, 0.000999013162428887], [0.9680315788022757, 0.009990131624288868, 0.000999013162428887, 0.009990131624288868, 0.009990131624288868, 0.000999013162428887], [0.9680315788022757, 0.009990131624288868, 0.000999013162428887, 0.009990131624288868, 0.009990131624288868, 0.000999013162428887], [0.9680315788022757, 0.009990131624288868, 0.000999013162428887, 0.009990131624288868, 0.009990131624288868, 0.000999013162428887], [0.9680315788022757, 0.009990131624288868, 0.000999013162428887, 0.009990131624288868, 0.009990131624288868, 0.000999013162428887], [0.9680315788022757, 0.009990131624288868, 0.000999013162428887, 0.009990131624288868, 0.009990131624288868, 0.000999013162428887], [0.9680315788022757, 0.009990131624288868, 0.000999013162428887, 0.009990131624288868, 0.009990131624288868, 0.000999013162428887], [0.9680315785330824, 0.009990131708411752, 0.0009990131708411752, 0.009990131708411752, 0.009990131708411752, 0.0009990131708411752], [0.9660735809053549, 0.009992705914177242, 0.0029490307606957014, 0.009992705914177242, 0.009992705914177242, 0.0009992705914177243], [0.9620143617202459, 0.011528602020029447, 0.005463684635311166, 0.009996834106863584, 0.009996834106863584, 0.0009996834106863583], [0.9680255944681594, 0.009992001728700205, 0.0009992001728700206, 0.009992001728700205, 0.009992001728700205, 0.0009992001728700206], [0.9613318179436917, 0.012228511421730398, 0.005445079482142498, 0.009997424358302526, 0.009997424358302526, 0.0009997424358302526], [0.9529339147928351, 0.020638155163780234, 0.005434901453154396, 0.009996680281062069, 0.009996680281062069, 0.0009996680281062068], [0.8992819803660641, 0.05593385898832529, 0.016904538095020762, 0.009999734618581058, 0.016879914470150827, 0.0009999734618581057], [0.9492406459820582, 0.023372796813306417, 0.006393184722768137, 0.009996844038984501, 0.009996844038984501, 0.00099968440389845], [0.9577377448526061, 0.009993297110608142, 0.011283034104508694, 0.009993297110608142, 0.009993297110608142, 0.0009993297110608144], [0.9680301003964803, 0.009990593626099907, 0.0009990593626099907, 0.009990593626099907, 0.009990593626099907, 0.0009990593626099907], [0.9680297133294326, 0.00999071458455237, 0.000999071458455237, 0.00999071458455237, 0.00999071458455237, 0.000999071458455237], [0.9680315788022757, 0.009990131624288868, 0.000999013162428887, 0.009990131624288868, 0.009990131624288868, 0.000999013162428887], [0.9680315788022757, 0.009990131624288868, 0.000999013162428887, 0.009990131624288868, 0.009990131624288868, 0.000999013162428887], [0.9680315788022757, 0.009990131624288868, 0.000999013162428887, 0.009990131624288868, 0.009990131624288868, 0.000999013162428887], [0.9680315788022757, 0.009990131624288868, 0.000999013162428887, 0.009990131624288868, 0.009990131624288868, 0.000999013162428887], [0.9641544973043064, 0.009990729212410555, 0.004874242137220891, 0.009990729212410555, 0.009990729212410555, 0.0009990729212410556], [0.9641549818477511, 0.009992051850288218, 0.004869657416355411, 0.009992051850288218, 0.009992051850288218, 0.0009992051850288219], [0.9652854567847652, 0.009991911936268728, 0.0037396162128017804, 0.009991911936268728, 0.009991911936268728, 0.000999191193626873], [0.9652890827978423, 0.009990729166696933, 0.0037396567853973345, 0.009990729166696933, 0.009990729166696933, 0.0009990729166696932], [0.964425536890624, 0.009991650436138259, 0.004600346757347505, 0.009991650436138259, 0.009991650436138259, 0.0009991650436138259], [0.9645350405033117, 0.009990981824835158, 0.004492915839699318, 0.009990981824835158, 0.009990981824835158, 0.0009990981824835158]], [[0.967267955015616, 0.009990729251843156, 0.0017607843036702123, 0.009990729251843156, 0.009990729251843156, 0.0009990729251843156], [0.8988453716430324, 0.03428816631425727, 0.04035324640310373, 0.009999550342379256, 0.0155137102629895, 0.0009999550342379257], [0.8238764844863226, 0.07181967281624525, 0.0663337655612403, 0.009999882127841588, 0.026970206795566172, 0.0009999882127841588], [0.7626386993031269, 0.09676843844822915, 0.09027295190125992, 0.01338170385034513, 0.03593820738170861, 0.0009999991153303237], [0.11749600225501158, 0.11642525799575866, 0.12789813164671932, 0.019916515258337604, 0.617264093728382, 0.0009999991157908573], [0.08887524871567015, 0.09148023661018283, 0.08902331285059532, 0.014101877331188856, 0.715519325376566, 0.0009999991157969381], [0.81218113903158, 0.07649480054195193, 0.06727241559927116, 0.01223998353021936, 0.030811662177962842, 0.0009999991190147866], [0.07682578745175278, 0.05006656505242853, 0.05838765227625438, 0.010590585994413702, 0.8031294101085139, 0.0009999991166366583], [0.08669801093836854, 0.0627316460452572, 0.058540346787045464, 0.010647327716303518, 0.780382669396942, 0.0009999991160834112], [0.8550682462591047, 0.05259472334570013, 0.057540905742602066, 0.009999805602460691, 0.02379633848988628, 0.000999980560246069], [0.903183064056217, 0.03789026907363042, 0.032121263249734286, 0.00999952334014927, 0.015805927946254326, 0.000999952334014927], [0.9345444287407157, 0.020405337412292293, 0.024053721127935013, 0.009998339390027098, 0.009998339390027098, 0.0009998339390027097], [0.9398079286665125, 0.02305640446143294, 0.01613931972092143, 0.009998260548158638, 0.009998260548158638, 0.0009998260548158638], [0.9485111277042848, 0.009995479094491142, 0.02050288710279274, 0.009995479094491142, 0.009995479094491142, 0.0009995479094491143], [0.9493345881252454, 0.009994670560813627, 0.01968193313623237, 0.009994670560813627, 0.009994670560813627, 0.0009994670560813628], [0.9582158422165196, 0.009996312414118587, 0.010536249212198765, 0.009996312414118587, 0.010255652501632774, 0.0009996312414118586], [0.9525342459464426, 0.00999798202691727, 0.016208759244876626, 0.00999798202691727, 0.010261232552154493, 0.000999798202691727], [0.040535983248618415, 0.01681408603283029, 0.02441703826716419, 0.009999297864327163, 0.9072336648006274, 0.0009999297864327164], [0.9142224154429696, 0.029537399440047987, 0.0326905667141924, 0.009999398071892164, 0.012550280523708896, 0.0009999398071892163], [0.061955511908835144, 0.04164181055297576, 0.040896923212728316, 0.009999695164817902, 0.8445060896441613, 0.0009999695164817901], [0.08626645076807213, 0.0711107437406793, 0.0664669962301098, 0.011481017504449182, 0.7636747926420706, 0.0009999991146190127], [0.08977298871904792, 0.09103720039122955, 0.0847807077627134, 0.014889527773256356, 0.7185195762381622, 0.000999999115590685], [0.6864497909751456, 0.11232206286667469, 0.12777455443903962, 0.019527761142843828, 0.052925831459865146, 0.0009999991164310585], [0.7655913233552383, 0.09629583654093889, 0.08195111178482306, 0.013949507412261399, 0.04121222179085206, 0.00099999911588658], [0.5869748523601065, 0.1576429528958625, 0.18135097075875728, 0.022383010984080014, 0.050648213894020334, 0.000999999107173312], [0.1432790438762344, 0.18660865356124007, 0.17800250418849342, 0.022845838594841347, 0.46826396067299897, 0.0009999991061918282], [0.586906243531904, 0.15762452672610566, 0.1813272874121447, 0.022499649368666046, 0.05064229385401888, 0.0009999991071609022], [0.11728526913903034, 0.110959183546352, 0.13099518067519267, 0.019009157746166315, 0.620751209781169, 0.000999999112089771], [0.7771193871133592, 0.0934563526317432, 0.08220168662025579, 0.012230642066243198, 0.03399193245169939, 0.0009999991166992348], [0.8260477721169737, 0.07065999784304959, 0.06421324971024271, 0.00999985419020144, 0.02807914072051242, 0.000999985419020144], [0.058814835275924494, 0.03738794964881762, 0.04310553841651403, 0.00999955880427807, 0.8496921619740381, 0.000999955880427807], [0.9054005827255379, 0.03249772826812064, 0.03535978353197401, 0.009999524676405906, 0.015742428330320815, 0.0009999524676405907], [0.9152529868793409, 0.02749460083921738, 0.03398348951457763, 0.009999391723534604, 0.012269591870975977, 0.0009999391723534603], [0.9121194783593587, 0.02850347382911016, 0.03592828204372958, 0.009999499101160342, 0.012449316756525263, 0.0009999499101160342], [0.059768210239512835, 0.04023511922444556, 0.04213103315055131, 0.009999698228507197, 0.8468659693341324, 0.0009999698228507197], [0.0533673655123312, 0.031026751846800153, 0.03899399959362445, 0.009999563331466175, 0.8656123633826314, 0.0009999563331466175], [0.04143802431527293, 0.02548473521986757, 0.03489285216580365, 0.009999513674191824, 0.8871849232574448, 0.0009999513674191823], [0.042105817313387355, 0.019801844043733353, 0.02940712171438113, 0.009999467224527867, 0.8976858029815177, 0.0009999467224527867], [0.0384856672106292, 0.019224230063717415, 0.0376053024618495, 0.009999270403351045, 0.8936856028201177, 0.0009999270403351045], [0.9680314161598051, 0.009990182450060912, 0.0009990182450060913, 0.009990182450060912, 0.009990182450060912, 0.0009990182450060913]], [[0.96792014470839, 0.009990729279905344, 0.0011085945239034003, 0.009990729279905344, 0.009990729279905344, 0.0009990729279905344], [0.8552885971733548, 0.04918287462104082, 0.061979247142241754, 0.0099997990555584, 0.022549502102248296, 0.0009999799055558402], [0.09019744904901715, 0.14665311745575096, 0.019121610451169415, 0.013445179202723716, 0.7295826447223406, 0.0009999991189983055], [0.6278234119434222, 0.28948900834780805, 0.009734301866740127, 0.023483292677960958, 0.04846998604718884, 0.0009999991168798074], [0.5819637839436347, 0.3173216686142602, 0.005857909437130294, 0.024216520265554806, 0.06964011862380315, 0.0009999991156171035], [0.11603244756768494, 0.3003017738144342, 0.012310765432611727, 0.025386299852247284, 0.5449687142119626, 0.0009999991210593395], [0.09391488290693972, 0.1510966040813979, 0.007193957165194201, 0.014977110390570527, 0.7318174463371412, 0.0009999991187565674], [0.7874127510138431, 0.15256024558054815, 0.004965916984387356, 0.013779489235205857, 0.0402815980662458, 0.0009999991197697379], [0.11951922597280931, 0.20760415188563028, 0.011012130100074747, 0.020426658857058855, 0.6404378340668062, 0.000999999117620554], [0.8077461930946965, 0.13454169426967452, 0.0077802312845780906, 0.013229694198102753, 0.03570218803152362, 0.0009999991214247577], [0.8526989711833981, 0.09848530829490768, 0.008921832459730219, 0.009999815614621039, 0.028894090885880908, 0.0009999815614621039], [0.9176948241840767, 0.035157154708762565, 0.019175467601988943, 0.009999361893525165, 0.016973255422294137, 0.0009999361893525166], [0.946687485965387, 0.01801106717956305, 0.01417021797306271, 0.009999149186872294, 0.010132164776427748, 0.0009999149186872293], [0.9552631009673882, 0.009996087913490865, 0.012374596774740248, 0.009996087913490865, 0.011370517639540789, 0.0009996087913490864], [0.03723198379806205, 0.009997840531368915, 0.01565384571057283, 0.009997840531368915, 0.9261187053754905, 0.0009997840531368915], [0.9579336559056507, 0.009995852257531994, 0.010840072430192001, 0.009995852257531994, 0.010234981923340105, 0.0009995852257531992], [0.9565868608845653, 0.00999691135703344, 0.012188827159024732, 0.00999691135703344, 0.0102307981066397, 0.000999691135703344], [0.9437774226869766, 0.0192669626324799, 0.014035755436955545, 0.00999918548085759, 0.011920755214644713, 0.000999918548085759], [0.9106639383411835, 0.04744718566459981, 0.012634703499350156, 0.009999419517863959, 0.018254811025216193, 0.0009999419517863959], [0.8613692069738832, 0.08914403132463146, 0.008636439716352267, 0.00999982623852646, 0.029850513122754198, 0.0009999826238526461], [0.09713400938313148, 0.14171309222805936, 0.004344038790099743, 0.01434473232417942, 0.7414641281545004, 0.0009999991200298776], [0.12658341781916274, 0.28420265381599735, 0.006285112826154766, 0.025281035775272406, 0.5566477806439107, 0.0009999991195021605], [0.5911301305533012, 0.30431546381892566, 0.0060723731271386345, 0.02424015059625176, 0.07324188278989817, 0.0009999991144847079], [0.12269653845881204, 0.2689451998175882, 0.0146633726069985, 0.02493614226029266, 0.5677587477384232, 0.0009999991178855085], [0.6011276752444382, 0.2947315237250133, 0.009093439482139315, 0.02247397776450664, 0.07157338466855906, 0.000999999115343523], [0.3851837968685768, 0.3519527279125889, 0.016072243374675235, 0.031327988477053564, 0.2144632442500956, 0.0009999991170099988], [0.5535290259128485, 0.33574382731789804, 0.009486505523055832, 0.02501806625380035, 0.07522257587747494, 0.0009999991149223398], [0.601246479706731, 0.29104776341781197, 0.010962689260382984, 0.023430455553494146, 0.07231261294590773, 0.00099999911567226], [0.6563431919229689, 0.2568419566447291, 0.011830327208457144, 0.022777664647388805, 0.05120686045851185, 0.0009999991179443937], [0.8010388370025684, 0.14050064488113753, 0.0095719426495744, 0.012124835791669059, 0.03576374055528358, 0.0009999991197670612], [0.8779364701838066, 0.07281539290631459, 0.01349934563028954, 0.009999585463030647, 0.024749247270255462, 0.0009999585463030646], [0.8571802412162337, 0.08946135043374824, 0.013680423111001618, 0.009999744491609404, 0.028678266298246276, 0.0009999744491609405], [0.868649175227263, 0.08203029296032939, 0.013640315288602165, 0.009999789371782022, 0.02468044821484524, 0.0009999789371782023], [0.07551759119862612, 0.07578998819523457, 0.009423637983915767, 0.009999842006658204, 0.8282689564148995, 0.0009999842006658203], [0.08191011410838467, 0.1051256683692073, 0.007976027585448752, 0.010549708665268739, 0.7934384821523942, 0.0009999991192964095], [0.8390941575411777, 0.11739243832445152, 0.007072392670530199, 0.009999888894177638, 0.025441133680245243, 0.0009999888894177639], [0.06279968981935058, 0.0708578160728086, 0.00850436229521498, 0.009999574078770895, 0.8468386003259779, 0.0009999574078770894], [0.047571898515798676, 0.04421685101341475, 0.0070032799967921664, 0.00999943860163409, 0.8902085880121969, 0.000999943860163409], [0.9188873015280047, 0.022612548172297714, 0.0375027269788287, 0.009998773009937581, 0.009998773009937581, 0.000999877300993758], [0.966053731926465, 0.009990729199597988, 0.0029750075547812877, 0.009990729199597988, 0.009990729199597988, 0.0009990729199597988]], [[0.96802894474822, 0.009990954766181243, 0.0009990954766181243, 0.009990954766181243, 0.009990954766181243, 0.0009990954766181243], [0.8371161523384073, 0.06343844080885007, 0.06157957151602332, 0.010097055108412422, 0.026768781110626604, 0.0009999991176802444], [0.11649086173051788, 0.21509575386227445, 0.016231667967258154, 0.019491946186721683, 0.6316897711368094, 0.0009999991164185583], [0.584011435114355, 0.30711549688244355, 0.00939822548021461, 0.02356444717630032, 0.07491039623127786, 0.0009999991154087168], [0.3836342444768364, 0.3638561606556135, 0.014560253127608554, 0.03043446035619869, 0.20651488226771275, 0.0009999991160301127], [0.589793047010062, 0.3037140630144152, 0.006856403101245375, 0.02383668660941853, 0.07479980114994762, 0.0009999991149113362], [0.700228051653382, 0.21668272108731532, 0.008442023681333748, 0.02151222737591762, 0.05213497708356015, 0.0009999991184912135], [0.6340638172209974, 0.276652797704174, 0.004927549272736351, 0.025078120814657746, 0.058277715870872895, 0.0009999991165617228], [0.15633130975736356, 0.29735987755715065, 0.011552757767330007, 0.02433098339678553, 0.5094250724058801, 0.0009999991154900907], [0.6529413059358101, 0.25969254467696384, 0.009644939599159302, 0.023411571241900093, 0.05330963942860835, 0.000999999117558356], [0.8083974029514619, 0.1306512203465164, 0.008450954786561375, 0.01230309282532801, 0.03919732997076147, 0.0009999991193708013], [0.8820808945697594, 0.05702147037570615, 0.01844005524068849, 0.009999552387842026, 0.03145807218721991, 0.0009999552387842026], [0.9330586501149357, 0.021581870715473163, 0.014081515953301134, 0.009999230630756068, 0.020278809522458304, 0.0009999230630756068], [0.9480389312308859, 0.012859843415946365, 0.012300694364076582, 0.009999176869291396, 0.015801436432870623, 0.0009999176869291396], [0.9541624015944848, 0.009997023918077115, 0.01219153264686536, 0.009997023918077115, 0.01265231553068778, 0.0009997023918077116], [0.04120995365583573, 0.016502396437321265, 0.014472318400553186, 0.009999178235088991, 0.9168162354476919, 0.000999917823508899], [0.9530660121800609, 0.00999836347624229, 0.012622095639098512, 0.00999836347624229, 0.013315328880731682, 0.000999836347624229], [0.9319887053422043, 0.027849927320322473, 0.012141985380850515, 0.00999931568763543, 0.017020134700223653, 0.000999931568763543], [0.8923451021959037, 0.05938125434224073, 0.012049236840951659, 0.009999516981653326, 0.02522493794108524, 0.0009999516981653326], [0.8410314899594942, 0.10131171357567693, 0.007835785760840553, 0.010876004106515508, 0.037945007475835534, 0.000999999121637205], [0.12348875951860369, 0.20304000872642325, 0.00584192806755933, 0.02126124623567395, 0.645368058334068, 0.0009999991176717802], [0.5950482131373509, 0.29599383607291274, 0.005130210807005603, 0.02431981590202296, 0.07850792496476172, 0.0009999991159462033], [0.39320752008609927, 0.3422096690439079, 0.01303358441629969, 0.032347912432096136, 0.21820131490290615, 0.0009999991186909563], [0.15770371708757452, 0.29261013193576235, 0.013462004426868311, 0.024321843896179845, 0.5109023035382758, 0.0009999991153392708], [0.6449444926766322, 0.26516832174934823, 0.009511704570061489, 0.023601120038802072, 0.055774361848124246, 0.000999999117031825], [0.5994791021278647, 0.2895138804546938, 0.009554110835205317, 0.02327569018572316, 0.0771772172827434, 0.0009999991137697264], [0.5628163184422522, 0.323184699976731, 0.00898569325737904, 0.024968795567540645, 0.07904449364338159, 0.0009999991127155096], [0.3859038196600241, 0.3512199485615022, 0.015228038457635252, 0.03136461631469797, 0.21528357788895935, 0.0009999991171810783], [0.15736128893307583, 0.28913864555554514, 0.017696458582892892, 0.02370744625932117, 0.5110961615539799, 0.0009999991151852222], [0.7044896236418811, 0.20910958438420515, 0.009902081703472341, 0.0202520582917574, 0.05524665286059429, 0.000999999118089579], [0.7986230551250252, 0.13927009501347154, 0.010364253406746703, 0.011842189640939206, 0.03890040769458797, 0.000999999119229537], [0.7061790323665607, 0.21015806009551857, 0.010950285355788096, 0.020036068128455094, 0.05167655493582858, 0.0009999991178492567], [0.7882660065428578, 0.1451669500592822, 0.0067139302011952106, 0.015198557254729832, 0.0436545568212522, 0.0009999991206828603], [0.09079240180919766, 0.14020722589920687, 0.00927643624111359, 0.015570139253491365, 0.7431537976771221, 0.0009999991198684722], [0.7029576958982088, 0.2141476278615641, 0.007984458158169182, 0.021318523282207055, 0.05259169568002292, 0.0009999991198279274], [0.7898223494402868, 0.14714847360998956, 0.006725520420559736, 0.014725357702968518, 0.04057829970526875, 0.0009999991209267234], [0.08347588567024226, 0.10836733665608769, 0.008386274152494703, 0.012097497366955121, 0.7866730070348685, 0.000999999119351886], [0.8917517286994214, 0.07013904332589332, 0.009676726551953974, 0.00999959811070505, 0.01743294350095562, 0.000999959811070505], [0.9114991622455526, 0.029933019101431927, 0.037570759410165355, 0.009998599639452406, 0.009998599639452406, 0.0009998599639452405], [0.9625471956599115, 0.009990729048719968, 0.006481544289056575, 0.009990729048719968, 0.009990729048719968, 0.000999072904871997]], [[0.96792014470839, 0.009990729279905344, 0.0011085945239034003, 0.009990729279905344, 0.009990729279905344, 0.0009990729279905344], [0.8616405833043185, 0.04799990970442406, 0.056818829153525555, 0.009999710593841412, 0.022540996184506515, 0.0009999710593841414], [0.7926761364037921, 0.15200122951726383, 0.009704934583779452, 0.011448010930254856, 0.033169689445763914, 0.0009999991191460172], [0.6446053844274033, 0.2705381657001855, 0.011707649389456617, 0.02229507931319938, 0.0498537220546999, 0.000999999115055265], [0.5383687818962729, 0.34999759651617984, 0.009051789468111358, 0.02617829574997598, 0.0754035372588895, 0.0009999991105703759], [0.5346615478699321, 0.3545196475339605, 0.00901852083398491, 0.026344891114426148, 0.07445539353600204, 0.0009999991116944656], [0.12621970321840917, 0.2640167645868741, 0.010382706992743643, 0.026042435949923146, 0.5723383901320805, 0.0009999991199695672], [0.6025902615543771, 0.2857439109414886, 0.007708153747233486, 0.024506150613838762, 0.07845152402776252, 0.0009999991152994207], [0.400857244942009, 0.33009870320922347, 0.01599620431955413, 0.031607216183374295, 0.22044063222682342, 0.0009999991190157318], [0.6140232163923584, 0.2788583273578262, 0.010324301486642484, 0.022060846056673456, 0.07373330959202508, 0.0009999991144744747], [0.7236442496659946, 0.19247877342850078, 0.009649044857811137, 0.019465974475072333, 0.053761958453493866, 0.0009999991191274582], [0.8690607966910953, 0.06674301274338157, 0.015077783776700588, 0.009999749763752154, 0.03811868204869518, 0.0009999749763752155], [0.9218905319963189, 0.025508430006185225, 0.014840078345895062, 0.009999322484504587, 0.02676170491864573, 0.0009999322484504588], [0.93998904448768, 0.017340131851328936, 0.012937812604059871, 0.00999924055476254, 0.01873384644669244, 0.000999924055476254], [0.9393261001474467, 0.018756281675825565, 0.011808814481487288, 0.009999237556145887, 0.019109642383480074, 0.000999923755614589], [0.9330168595523343, 0.024596811023312487, 0.012380745464750837, 0.009999263010306896, 0.01900639464826483, 0.0009999263010306895], [0.9419741195825163, 0.01863545374050751, 0.008328462331485077, 0.009999326750456948, 0.020062704919988576, 0.0009999326750456947], [0.9300545872795947, 0.027403257391668764, 0.011893123256839807, 0.009999301969371072, 0.019649799905588676, 0.000999930196937107], [0.911883495710101, 0.04408057970093921, 0.007945361457372051, 0.009999478283459682, 0.02509113701978203, 0.0009999478283459682], [0.08382102790933975, 0.07499671540173386, 0.0114830370433787, 0.009999853210912136, 0.8186993811135443, 0.0009999853210912136], [0.7927821586992733, 0.13695631893679316, 0.004604458930402307, 0.014533305783538305, 0.05012375852921316, 0.0009999991207798222], [0.6473937020302105, 0.25913595010305635, 0.007057992965781402, 0.024554390390532893, 0.0608579653937536, 0.0009999991166652498], [0.6082126144531452, 0.284146068712149, 0.007140444609214748, 0.023839057906742137, 0.07566181520425544, 0.000999999114493504], [0.6495059792766095, 0.25964949571178003, 0.008022446592641931, 0.02408728571758685, 0.057734793584538355, 0.0009999991168433918], [0.7971550219889091, 0.13575014364291532, 0.005822704369649949, 0.014172760733260355, 0.04609937014558607, 0.0009999991196791604], [0.7214343365209779, 0.19532977518113454, 0.008718285065925667, 0.019106984817960408, 0.054410619294777286, 0.000999999119224331], [0.6562079514307695, 0.25431230934991794, 0.009822787432919622, 0.022648267396576317, 0.05600868527259696, 0.0009999991172196005], [0.607846535266621, 0.283879089895632, 0.008114041456460885, 0.02319174973861276, 0.075968584526956, 0.0009999991157173041], [0.12708599240644305, 0.2582444520858649, 0.016160543933314155, 0.02462645106389357, 0.5728825613917294, 0.0009999991187549261], [0.7892993592920456, 0.13892498002263926, 0.007639787642796515, 0.014179481340437235, 0.04895639258276411, 0.000999999119317416], [0.6436829536775883, 0.25908547416470307, 0.01572895574406289, 0.023792206289817115, 0.05671041100785222, 0.0009999991159766641], [0.16067015156265713, 0.2852109913887912, 0.01616114233297311, 0.024467548513042812, 0.5124901670860986, 0.0009999991164372317], [0.6395463819864943, 0.26061326125300693, 0.012895784191699677, 0.02514621978324216, 0.06079835366834064, 0.0009999991172164229], [0.13071644609364147, 0.263374229376254, 0.01615471040802369, 0.026090958437593462, 0.5626636565639491, 0.0009999991205384838], [0.5981355414118906, 0.28405349354492476, 0.015284107139632871, 0.024292310007527813, 0.07723454877963336, 0.0009999991163906598], [0.6316953588565293, 0.2721273426592427, 0.014020750085472438, 0.02482758821787267, 0.05632896106301091, 0.0009999991178719528], [0.08653906503904467, 0.14517690759599255, 0.009543743867986006, 0.015002411395209914, 0.7427378729810842, 0.000999999120682667], [0.8704175460714424, 0.08541461352234693, 0.008498885155546993, 0.00999973449806215, 0.024669247302795322, 0.000999973449806215], [0.9083133761961268, 0.029014092804803573, 0.03946195864291927, 0.009999390557066326, 0.01221124274337737, 0.0009999390557066327], [0.9617883629503123, 0.00999072901606918, 0.0072403770998732365, 0.00999072901606918, 0.00999072901606918, 0.000999072901606918]], [[0.9671573125423345, 0.009990729247082468, 0.001871426791709871, 0.009990729247082468, 0.009990729247082468, 0.0009990729247082468], [0.904613334188113, 0.03843605961657625, 0.030424382860831607, 0.00999949141872971, 0.015526782773876658, 0.0009999491418729708], [0.8388615730385715, 0.11452185648017614, 0.008323582498873858, 0.009999742994789123, 0.027293270688110542, 0.0009999742994789124], [0.7104909948296372, 0.210732894133999, 0.011883543806783166, 0.018134910265650114, 0.04775765784714814, 0.0009999991167824508], [0.6020911536602216, 0.28825085320021326, 0.00997087505113944, 0.022491201257009198, 0.076195917717967, 0.000999999113449372], [0.40580968352994834, 0.32487323359275627, 0.020499793977485286, 0.030093811759759222, 0.2177234780237802, 0.0009999991162706946], [0.6103100858901518, 0.2757531140591452, 0.007610608892147816, 0.024423591461887304, 0.08090260058175358, 0.0009999991149143561], [0.6539544964967177, 0.2505800960779359, 0.007580068181856206, 0.024667585559778035, 0.062217754566825705, 0.000999999116886518], [0.6101638427418812, 0.277324969624833, 0.00778944167080779, 0.023296740220127496, 0.0804250066287543, 0.0009999991135963336], [0.6555749776941103, 0.252160163051591, 0.006441815167976336, 0.02437705069456104, 0.06044599427419751, 0.0009999991175637759], [0.7114003021606766, 0.1993042853072016, 0.005936974994688137, 0.02079440944143939, 0.06156402897784761, 0.0009999991181466952], [0.812027211839936, 0.12220759787273525, 0.004854839502700699, 0.01289291477841356, 0.04701743688645897, 0.0009999991197556274], [0.8564216276108446, 0.08629896648967764, 0.004123674514640589, 0.009999872609406183, 0.04215587151449046, 0.0009999872609406184], [0.9114532811181153, 0.03733520244687796, 0.009231470835267564, 0.00999939923448076, 0.03098070644181039, 0.000999939923448076], [0.9265409281630398, 0.030172015238984724, 0.009471333372057132, 0.00999930771908367, 0.02281648473492638, 0.0009999307719083669], [0.06312998961935043, 0.04243981563069378, 0.01100024769946556, 0.009999451545433836, 0.8724305503505132, 0.0009999451545433836], [0.9058400044363184, 0.04577753008889449, 0.00591285102434123, 0.009999473861169542, 0.03147019320315942, 0.0009999473861169543], [0.0640086154656973, 0.044824592881827385, 0.008786378413386855, 0.009999455978810317, 0.8713810116623971, 0.0009999455978810317], [0.9252373806254446, 0.03471454424312562, 0.005073952436960945, 0.00999940818603448, 0.02397477368983096, 0.0009999408186034482], [0.07117881914912152, 0.05423718231489314, 0.005679136030100838, 0.009999558080704515, 0.8579053486171095, 0.0009999558080704516], [0.8372474998890997, 0.10183883002217181, 0.003051826709064138, 0.011545667671111067, 0.045316176586698835, 0.000999999121854432], [0.7988029520599266, 0.12902867295536083, 0.004046675429188084, 0.014219735545586714, 0.05290196489049055, 0.000999999119447248], [0.7198293378107754, 0.1940707405729064, 0.00705187454242488, 0.019906282401656115, 0.058141765553303255, 0.000999999118934008], [0.8167726632092726, 0.1170393556542724, 0.004866397255092427, 0.013085340809919802, 0.04723624395123624, 0.0009999991202065666], [0.8477911608302476, 0.09250873059518393, 0.004872089015381117, 0.010096288663102125, 0.043731731775847535, 0.0009999991202377116], [0.8496926622465928, 0.09082672416490535, 0.005512425350632421, 0.009999896903373582, 0.04296830164415864, 0.0009999896903373582], [0.10455850722694568, 0.12047920209789906, 0.012152715185299224, 0.014079422763188826, 0.7477301536081484, 0.0009999991185188194], [0.7141172620834558, 0.19530725312896355, 0.006086966642433707, 0.021175440775840864, 0.062313078250754515, 0.0009999991185515576], [0.7951275634369481, 0.13046460206130897, 0.005867917500138277, 0.01497512562093765, 0.052564792261495415, 0.0009999991191717626], [0.713946526664449, 0.19327546022434144, 0.007193764124513463, 0.021916228837417607, 0.06266802102966014, 0.0009999991196183585], [0.6066148221428735, 0.27448751550381584, 0.011816783680209867, 0.024528095212913086, 0.08155278434515265, 0.0009999991150351605], [0.40320648491480876, 0.32828859595691845, 0.016965443382435684, 0.031555027691754056, 0.21898444893708655, 0.000999999116996792], [0.16686509142605294, 0.27580798241872645, 0.014013866165681527, 0.02497114244080938, 0.5173419184323143, 0.0009999991164155579], [0.6064255527116664, 0.2738638376078892, 0.013505077134105824, 0.024401154838618246, 0.0808043785929443, 0.0009999991147760553], [0.41011173597155615, 0.3127571233489378, 0.025661411820920327, 0.03177137814781303, 0.21869835159340645, 0.000999999117366315], [0.5899805083330182, 0.29213432898047215, 0.015222978928983003, 0.02403237376474885, 0.07762981087721084, 0.000999999115567107], [0.12104209626785467, 0.20440294058704636, 0.020644513180649717, 0.020733874075092872, 0.6321765767701858, 0.0009999991191706073], [0.08244624582077396, 0.09383439062052078, 0.019248674365215136, 0.010665837787492862, 0.792804852287174, 0.000999999118823194], [0.8992800187882293, 0.03262188137255568, 0.041473528417691884, 0.009999522831899624, 0.015625096306433512, 0.0009999522831899623], [0.9618698666822386, 0.009990729019576096, 0.007158873357075554, 0.009990729019576096, 0.009990729019576096, 0.0009990729019576097]], [[0.9646356776944192, 0.009990729138582443, 0.004393061975975276, 0.009990729138582443, 0.009990729138582443, 0.0009990729138582444], [0.9210909922930783, 0.02748971147162984, 0.02833841119049926, 0.00999935432667612, 0.012081595285449012, 0.000999935432667612], [0.9000592536822918, 0.0534665191068124, 0.011882396408704709, 0.009999618074268971, 0.023592250920495147, 0.0009999618074268972], [0.8156632049247837, 0.12485779871624154, 0.009284886023383093, 0.012336773710764472, 0.03685733750477219, 0.0009999991200550953], [0.653332857713216, 0.2565163616287434, 0.0104983354865265, 0.02357406284711831, 0.05507838320597689, 0.0009999991184190173], [0.6141224558120993, 0.2754892071082294, 0.00780239208471107, 0.02367093961744754, 0.07791500626182532, 0.0009999991156875348], [0.13359812827408318, 0.24904787091415423, 0.01111432438169272, 0.0254515912772919, 0.5797880860333818, 0.0009999991193961346], [0.8006095154716254, 0.12502949852623396, 0.006280241588792326, 0.01444627369983736, 0.05263447159406116, 0.000999999119449897], [0.7185010135685184, 0.19137519138100423, 0.005800382743889753, 0.021099212019319743, 0.062224201168389906, 0.0009999991188780056], [0.13357089528833016, 0.24680209681622758, 0.011452186416961626, 0.025325910395701843, 0.5818489119634459, 0.000999999119333083], [0.16899379621443586, 0.27358385559959525, 0.0068841448707971, 0.024673377394236685, 0.5248648268039433, 0.0009999991169918627], [0.6650430755945217, 0.2439062693346913, 0.005559278803358942, 0.023769690302146332, 0.060721686847246915, 0.000999999118034812], [0.8164908510870004, 0.11777777878438332, 0.003053612211170743, 0.013291418222215572, 0.048386340574557984, 0.0009999991206721308], [0.8780045141858597, 0.062300770674922325, 0.009912789990144714, 0.009999704143242381, 0.038782250591506764, 0.000999970414324238], [0.9007625164019677, 0.047138900369915304, 0.008435065727513298, 0.00999951749501702, 0.032664048256085175, 0.000999951749501702], [0.8741415443030788, 0.06596297620108345, 0.009609988645140347, 0.00999975634109445, 0.03928575887549368, 0.000999975634109445], [0.09484174516416875, 0.07623165491823154, 0.013785711511790864, 0.010510663657573902, 0.8036302256296947, 0.0009999991185402814], [0.8704004775536416, 0.07245988631708694, 0.006107712173582147, 0.009999800358926577, 0.040032143560870107, 0.0009999800358926577], [0.9043666909411792, 0.0501162391646792, 0.0009999424010614297, 0.009999424010614297, 0.03351776108140454, 0.0009999424010614297], [0.07285892393612843, 0.04988574242630865, 0.0009999460085242042, 0.009999460085242043, 0.8652559815352724, 0.0009999460085242042], [0.07280031186305694, 0.05064041897806504, 0.0009999459375058764, 0.009999459375058764, 0.8645599179088075, 0.0009999459375058764], [0.8713003117449987, 0.07083677945244438, 0.006931089812426701, 0.009999797618612685, 0.03993204160965637, 0.0009999797618612685], [0.09776166397985901, 0.08466810534612136, 0.010009092390101082, 0.010994534593698358, 0.7955666045714488, 0.000999999118771411], [0.8208762128344492, 0.11204804297840774, 0.0053510730223478775, 0.01265089373299471, 0.04807377831060365, 0.0009999991211970302], [0.7313973796123988, 0.1827765952566624, 0.007432429009532877, 0.019723966683322346, 0.057669630319077916, 0.000999999119005893], [0.8166555050569386, 0.115749724044919, 0.005059619565989548, 0.01326068682406385, 0.04827446538769368, 0.0009999991203954342], [0.8456309597343925, 0.0934590067175953, 0.005521029420364352, 0.009999855829522019, 0.04438916271517374, 0.0009999855829522018], [0.8075403388147439, 0.12245126091547215, 0.004240665467303469, 0.014578205167099281, 0.050189530515028245, 0.0009999991203529061], [0.6602568815434889, 0.2458012012457595, 0.006356913053699227, 0.024857482138367883, 0.06172752290111976, 0.0009999991175648544], [0.16992880989873785, 0.26979689851348987, 0.010031209049244623, 0.024816592013508106, 0.5244264914083743, 0.0009999991166452582], [0.14075388690472765, 0.27896190128939874, 0.013004065791536573, 0.026137093203425058, 0.5401430536972323, 0.0009999991136796704], [0.6092199434559412, 0.2695421477100668, 0.01073039435119492, 0.02438012304526422, 0.08512739232284475, 0.0009999991146881554], [0.13206353429628823, 0.2482483992866279, 0.014023990934019667, 0.025600624397962565, 0.5790634519668098, 0.0009999991182919664], [0.6470689832857568, 0.2504102058481977, 0.012559020212890737, 0.025223064914309378, 0.06373872662127407, 0.0009999991175715724], [0.6078631220847849, 0.2712989362320706, 0.015017443970617432, 0.02430716906691917, 0.08051332953095207, 0.0009999991146560864], [0.6325171356862253, 0.2676480437311, 0.015451731796743829, 0.024495988674668037, 0.05888710099397414, 0.0009999991172886856], [0.7926366938239573, 0.14350298983720025, 0.009184160342889002, 0.014524603806135216, 0.03915155306911063, 0.0009999991207075808], [0.8717037660679492, 0.07981727265409282, 0.012712061667691437, 0.009999693633266832, 0.02476723661367307, 0.000999969363326683], [0.9120143298939123, 0.0256944026297086, 0.039154671825580904, 0.009999384708695647, 0.012137272471233179, 0.0009999384708695648], [0.9623098643196439, 0.009990729038508157, 0.006718875660980806, 0.009990729038508157, 0.009990729038508157, 0.0009990729038508157]], [[0.9680314533903404, 0.00999017081551867, 0.000999017081551867, 0.00999017081551867, 0.00999017081551867, 0.000999017081551867], [0.9262422247408317, 0.021786794704636684, 0.030975020048019063, 0.00999807643167258, 0.00999807643167258, 0.0009998076431672579], [0.9222575485605219, 0.03838021126660334, 0.012282990112557018, 0.009999411395870244, 0.0160798975248605, 0.0009999411395870245], [0.8420868870845586, 0.10612947290085463, 0.007480885700459549, 0.010422810424927794, 0.03287994476843286, 0.0009999991207666798], [0.09938432616759162, 0.12992734499663303, 0.011477121387423255, 0.0139490105345927, 0.7442621977941185, 0.0009999991196409294], [0.13220539447453722, 0.18767534368358038, 0.01149619506429676, 0.020860630438571136, 0.646762437222318, 0.0009999991166965226], [0.805479298838496, 0.1224218893815473, 0.006765739574242196, 0.014606646652079223, 0.049726426433049684, 0.0009999991205857592], [0.8419421261938143, 0.09621522540324477, 0.0038079486373694916, 0.011519692639516863, 0.04551500800447217, 0.000999999121582538], [0.13120803069968937, 0.1861288005520007, 0.005899364912750088, 0.021276113963862708, 0.6544876907544752, 0.0009999991172219868], [0.6193478296083003, 0.27269439356546404, 0.00326576899371674, 0.02397347976929695, 0.07971852894736137, 0.0009999991158606213], [0.41793316972065414, 0.3143800963337452, 0.009605954386959223, 0.03201220987685933, 0.22506857056152554, 0.0009999991202565394], [0.6187921064936471, 0.27322097982862226, 0.002628837206253963, 0.024277979771343165, 0.08008009758420652, 0.0009999991159268873], [0.13093497985752267, 0.18337746313362938, 0.00729450360068862, 0.02053438094992572, 0.6568586733409137, 0.0009999991173199345], [0.09759187224536636, 0.07860815374821067, 0.011442932388425683, 0.010969078296193842, 0.8003879642027577, 0.000999999119045862], [0.8426354077516086, 0.09756301382437946, 0.0018208527461891601, 0.011284072061584768, 0.04569665449568064, 0.0009999991205573476], [0.8082262229947335, 0.12530525405985143, 0.0009999975315744297, 0.014392624225242468, 0.050075903657023725, 0.0009999975315744297], [0.7258558213920547, 0.19012752708008995, 0.003902713694964477, 0.02019843040192367, 0.058915508311329495, 0.0009999991196377412], [0.8046275834765764, 0.12572354047866366, 0.000999996854020558, 0.014271327030008602, 0.05337755530671031, 0.000999996854020558], [0.8404604858374802, 0.09657084068668309, 0.001899140542753382, 0.011220981980092111, 0.048848551832292655, 0.0009999991206985368], [0.10108377858020497, 0.07921837761294913, 0.005377867892488119, 0.011024657046104808, 0.8022953197482907, 0.0009999991199622351], [0.8762849076620427, 0.07059277978179053, 0.0014921262312350989, 0.009999833080536381, 0.040630369936341684, 0.0009999833080536382], [0.8730412916864383, 0.07047634559981775, 0.00550670223473108, 0.009999798957652831, 0.03997588162559474, 0.0009999798957652831], [0.8074036434600909, 0.12488677197104371, 0.00408492036491746, 0.01344946251174067, 0.049175202571969674, 0.0009999991202377743], [0.13181402120479468, 0.24581980051479285, 0.01228035035703185, 0.024597347143194604, 0.5844884816610871, 0.0009999991190989713], [0.6226359105035038, 0.26822775212096184, 0.007633428733977186, 0.022634333571462016, 0.07786857595565376, 0.0009999991144413268], [0.6559767066912673, 0.24834217186677568, 0.006440661253059881, 0.024155841884994273, 0.06408461918732739, 0.0009999991165755015], [0.10365563918570662, 0.12304291