[[[0.9680315788022757, 0.009990131624288868, 0.000999013162428887, 0.009990131624288868, 0.009990131624288868, 0.000999013162428887], [0.9680315788022757, 0.009990131624288868, 0.000999013162428887, 0.009990131624288868, 0.009990131624288868, 0.000999013162428887], [0.9680315788022757, 0.009990131624288868, 0.000999013162428887, 0.009990131624288868, 0.009990131624288868, 0.000999013162428887], [0.9680315788022757, 0.009990131624288868, 0.000999013162428887, 0.009990131624288868, 0.009990131624288868, 0.000999013162428887], [0.9680315788022757, 0.009990131624288868, 0.000999013162428887, 0.009990131624288868, 0.009990131624288868, 0.000999013162428887], [0.9680315788022757, 0.009990131624288868, 0.000999013162428887, 0.009990131624288868, 0.009990131624288868, 0.000999013162428887], [0.9680315785068622, 0.0099901317166056, 0.00099901317166056, 0.0099901317166056, 0.0099901317166056, 0.00099901317166056], [0.9680305860312215, 0.009990441865243288, 0.0009990441865243287, 0.009990441865243288, 0.009990441865243288, 0.0009990441865243287], [0.9680315784353586, 0.009990131738950461, 0.000999013173895046, 0.009990131738950461, 0.009990131738950461, 0.000999013173895046], [0.9680315786467517, 0.009990131672890128, 0.0009990131672890127, 0.009990131672890128, 0.009990131672890128, 0.0009990131672890127], [0.9680315786295316, 0.009990131678271369, 0.000999013167827137, 0.009990131678271369, 0.009990131678271369, 0.000999013167827137], [0.9680272880111388, 0.009991472496519107, 0.0009991472496519106, 0.009991472496519107, 0.009991472496519107, 0.0009991472496519106], [0.9680315408275129, 0.00999014349140222, 0.000999014349140222, 0.00999014349140222, 0.00999014349140222, 0.000999014349140222], [0.9680315788022757, 0.009990131624288868, 0.000999013162428887, 0.009990131624288868, 0.009990131624288868, 0.000999013162428887], [0.9680315788022757, 0.009990131624288868, 0.000999013162428887, 0.009990131624288868, 0.009990131624288868, 0.000999013162428887], [0.968031578265259, 0.009990131792106569, 0.000999013179210657, 0.009990131792106569, 0.009990131792106569, 0.000999013179210657], [0.9680315788022757, 0.009990131624288868, 0.000999013162428887, 0.009990131624288868, 0.009990131624288868, 0.000999013162428887], [0.9680315784122968, 0.009990131746157267, 0.0009990131746157268, 0.009990131746157267, 0.009990131746157267, 0.0009990131746157268], [0.9680285338698461, 0.009991083165673122, 0.0009991083165673121, 0.009991083165673122, 0.009991083165673122, 0.0009991083165673121], [0.9680254681759722, 0.00999204119500865, 0.000999204119500865, 0.00999204119500865, 0.00999204119500865, 0.000999204119500865], [0.9680285338698461, 0.009991083165673122, 0.0009991083165673121, 0.009991083165673122, 0.009991083165673122, 0.0009991083165673121], [0.9680315772595063, 0.009990132106404261, 0.000999013210640426, 0.009990132106404261, 0.009990132106404261, 0.000999013210640426], [0.9680315788022757, 0.009990131624288868, 0.000999013162428887, 0.009990131624288868, 0.009990131624288868, 0.000999013162428887], [0.9680315788022757, 0.009990131624288868, 0.000999013162428887, 0.009990131624288868, 0.009990131624288868, 0.000999013162428887], [0.9680315788022757, 0.009990131624288868, 0.000999013162428887, 0.009990131624288868, 0.009990131624288868, 0.000999013162428887], [0.9680315784933412, 0.009990131720830908, 0.0009990131720830908, 0.009990131720830908, 0.009990131720830908, 0.0009990131720830908], [0.9680315788022757, 0.009990131624288868, 0.000999013162428887, 0.009990131624288868, 0.009990131624288868, 0.000999013162428887], [0.9680315788022757, 0.009990131624288868, 0.000999013162428887, 0.009990131624288868, 0.009990131624288868, 0.000999013162428887], [0.9680315788022757, 0.009990131624288868, 0.000999013162428887, 0.009990131624288868, 0.009990131624288868, 0.000999013162428887], [0.968031578721153, 0.009990131649639689, 0.000999013164963969, 0.009990131649639689, 0.009990131649639689, 0.000999013164963969], [0.9680315788022757, 0.009990131624288868, 0.000999013162428887, 0.009990131624288868, 0.009990131624288868, 0.000999013162428887], [0.9680315788022757, 0.009990131624288868, 0.000999013162428887, 0.009990131624288868, 0.009990131624288868, 0.000999013162428887], [0.9680315758903274, 0.009990132534272682, 0.0009990132534272683, 0.009990132534272682, 0.009990132534272682, 0.0009990132534272683], [0.9680260282143147, 0.00999186618302663, 0.000999186618302663, 0.00999186618302663, 0.00999186618302663, 0.000999186618302663], [0.9600709572460006, 0.017937988667664318, 0.0009995933675606822, 0.009995933675606822, 0.009995933675606822, 0.0009995933675606822], [0.9151480825415931, 0.048650353088652856, 0.015204148717719386, 0.009998769358111781, 0.009998769358111781, 0.0009998769358111781], [0.9571377563898051, 0.020871511389781355, 0.000999578737291527, 0.00999578737291527, 0.00999578737291527, 0.000999578737291527], [0.9494410262638607, 0.02557005582923177, 0.003996579494697753, 0.009996351624861797, 0.009996351624861797, 0.0009996351624861797], [0.9632783722245332, 0.014731556301042658, 0.0009995487033829151, 0.009995487033829152, 0.009995487033829152, 0.0009995487033829151], [0.9680315778182546, 0.009990131931795493, 0.0009990131931795492, 0.009990131931795493, 0.009990131931795493, 0.0009990131931795492]], [[0.9680315788022757, 0.009990131624288868, 0.000999013162428887, 0.009990131624288868, 0.009990131624288868, 0.000999013162428887], [0.9590212673013968, 0.009997201047495175, 0.009994042468099349, 0.009994042468099349, 0.009994042468099349, 0.0009994042468099349], [0.9558034888073511, 0.009992184935113016, 0.013220737893798615, 0.009992184935113016, 0.009992184935113016, 0.0009992184935113016], [0.9587409307689003, 0.010163319217073714, 0.010103164400534116, 0.009996469339758028, 0.009996469339758028, 0.0009996469339758028], [0.951795778448463, 0.01666345519951684, 0.010546628068267996, 0.009997208706548622, 0.009997208706548622, 0.0009997208706548622], [0.9359659036204305, 0.02799531546210231, 0.015043821429516975, 0.009997599756166802, 0.009997599756166802, 0.0009997599756166801], [0.017326262200074313, 0.0392111726140157, 0.017363362894856346, 0.009999411874581516, 0.9150998492290141, 0.0009999411874581517], [0.9084413818045856, 0.04779939531741787, 0.022763308690327128, 0.009998054375080717, 0.009998054375080717, 0.0009998054375080717], [0.02267944948999217, 0.042744969138203845, 0.025362292854555622, 0.009999474902570858, 0.8982138661244206, 0.0009999474902570857], [0.914282416276459, 0.03359507092258782, 0.031124268222602617, 0.0099991640849288, 0.0099991640849288, 0.00099991640849288], [0.8893832150511403, 0.04321882173054234, 0.040618023897106725, 0.00999985339865898, 0.015780100582685717, 0.000999985339865898], [0.03619950381194297, 0.046671496038240556, 0.030678975535491083, 0.009999635550729974, 0.8754504255085226, 0.0009999635550729973], [0.024068316195065654, 0.04169138026961995, 0.02514636322006295, 0.009999480447894435, 0.8980945118225677, 0.0009999480447894435], [0.9320268838785268, 0.02677022000377387, 0.020206599527237516, 0.009998236471648523, 0.009998236471648523, 0.0009998236471648523], [0.9387700093529142, 0.02411696112801225, 0.016117459670058416, 0.009997890404292942, 0.009997890404292942, 0.000999789040429294], [0.024080692974418727, 0.04171281945175218, 0.025163139450425004, 0.009999539908817018, 0.8980438542237055, 0.0009999539908817018], [0.8871634543248725, 0.04513454175643739, 0.04008302949259871, 0.009999898931111717, 0.016619085601868637, 0.0009999898931111716], [0.8127962846453382, 0.06582897077555143, 0.06802176440787529, 0.015744530927099192, 0.03660845011926749, 0.000999999124868393], [0.7549015205042893, 0.09164473903227638, 0.09540434094883435, 0.016857376971115043, 0.040192023422526126, 0.0009999991209588396], [0.6548452611668794, 0.13325981652595545, 0.14025786582350447, 0.019097710445108957, 0.05153934692399604, 0.0009999991145557491], [0.753948784080474, 0.09262481865823818, 0.09713389974550928, 0.01688262127553837, 0.038409877117998426, 0.00099999912224172], [0.816095380909478, 0.06476284503104329, 0.06966595438536588, 0.014950300525217985, 0.03352552002288696, 0.0009999991260080405], [0.8943397434460888, 0.037543961428135035, 0.0395089890613114, 0.009999900842586453, 0.01760741513761962, 0.0009999900842586453], [0.8967302000407887, 0.03526280716389126, 0.04017554121095999, 0.010011722815339396, 0.016819729639054246, 0.0009999991299664472], [0.9093699810719053, 0.036149532176906744, 0.03308752482175043, 0.009999673494390578, 0.010393321085608007, 0.0009999673494390578], [0.024066806827772017, 0.040768834369130896, 0.025274018773694378, 0.009999529774562884, 0.8988908572773836, 0.0009999529774562886], [0.9101537944520829, 0.045540657957331844, 0.02330955702720829, 0.009998090744465315, 0.009998090744465315, 0.0009998090744465316], [0.9343305261267819, 0.025573365239858974, 0.01910010499310723, 0.009998096971548513, 0.009998096971548513, 0.0009998096971548514], [0.9328600244648262, 0.025416692857608968, 0.020727293978984953, 0.00999808985646661, 0.00999808985646661, 0.000999808985646661], [0.9199599923703182, 0.02908808814516742, 0.029955499307396646, 0.009998295322437022, 0.009998295322437022, 0.0009998295322437023], [0.8931334205613196, 0.038864137060629814, 0.04111104310437044, 0.00999989827647769, 0.015891511169554624, 0.0009999898276477689], [0.8431798088089963, 0.04914213074391236, 0.066453513354474, 0.012823468720499245, 0.027401079244875448, 0.0009999991272426284], [0.8259992360050664, 0.06198751444459119, 0.06577461317348834, 0.014076958521929833, 0.03116167872749064, 0.0009999991274338576], [0.7644691783551866, 0.08672315238091462, 0.095731352933449, 0.016258467183523376, 0.035817850022559404, 0.0009999991243671007], [0.6096214563388747, 0.13361928160429898, 0.1827489094309331, 0.02399915804369956, 0.04901119546492392, 0.0009999991172698081], [0.5747446970840636, 0.1485351686516842, 0.17828799000839207, 0.02821554516863838, 0.06921659997317058, 0.0009999991140511207], [0.5995682506614917, 0.13701551468659592, 0.18804627983291333, 0.023920438466017553, 0.05044951723856623, 0.0009999991144150821], [0.06362421832088566, 0.10260417214064449, 0.09827234933351815, 0.01721008498142611, 0.7172891761023411, 0.0009999991211844688], [0.05484008083846442, 0.06969877106808982, 0.06934194717170827, 0.013206937484031083, 0.7919122643143193, 0.0009999991233872552], [0.9680315779322847, 0.009990131896161065, 0.0009990131896161064, 0.009990131896161065, 0.009990131896161065, 0.0009990131896161064]], [[0.9680315788022757, 0.009990131624288868, 0.000999013162428887, 0.009990131624288868, 0.009990131624288868, 0.000999013162428887], [0.9590506765625549, 0.00998763986279149, 0.00998763986279149, 0.00998763986279149, 0.00998763986279149, 0.000998763986279149], [0.9361240522946633, 0.031620204547198244, 0.01126318756324495, 0.00999645504518733, 0.00999645504518733, 0.000999645504518733], [0.9208818876929034, 0.0447038212516407, 0.013419265075033323, 0.009997631419248885, 0.009997631419248885, 0.0009997631419248884], [0.9213101173627494, 0.04770661752622237, 0.009994601648718836, 0.009994601648718836, 0.009994601648718836, 0.0009994601648718837], [0.8963555421108765, 0.08038506148586687, 0.0022614803508525048, 0.009999007644002, 0.009999007644002, 0.0009999007644002], [0.8733177614114044, 0.0961855161413426, 0.0022605639030159825, 0.009999829240041409, 0.01723634638019151, 0.0009999829240041407], [0.033940601849522585, 0.09520636326052812, 0.009998839964979541, 0.009998839964979541, 0.8498554709634925, 0.0009998839964979543], [0.8500109729819214, 0.11604061277777848, 0.006165252830719693, 0.009999837018937958, 0.01678334068874864, 0.0009999837018937958], [0.8308316168288896, 0.12409006711136175, 0.0034790646665884533, 0.012104830083639401, 0.02849442218357194, 0.0009999991259489248], [0.7970448004188705, 0.1504325540218129, 0.006372097512389109, 0.013322899098516656, 0.0318276498255247, 0.0009999991228862015], [0.8083336653764099, 0.1447981548437672, 0.005949262017445417, 0.012028091015896096, 0.027890827623179158, 0.0009999991233021436], [0.8458922017355859, 0.12036321683562891, 0.005163930369687409, 0.009999834137176401, 0.017580833508203674, 0.00099998341371764], [0.8702558438797492, 0.10319242546203486, 0.005554348128632218, 0.009998753585516116, 0.009998753585516116, 0.0009998753585516115], [0.022645004046388605, 0.08937112400396591, 0.00558599830842647, 0.009999466893022127, 0.8713984600588947, 0.0009999466893022126], [0.8668719913306485, 0.104506840364923, 0.005294344871882903, 0.009999661275619746, 0.012327196029363807, 0.0009999661275619746], [0.8024795179422756, 0.14813141746898897, 0.00596969163665961, 0.01270726770940234, 0.029712106119808103, 0.0009999991228653846], [0.7458820796132083, 0.1873336947672825, 0.006700744657716445, 0.016935833075399274, 0.042147648764935194, 0.0009999991214582778], [0.09561053068914055, 0.265292812980927, 0.01248821977247222, 0.02505513367930685, 0.6005533037587304, 0.000999999119423073], [0.13616051132443827, 0.28063768857647586, 0.010355293062588972, 0.03087301969268125, 0.5409734882210002, 0.0009999991228155283], [0.09548120613913796, 0.26693865016799223, 0.0112765088878469, 0.024457211090942604, 0.6008464245946745, 0.0009999991194059382], [0.7643270992739999, 0.17347293449477916, 0.004363291560610112, 0.01704952764979547, 0.03978714789704544, 0.0009999991237699896], [0.8351463720787762, 0.11603384520406083, 0.004564987167177723, 0.012699297518355428, 0.030555498905379817, 0.0009999991262501298], [0.8151194017011651, 0.1322585040233246, 0.0031488461724681733, 0.01414695619801321, 0.034326292779952146, 0.0009999991250768934], [0.8185227842614287, 0.13197850059819735, 0.00645369714182316, 0.012476957427887162, 0.02956806144611065, 0.000999999124553142], [0.042183321908987506, 0.10259588338476687, 0.003899261479421615, 0.010089695299935142, 0.8402318388030978, 0.0009999991237911179], [0.8784898471472607, 0.09389488615720644, 0.005343465174791187, 0.009999624813224053, 0.011272214226195312, 0.0009999624813224054], [0.042575059957905885, 0.10045738865632789, 0.007416689733522417, 0.010234062017175305, 0.8383168005110672, 0.0009999991240013837], [0.8715441465714154, 0.1014923134344422, 0.005793914668806545, 0.009999675880282291, 0.010169981857025348, 0.0009999675880282292], [0.04315803464348768, 0.10902535435827254, 0.006303626599124514, 0.010081123165357761, 0.8304318621107446, 0.0009999991230129426], [0.7856208943131677, 0.1596179445451889, 0.006969540555163883, 0.014713288258060658, 0.03207833320562394, 0.000999999122795049], [0.7760419549009483, 0.16298599261233152, 0.004903232921190996, 0.01712804091045181, 0.037940779530605324, 0.0009999991244721567], [0.6972689225399717, 0.22604120570083477, 0.00808533670023725, 0.019835236997089105, 0.04776929894067737, 0.0009999991211897014], [0.681263190374169, 0.2422142124721741, 0.005957340436635393, 0.019750964643852068, 0.04981429295349973, 0.0009999991196697777], [0.5939440939873496, 0.2918922847092589, 0.007957613379082068, 0.030353826385291934, 0.07485218241773055, 0.0009999991212868266], [0.381567399532691, 0.38821530240730234, 0.008402765245060735, 0.03456783454427014, 0.18624669915940031, 0.0009999991112753688], [0.5941749782090661, 0.29197443131641626, 0.010650782552040465, 0.03021898751282953, 0.07198082128832714, 0.0009999991213206787], [0.6638624529779249, 0.25481196295057923, 0.01460739180224702, 0.01936004149726162, 0.04635815165260814, 0.0009999991193790968], [0.810185043886418, 0.07207812016211596, 0.07162789230999239, 0.014207354022816336, 0.030901590492666452, 0.0009999991259910439], [0.9680315768172858, 0.00999013224459818, 0.0009990132244598181, 0.00999013224459818, 0.00999013224459818, 0.0009990132244598181]], [[0.9680315788022757, 0.009990131624288868, 0.000999013162428887, 0.009990131624288868, 0.009990131624288868, 0.000999013162428887], [0.9563116650107123, 0.012661573248913273, 0.01003394940826428, 0.009996577301004865, 0.009996577301004865, 0.0009996577301004865], [0.931262681547913, 0.04427587396196428, 0.0034663723753749023, 0.009997653387975177, 0.009997653387975177, 0.0009997653387975175], [0.9262349017845265, 0.048917356893015636, 0.003850915077498646, 0.009998488688075891, 0.009998488688075891, 0.000999848868807589], [0.8894898765121794, 0.07602216333555452, 0.004264298449523442, 0.009999840558034831, 0.019223837088904436, 0.0009999840558034831], [0.8304396017314661, 0.11556741872429492, 0.00999925355382816, 0.01271388759923795, 0.030279913035790078, 0.0009999253553828159], [0.787610925795993, 0.15360216378095864, 0.009999639669964162, 0.014211276246308642, 0.033576030539779186, 0.000999963966996416], [0.8094920526701828, 0.1386329085690201, 0.007093827734933527, 0.013373284485588959, 0.03040792741706087, 0.0009999991232138258], [0.7807767561594017, 0.15880840237176744, 0.009999558779396737, 0.015046949468441642, 0.03436837734305291, 0.0009999558779396737], [0.07309297884257636, 0.1729946070900739, 0.00999977510474065, 0.01776819167326665, 0.7251444697788684, 0.000999977510474065], [0.683693341907134, 0.23243001279164072, 0.007228725503191738, 0.020307248075045473, 0.055340672602812994, 0.0009999991201750265], [0.07321204799644533, 0.18075506252892257, 0.008216748076005618, 0.01755912090918052, 0.7192570213684352, 0.000999999121010838], [0.07149444272402745, 0.15351902866662837, 0.007401198638878288, 0.01577613328864348, 0.7508091975596661, 0.000999999122156337], [0.838795692300692, 0.12135139124743176, 0.006623738531928017, 0.011277843987921676, 0.020951334808620988, 0.0009999991234055118], [0.876145131934986, 0.09639131735925632, 0.005751217568884104, 0.009999687077121141, 0.010712677352040383, 0.0009999687077121141], [0.04755670429874262, 0.12041612619121334, 0.006695036522872872, 0.011173578149115645, 0.813158555716614, 0.0009999991214416713], [0.07045513601433206, 0.16755342862801878, 0.005660077913039589, 0.01583118359379725, 0.7395001747303414, 0.0009999991204710432], [0.09993936506708634, 0.25251609268641295, 0.0077171681688321106, 0.02243526337709074, 0.6163921115813717, 0.0009999991192061017], [0.6005584868004131, 0.28337234105807174, 0.007282182394009831, 0.031176422585468374, 0.07661056804268382, 0.0009999991193530787], [0.39499221008429375, 0.36297187440644957, 0.0048836525562648385, 0.03461035658422634, 0.20154190725708182, 0.000999999111683732], [0.6006001707204236, 0.2833920095337614, 0.007256943839295247, 0.03052959023665292, 0.07722128655050549, 0.0009999991193612933], [0.10050629624735928, 0.24290036391430225, 0.008334126781840248, 0.02251751445146759, 0.6247416994853913, 0.0009999991196394634], [0.7411242421126952, 0.19279270314669064, 0.00722063537956563, 0.01698557199710315, 0.040876848243250316, 0.0009999991206951148], [0.0999349738675729, 0.23777514360679092, 0.009160751000298287, 0.02095013664553005, 0.6311789957606573, 0.0009999991191507061], [0.7442137925503617, 0.18827185942258026, 0.008665172854349453, 0.016896942974824435, 0.0409522330769683, 0.0009999991209158558], [0.8040300183286105, 0.13719290374463994, 0.004864218748116697, 0.015964911761892117, 0.03694794829216879, 0.000999999124571981], [0.82947208569817, 0.11913765779275627, 0.0038153278475466937, 0.013755482496851245, 0.03281944703946895, 0.0009999991252068843], [0.7992270909730977, 0.1447519605146496, 0.003687979588549343, 0.014848167626375518, 0.03648480217359388, 0.00099999912373388], [0.7981623337997987, 0.14970846530561083, 0.005567121446903542, 0.013874049689949444, 0.03168803063552771, 0.0009999991222097724], [0.062338370440413654, 0.15211327210327544, 0.004995808491205869, 0.013912862696395814, 0.7656396871487562, 0.0009999991199531539], [0.07191419822721014, 0.19323881940276535, 0.005976372841446412, 0.01782148309908367, 0.7100491273105389, 0.0009999991189556126], [0.6363285030939836, 0.2689945235543727, 0.009312609876334354, 0.02545586259645397, 0.05890850175735607, 0.0009999991214994983], [0.6124596841966556, 0.26925492002129103, 0.01045382403725075, 0.03039056789344149, 0.07644100473009886, 0.0009999991212623184], [0.09965776932914255, 0.27017541622205626, 0.011220602297662778, 0.02708850210511741, 0.5908577109244035, 0.0009999991216175389], [0.09955834917043768, 0.28031337285078967, 0.008270636367957607, 0.02689215896769718, 0.5839654835224278, 0.000999999120690115], [0.13986920182999898, 0.29615616672027617, 0.008577801020440963, 0.031787316683458446, 0.5226095146222702, 0.0009999991235553184], [0.09820269508444548, 0.27972437088142377, 0.009641115108666233, 0.02639215586799304, 0.5850396639360097, 0.0009999991214619027], [0.7557558357293197, 0.17865718106249742, 0.009999434975155432, 0.017619113120651304, 0.036968491614860564, 0.0009999434975155432], [0.838598540719353, 0.05140571595776884, 0.06915609649846036, 0.012847281486270953, 0.026992366211277055, 0.0009999991268698622], [0.9680315784576249, 0.009990131731992213, 0.0009990131731992212, 0.009990131731992213, 0.009990131731992213, 0.0009990131731992212]], [[0.9680315788022757, 0.009990131624288868, 0.000999013162428887, 0.009990131624288868, 0.009990131624288868, 0.000999013162428887], [0.949617703291901, 0.018164615885309095, 0.011223497452507359, 0.00999723017632504, 0.00999723017632504, 0.000999723017632504], [0.9259510449871303, 0.05009296431554915, 0.0029606414936597203, 0.009997785335076573, 0.009997785335076573, 0.0009997785335076573], [0.8984437605811262, 0.06497307923426107, 0.006477025608102866, 0.009999756141992677, 0.019106402820318058, 0.0009999756141992676], [0.8121054958073705, 0.12997606925385072, 0.00695684802644792, 0.014353417509851368, 0.03560817027703389, 0.0009999991254457442], [0.7473717685967064, 0.18376249850995363, 0.010887758975690148, 0.016378594295414124, 0.040599380500839735, 0.0009999991213959132], [0.10221667648988764, 0.236950788178206, 0.012381867190018027, 0.019914578263883483, 0.6275360907588221, 0.0009999991191827293], [0.07495018402488814, 0.17555149957598892, 0.009999816822502453, 0.01687584844156433, 0.721622669452806, 0.0009999816822502453], [0.7629699222665193, 0.16752086293181254, 0.00499687408883143, 0.01773008836379599, 0.045782253225478686, 0.0009999991235621348], [0.6534480275159366, 0.2503248985531164, 0.012448591627059772, 0.02440098368086003, 0.05837749949950561, 0.0009999991235218626], [0.6175570562023358, 0.26575124141403683, 0.009999888584174547, 0.029700515528046128, 0.07599130941298923, 0.0009999888584174548], [0.6400539458652146, 0.2669493245709309, 0.008809113954204249, 0.025405883857683765, 0.057781732630027, 0.0009999991219394823], [0.07487616924799428, 0.18652671335217655, 0.007213758313900219, 0.017920660592792636, 0.7124626993731205, 0.0009999991200159003], [0.8206479767869023, 0.12500655438452066, 0.004281752685698485, 0.01463490569317598, 0.03442881132483182, 0.0009999991248706972], [0.8847582573771362, 0.08549904778541224, 0.0019130876676883048, 0.010152332525140044, 0.016677275517425417, 0.0009999991271977936], [0.06650240048094383, 0.13114931312889105, 0.006559737055990008, 0.014650517212845843, 0.7801380329987635, 0.0009999991225658113], [0.7470092249897177, 0.1864248969458797, 0.004113490121490563, 0.01800167901809835, 0.04345070980311508, 0.0009999991216986673], [0.10377369478441065, 0.2582596682521393, 0.00851608973232961, 0.02697245448517587, 0.6014780936253664, 0.0009999991205782764], [0.5666901541258292, 0.3088643266965862, 0.008273614345938773, 0.03342985820041437, 0.0817420475086076, 0.0009999991226238181], [0.5684417969870644, 0.3044541179753416, 0.009310326925936509, 0.033442819393011095, 0.0833509395959754, 0.0009999991226709729], [0.6416654383583728, 0.26092306643365554, 0.007792253852676336, 0.02639279300786578, 0.062226449225173695, 0.0009999991222560125], [0.07676479835222941, 0.17070825740580475, 0.005501152316846577, 0.01994517550692919, 0.7260806172957762, 0.0009999991224138387], [0.6389210540681615, 0.26749759066661, 0.010260323602783322, 0.02466194812798499, 0.05765908441304979, 0.0009999991214105527], [0.1425962637941951, 0.2663215754843862, 0.010359445346055866, 0.030924037193032213, 0.5487986790599421, 0.0009999991223886508], [0.6511859724162559, 0.2520405870610311, 0.011477905832350255, 0.024866013685300038, 0.05942952188193269, 0.000999999123130256], [0.7678033780199917, 0.16207413142705218, 0.0025579153281704466, 0.01911570861747059, 0.047448867482858946, 0.000999999124456334], [0.7747840585771699, 0.15713311274731345, 0.0045079863825548015, 0.018645583326753905, 0.04392925984181794, 0.0009999991243898377], [0.6871008878373566, 0.22676897617476038, 0.006532061852757726, 0.021044750642019407, 0.05755332437233692, 0.0009999991207689982], [0.0739707912805768, 0.18450094370392303, 0.0061166306474244045, 0.018691360537588107, 0.7157202747117839, 0.0009999991187037028], [0.7725184479955071, 0.1700621815875726, 0.004437118365219999, 0.017271249967062082, 0.034711002960557895, 0.000999999124080581], [0.10252878888647529, 0.2478341205721443, 0.006962219771275742, 0.021722434482290665, 0.6199524371694943, 0.0009999991183198278], [0.14388299514843944, 0.27358549896558004, 0.009427030973273787, 0.031150508013364473, 0.5409539677761884, 0.0009999991231539928], [0.39989577687381245, 0.3559430296687469, 0.0066047111078007936, 0.03493376652403455, 0.20162271671329016, 0.000999999112315137], [0.6129307190298177, 0.2709073736353472, 0.008038338539676455, 0.03145848145405443, 0.07566508822027379, 0.000999999120830468], [0.10303700457350073, 0.2547630197616222, 0.006976287010016261, 0.022431099355046363, 0.6117925901805497, 0.0009999991192650496], [0.6581435066778732, 0.26527797760873867, 0.006323198392965747, 0.02026195984358845, 0.048993358360409474, 0.0009999991164245708], [0.7262549145488498, 0.20538069171780216, 0.003530229762171851, 0.01764617351667232, 0.04618799133447141, 0.0009999991200325094], [0.7791308703395634, 0.1675654115489782, 0.006015347822606386, 0.0151525254746867, 0.031135845692005698, 0.0009999991221596746], [0.889816491839924, 0.040295712673616375, 0.04284774065308113, 0.009999896259091484, 0.016040168948378015, 0.0009999896259091485], [0.9680315784934302, 0.009990131720803059, 0.000999013172080306, 0.009990131720803059, 0.009990131720803059, 0.000999013172080306]], [[0.9680315785068622, 0.0099901317166056, 0.00099901317166056, 0.0099901317166056, 0.0099901317166056, 0.00099901317166056], [0.014023293001642788, 0.03937410150608713, 0.018477269599588626, 0.00999941387352305, 0.9171259806318062, 0.000999941387352305], [0.8974612464131198, 0.0795852114467969, 0.0014170926348828002, 0.009999549152396604, 0.010536945437564256, 0.0009999549152396605], [0.8319171687681306, 0.12017470023013299, 0.003574393196880868, 0.012869321294036366, 0.0304644173852682, 0.000999999125550986], [0.07502350661976216, 0.17062998891651837, 0.009040769963318707, 0.0179658646423278, 0.7263398707351281, 0.0009999991229450345], [0.6560014921346967, 0.2522035082671292, 0.009606630133676875, 0.025295040540569014, 0.055893329801094925, 0.0009999991228333241], [0.14988075132456424, 0.25812217208472654, 0.012899077256537937, 0.03019254641095187, 0.5479054538021335, 0.0009999991210860161], [0.653846918685619, 0.2510372163995135, 0.010650873294631736, 0.025061356383243368, 0.05840363611472254, 0.000999999122269917], [0.7018521586990759, 0.21215938254400005, 0.006020966084667269, 0.020552274266670056, 0.05841521928449097, 0.0009999991210957874], [0.6490722725471548, 0.23307227609522357, 0.011519355902863754, 0.028841191333461993, 0.07649490499909309, 0.0009999991222028463], [0.4061822680346516, 0.34644890821461205, 0.009214929365449412, 0.034784834100423816, 0.20236906117306083, 0.0009999991118024836], [0.1523328045943911, 0.26207829848073877, 0.009514801836895372, 0.031235511577007713, 0.5438385843880404, 0.0009999991229265222], [0.6812214098927875, 0.23306544147826158, 0.006182726571013662, 0.020861372419122465, 0.057669050519905264, 0.0009999991189095728], [0.7916639027461259, 0.14864587656336328, 0.004423747474686384, 0.015247455321061653, 0.039019018773053145, 0.000999999121709593], [0.8301732757662136, 0.11712097464083134, 0.0009999980619473012, 0.014585365847331309, 0.03612038762172923, 0.0009999980619473012], [0.8154710051730428, 0.1258986243196139, 0.0015944155878214164, 0.015974857317594987, 0.04006109847738454, 0.000999999124542201], [0.7008375237844462, 0.21613115593773716, 0.004949002889062676, 0.02092637810373733, 0.056155940163661565, 0.000999999121355295], [0.6343937859498112, 0.24677570578089736, 0.005069066149312886, 0.031950252305681576, 0.08081119069191628, 0.0009999991223808096], [0.4129254973664912, 0.340171092933876, 0.004272258670164452, 0.03475224540574608, 0.20687890650968058, 0.0009999991140419741], [0.15175664287290336, 0.256921066305938, 0.00854708864336511, 0.03243992971385889, 0.5493352733408494, 0.0009999991230853478], [0.694798018103214, 0.21931518564238542, 0.003563316330888994, 0.022023683479033076, 0.05929979732347316, 0.0009999991210053818], [0.6967449737780135, 0.21604496606577395, 0.003546096486494097, 0.023135223587076273, 0.05952874096117594, 0.0009999991214662918], [0.6299404433398311, 0.2513730383394216, 0.0060998984507922615, 0.03102980122021154, 0.08055681952819727, 0.0009999991215464002], [0.41370618475632637, 0.3386039738297658, 0.0032769944088900274, 0.03541844501767179, 0.20799440287309048, 0.0009999991142556942], [0.6312170095666231, 0.25052262529047264, 0.006791877328889668, 0.030415729778931814, 0.08005275891390279, 0.0009999991211799317], [0.10992501467174665, 0.22032548806098495, 0.007463907196434979, 0.021892415036029525, 0.639393175915403, 0.0009999991194011282], [0.666111053915782, 0.24135492393005326, 0.005129260211258638, 0.025913115235429867, 0.060491647583542064, 0.00099999912393431], [0.6266145594235598, 0.25538251293045644, 0.006466682080865544, 0.030485333679975305, 0.08005091276396586, 0.0009999991211771604], [0.10995873599677045, 0.24936647358230504, 0.0073466269509435255, 0.026216105456252577, 0.6061120588942347, 0.0009999991194936685], [0.09323477570026414, 0.1783515470781047, 0.0009999962511948143, 0.01866852439076855, 0.707745160328473, 0.0009999962511948143], [0.08274833319054802, 0.17742843172156444, 0.004382648330646582, 0.018652826674678658, 0.7157877609631161, 0.0009999991194462896], [0.6485883292023086, 0.25722630904206006, 0.006951021922008418, 0.025453554377012282, 0.060780786335142535, 0.000999999121468272], [0.6362541598429642, 0.2462509290176064, 0.006378875401584954, 0.03052091196738814, 0.0795951246483145, 0.0009999991221418174], [0.6573255058992675, 0.24627034707626547, 0.009040881269372384, 0.02580451546868469, 0.06055875116404508, 0.0009999991223648944], [0.08307364759848392, 0.16839134621263432, 0.00597553498283231, 0.017545800999932946, 0.7240136710841296, 0.0009999991219870018], [0.070289137546559, 0.16470840561355007, 0.005752035117345136, 0.01527518609828067, 0.7429752365023472, 0.000999999121917974], [0.0621556257322972, 0.14272947417364845, 0.005671537323366421, 0.01422248501452913, 0.7742208786320208, 0.0009999991241380016], [0.03679108199403889, 0.11516502916849725, 0.005252395110561503, 0.010658363557177397, 0.8311331310458412, 0.0009999991238838347], [0.9116215000594238, 0.03564061417196408, 0.03174094974187029, 0.009998540965115215, 0.009998540965115215, 0.0009998540965115215], [0.9680315786144704, 0.009990131682978007, 0.0009990131682978008, 0.009990131682978007, 0.009990131682978007, 0.0009990131682978008]], [[0.968027874584197, 0.009991289192438406, 0.0009991289192438407, 0.009991289192438406, 0.009991289192438406, 0.0009991289192438407], [0.9074062263552488, 0.049209127230443996, 0.022388667046881517, 0.009998085413059849, 0.009998085413059849, 0.0009998085413059849], [0.8436043360898361, 0.12422552871444491, 0.004361678330497623, 0.009999831825413958, 0.016808641857266136, 0.0009999831825413957], [0.789533720504523, 0.15397715277370058, 0.00758515765187177, 0.014245970237812433, 0.033657999709760016, 0.0009999991223322612], [0.6773215730814359, 0.24065536442304158, 0.010384520561545693, 0.02029480595300254, 0.050343736861476224, 0.0009999991194979624], [0.6245647120460894, 0.2622642504410401, 0.008279531142349885, 0.02984087443859162, 0.07405063281115715, 0.000999999120771936], [0.4067286598008889, 0.3440510202410451, 0.009456372365875843, 0.034377730159935185, 0.20438621832061957, 0.0009999991116354011], [0.6378913344621511, 0.24430127108369995, 0.013146059330176426, 0.028523080343004728, 0.07513825566088489, 0.0009999991200831618], [0.7085397317915021, 0.2047976300827129, 0.005952714724532668, 0.020884716136022625, 0.05882520814352269, 0.0009999991217070723], [0.6856229774459883, 0.21757068487182177, 0.012277666729173062, 0.024394621049456767, 0.059134050780392806, 0.0009999991231673306], [0.6460054756433955, 0.23956507575199298, 0.006646177422442173, 0.03013623877638974, 0.07664703328410642, 0.0009999991216730851], [0.6559215624959739, 0.2457720156959068, 0.007125832650648366, 0.027018822581802292, 0.06316176745364716, 0.0009999991220215536], [0.08343247450799991, 0.17782105601515086, 0.003606470019033261, 0.019483422016500742, 0.7146565783217123, 0.0009999991196029704], [0.11007442293082616, 0.2300815534165722, 0.006774545911132156, 0.021033569476170414, 0.6310359091469888, 0.0009999991183102738], [0.7757120522777076, 0.15533583468722206, 0.0010238898756741173, 0.01851787169091303, 0.048410352344168746, 0.000999999124314609], [0.8209547523315518, 0.11933541283871141, 0.0014258829072111474, 0.016696878110298807, 0.04058707468667129, 0.0009999991255554912], [0.7884990426169181, 0.1433090439973554, 0.00498654998129051, 0.017629176163701108, 0.044576188116360986, 0.0009999991243740047], [0.6732841324637091, 0.2330537514867633, 0.006396787857227287, 0.025727825316512735, 0.06053750375183674, 0.000999999123950907], [0.644260165188462, 0.24111737910853992, 0.006061710742156942, 0.0302814401563813, 0.0772793056822055, 0.000999999122254508], [0.6624057157518487, 0.24238372794805554, 0.008618103479624351, 0.02571534018697526, 0.05987711351088652, 0.0009999991226096628], [0.7616934708385755, 0.16793317695742385, 0.003544485767598076, 0.018274810469344215, 0.047554056844925016, 0.0009999991221333866], [0.6596960314030336, 0.24198161448448893, 0.0067810124830919956, 0.027101627063559244, 0.06343971544343395, 0.000999999122392448], [0.6005043214813417, 0.27623975883832225, 0.006424630809099195, 0.03274981791968413, 0.08308147182935703, 0.0009999991221957482], [0.6143685663560674, 0.2638737618783319, 0.0035941904853557132, 0.033391404475847604, 0.08377207768156524, 0.0009999991228321105], [0.664072742190619, 0.23924458882187993, 0.006061394805936538, 0.02640230463998258, 0.06321897041896252, 0.0009999991226194915], [0.6859280528586346, 0.2262877799299071, 0.005938289531220969, 0.022266113732142444, 0.058579764828769726, 0.0009999991193251846], [0.6287158386320777, 0.25575059312342535, 0.005865965782564433, 0.030181065768328644, 0.07848653757362613, 0.0009999991199776965], [0.4053663366483069, 0.3504465142839788, 0.004199406326792527, 0.0346882245366001, 0.2042995190931083, 0.0009999991112135298], [0.15298308730638951, 0.2574789179467242, 0.006547902095151902, 0.031211365580826423, 0.550778727947961, 0.0009999991229470606], [0.6808080205277958, 0.23504526615037452, 0.00501690188423638, 0.021905422007985616, 0.05622439031219953, 0.0009999991174084193], [0.08465806276657457, 0.1616920335924914, 0.005911645967113615, 0.019552696835899237, 0.7271855617171802, 0.0009999991207410711], [0.6993832703432018, 0.2138592992929455, 0.005613242004343486, 0.02169290205210811, 0.058451287186718597, 0.0009999991206825027], [0.7083413193335358, 0.20393306067352876, 0.004832035848918389, 0.022513166034429287, 0.05938041898807829, 0.000999999121509592], [0.7858997651645605, 0.14558998402789802, 0.0020365560525227437, 0.017746126111002056, 0.04772756951894526, 0.0009999991250714973], [0.6987739373331294, 0.21596529484814583, 0.0082771572249413, 0.01998581135935261, 0.0559978001152488, 0.00099999911918209], [0.7535135185380696, 0.17927392160577812, 0.004448258545072609, 0.016969561037191886, 0.04479474115375247, 0.0009999991201354546], [0.7894597041361884, 0.15154047549947747, 0.004297768252457829, 0.014675168153664568, 0.03902688483685514, 0.0009999991213567585], [0.8475716082747012, 0.1160801085913237, 0.003801207390255456, 0.010534604211428987, 0.021012472407486996, 0.0009999991248036042], [0.017078581546576443, 0.043198298681729023, 0.027839591554733062, 0.009999541040119261, 0.9008840330728303, 0.0009999541040119262], [0.9680315784202537, 0.009990131743670768, 0.000999013174367077, 0.009990131743670768, 0.009990131743670768, 0.000999013174367077]], [[0.9680267510344117, 0.009991640301746357, 0.0009991640301746357, 0.009991640301746357, 0.009991640301746357, 0.0009991640301746357], [0.03525880970221272, 0.04943945767560711, 0.03413166210889499, 0.009999717831411712, 0.8701703808987324, 0.0009999717831411712], [0.04125594516323653, 0.12449792969668001, 0.006468029549023727, 0.00999985845425704, 0.8167782512913772, 0.000999985845425704], [0.06489373859823369, 0.13396317001542474, 0.00779891390297903, 0.013987961296142786, 0.778356217062812, 0.0009999991244077472], [0.7633602240787862, 0.16779860230676802, 0.004948518824082711, 0.01788278217218237, 0.04500987349441543, 0.0009999991237653356], [0.11055150249702726, 0.2442033559294234, 0.013116779495120143, 0.024888070932014325, 0.6062402920268702, 0.0009999991195445454], [0.15201570171100542, 0.2498954064497102, 0.013300870498337716, 0.029709577093516588, 0.5540784451257414, 0.000999999121688593], [0.677376187044641, 0.22617566987979104, 0.011460793437956847, 0.024484133491675223, 0.05950321702107377, 0.0009999991248623107], [0.7911808637561296, 0.13907876807883188, 0.0061103365338371655, 0.018136014514673247, 0.044494017991607814, 0.0009999991249203795], [0.7833304649041474, 0.14409181910154792, 0.009999346729871848, 0.017494268564170735, 0.044084166027275024, 0.0009999346729871847], [0.7027779891621467, 0.21491460152901679, 0.004259165554576224, 0.0210975264186592, 0.05595071821434731, 0.0009999991212538985], [0.7556136439267588, 0.17326520850839894, 0.0036319903637624562, 0.019257064879610916, 0.04723209320150807, 0.0009999991199608406], [0.111030282288033, 0.25585761616849517, 0.006485963225802281, 0.02699062663462164, 0.598635512562389, 0.0009999991206588398], [0.1521084159510085, 0.2566692056966351, 0.007275716502850542, 0.030920876936244592, 0.5520257857908851, 0.0009999991223762453], [0.6622137058057059, 0.24231346876181592, 0.009074638831607097, 0.02553843040179313, 0.05985975707650346, 0.000999999122574412], [0.7821353298615722, 0.15044707586077197, 0.0047680555042089725, 0.017202593526381937, 0.04444694612304537, 0.000999999124019788], [0.07832598301536771, 0.1315798339464256, 0.006230460268100907, 0.01554958990571703, 0.7673141337418921, 0.0009999991224966269], [0.7762905537391885, 0.1568632208155895, 0.003903624312653448, 0.017343216661247572, 0.04459938534728211, 0.000999999124038919], [0.7099700392341186, 0.20751385160939348, 0.0037313271500869953, 0.021670459683218644, 0.056114323201415885, 0.0009999991217664336], [0.7766338704879326, 0.15693259402992077, 0.0032835934662100827, 0.017530833337046775, 0.0446191095547965, 0.0009999991240933332], [0.11036043290454776, 0.22226452094104152, 0.004097306913887444, 0.021104854482563173, 0.6411728856392523, 0.000999999118707851], [0.15319806717124962, 0.2537739678095057, 0.004160834233295847, 0.031157075235903366, 0.5567100564273106, 0.000999999122734941], [0.4146467497694584, 0.333939626617832, 0.007412233875766744, 0.0342880636249871, 0.20871332699797798, 0.0009999991139776892], [0.6371246617228221, 0.24496282733821778, 0.0061658476983876016, 0.030391316921434063, 0.08035534719805516, 0.0009999991210834706], [0.6879190267920909, 0.2265002581919676, 0.005261056534420845, 0.021009783624880287, 0.05830987573718816, 0.0009999991194520944], [0.0849401452663854, 0.16312471517300356, 0.00406732893688357, 0.01978608389708399, 0.7270817276051981, 0.000999999121445388], [0.11129370751528611, 0.24534693002164143, 0.