{
  "prediction": [
    [
      [
        0.803125,
        0.039375,
        0.06874999999999999,
        0.0246875,
        0.0246875,
        0.039375
      ],
      [
        0.7590625,
        0.01,
        0.06874999999999999,
        0.0540625,
        0.08343749999999998,
        0.0246875
      ],
      [
        0.744375,
        0.0246875,
        0.0540625,
        0.06874999999999999,
        0.06874999999999999,
        0.039375
      ],
      [
        0.6709375,
        0.1128125,
        0.0540625,
        0.0540625,
        0.06874999999999999,
        0.039375
      ],
      [
        0.7003125,
        0.09812499999999999,
        0.0246875,
        0.08343749999999998,
        0.0540625,
        0.039375
      ],
      [
        0.7003125,
        0.06874999999999999,
        0.0540625,
        0.06874999999999999,
        0.06874999999999999,
        0.039375
      ],
      [
        0.65625,
        0.09812499999999999,
        0.06874999999999999,
        0.1128125,
        0.039375,
        0.0246875
      ],
      [
        0.6856249999999999,
        0.0540625,
        0.08343749999999998,
        0.09812499999999999,
        0.039375,
        0.039375
      ],
      [
        0.715,
        0.0540625,
        0.0540625,
        0.06874999999999999,
        0.0540625,
        0.0540625
      ],
      [
        0.6709375,
        0.0540625,
        0.039375,
        0.1275,
        0.06874999999999999,
        0.039375
      ],
      [
        0.7296874999999999,
        0.0540625,
        0.09812499999999999,
        0.08343749999999998,
        0.0246875,
        0.01
      ],
      [
        0.6709375,
        0.08343749999999998,
        0.09812499999999999,
        0.08343749999999998,
        0.0540625,
        0.01
      ],
      [
        0.7737499999999999,
        0.039375,
        0.0246875,
        0.0540625,
        0.06874999999999999,
        0.039375
      ],
      [
        0.744375,
        0.08343749999999998,
        0.06874999999999999,
        0.0540625,
        0.039375,
        0.01
      ],
      [
        0.7737499999999999,
        0.06874999999999999,
        0.0246875,
        0.0246875,
        0.08343749999999998,
        0.0246875
      ],
      [
        0.744375,
        0.08343749999999998,
        0.039375,
        0.0246875,
        0.08343749999999998,
        0.0246875
      ],
      [
        0.7296874999999999,
        0.0540625,
        0.0246875,
        0.06874999999999999,
        0.1128125,
        0.01
      ],
      [
        0.7737499999999999,
        0.0246875,
        0.039375,
        0.0246875,
        0.06874999999999999,
        0.06874999999999999
      ],
      [
        0.803125,
        0.01,
        0.0540625,
        0.039375,
        0.06874999999999999,
        0.0246875
      ],
      [
        0.7590625,
        0.06874999999999999,
        0.039375,
        0.0540625,
        0.06874999999999999,
        0.01
      ],
      [
        0.7003125,
        0.039375,
        0.0246875,
        0.06874999999999999,
        0.08343749999999998,
        0.08343749999999998
      ],
      [
        0.626875,
        0.0246875,
        0.0246875,
        0.08343749999999998,
        0.156875,
        0.08343749999999998
      ],
      [
        0.65625,
        0.08343749999999998,
        0.0246875,
        0.09812499999999999,
        0.0540625,
        0.08343749999999998
      ],
      [
        0.715,
        0.0540625,
        0.08343749999999998,
        0.06874999999999999,
        0.039375,
        0.039375
      ],
      [
        0.7737499999999999,
        0.0246875,
        0.06874999999999999,
        0.039375,
        0.039375,
        0.0540625
      ],
      [
        0.7296874999999999,
        0.06874999999999999,
        0.0540625,
        0.039375,
        0.06874999999999999,
        0.039375
      ],
      [
        0.8178124999999999,
        0.06874999999999999,
        0.0246875,
        0.01,
        0.039375,
        0.039375
      ],
      [
        0.6709375,
        0.06874999999999999,
        0.06874999999999999,
        0.08343749999999998,
        0.08343749999999998,
        0.0246875
      ],
      [
        0.7884375,
        0.0540625,
        0.0246875,
        0.039375,
        0.06874999999999999,
        0.0246875
      ],
      [
        0.7590625,
        0.06874999999999999,
        0.0246875,
        0.08343749999999998,
        0.0540625,
        0.01
      ],
      [
        0.744375,
        0.06874999999999999,
        0.0540625,
        0.0246875,
        0.06874999999999999,
        0.039375
      ],
      [
        0.6856249999999999,
        0.06874999999999999,
        0.1128125,
        0.0246875,
        0.039375,
        0.06874999999999999
      ],
      [
        0.7737499999999999,
        0.06874999999999999,
        0.039375,
        0.0246875,
        0.0540625,
        0.039375
      ],
      [
        0.6709375,
        0.0540625,
        0.01,
        0.08343749999999998,
        0.09812499999999999,
        0.08343749999999998
      ],
      [
        0.6121875,
        0.0540625,
        0.0246875,
        0.0246875,
        0.18625,
        0.09812499999999999
      ],
      [
        0.7003125,
        0.0540625,
        0.0246875,
        0.0540625,
        0.09812499999999999,
        0.06874999999999999
      ],
      [
        0.6856249999999999,
        0.08343749999999998,
        0.0540625,
        0.039375,
        0.06874999999999999,
        0.06874999999999999
      ],
      [
        0.7590625,
        0.039375,
        0.0540625,
        0.0246875,
        0.06874999999999999,
        0.0540625
      ],
      [
        0.65625,
        0.0246875,
        0.039375,
        0.06874999999999999,
        0.1275,
        0.08343749999999998
      ],
      [
        0.6709375,
        0.09812499999999999,
        0.039375,
        0.039375,
        0.1275,
        0.0246875
      ]
    ],
    [
      [
        0.7590625,
        0.0246875,
        0.0540625,
        0.039375,
        0.06874999999999999,
        0.0540625
      ],
      [
        0.568125,
        0.1128125,
        0.09812499999999999,
        0.0540625,
        0.1275,
        0.039375
      ],
      [
        0.30374999999999996,
        0.06874999999999999,
        0.0540625,
        0.039375,
        0.4946875,
        0.039375
      ],
      [
        0.6709375,
        0.06874999999999999,
        0.08343749999999998,
        0.01,
        0.08343749999999998,
        0.08343749999999998
      ],
      [
        0.53875,
        0.1275,
        0.1275,
        0.0540625,
        0.08343749999999998,
        0.06874999999999999
      ],
      [
        0.626875,
        0.08343749999999998,
        0.1128125,
        0.039375,
        0.08343749999999998,
        0.0540625
      ],
      [
        0.5828125,
        0.06874999999999999,
        0.1421875,
        0.039375,
        0.08343749999999998,
        0.08343749999999998
      ],
      [
        0.5974999999999999,
        0.1421875,
        0.039375,
        0.08343749999999998,
        0.06874999999999999,
        0.06874999999999999
      ],
      [
        0.5240625,
        0.1275,
        0.09812499999999999,
        0.08343749999999998,
        0.156875,
        0.01
      ],
      [
        0.4946875,
        0.1128125,
        0.1128125,
        0.06874999999999999,
        0.156875,
        0.0540625
      ],
      [
        0.6121875,
        0.1128125,
        0.039375,
        0.06874999999999999,
        0.09812499999999999,
        0.06874999999999999
      ],
      [
        0.7296874999999999,
        0.08343749999999998,
        0.0540625,
        0.08343749999999998,
        0.0246875,
        0.0246875
      ],
      [
        0.65625,
        0.039375,
        0.08343749999999998,
        0.06874999999999999,
        0.1128125,
        0.039375
      ],
      [
        0.5534375,
        0.156875,
        0.08343749999999998,
        0.0540625,
        0.08343749999999998,
        0.06874999999999999
      ],
      [
        0.568125,
        0.09812499999999999,
        0.0540625,
        0.06874999999999999,
        0.1421875,
        0.06874999999999999
      ],
      [
        0.18625,
        0.06874999999999999,
        0.0246875,
        0.0540625,
        0.626875,
        0.039375
      ],
      [
        0.245,
        0.06874999999999999,
        0.0540625,
        0.039375,
        0.53875,
        0.0540625
      ],
      [
        0.568125,
        0.08343749999999998,
        0.06874999999999999,
        0.06874999999999999,
        0.09812499999999999,
        0.1128125
      ],
      [
        0.7590625,
        0.0540625,
        0.0246875,
        0.06874999999999999,
        0.0540625,
        0.039375
      ],
      [
        0.6856249999999999,
        0.039375,
        0.039375,
        0.0246875,
        0.1275,
        0.08343749999999998
      ],
      [
        0.18625,
        0.08343749999999998,
        0.1128125,
        0.1275,
        0.4359375,
        0.0540625
      ],
      [
        0.4946875,
        0.2009375,
        0.0540625,
        0.039375,
        0.1421875,
        0.06874999999999999
      ],
      [
        0.2303125,
        0.08343749999999998,
        0.09812499999999999,
        0.08343749999999998,
        0.4065625,
        0.09812499999999999
      ],
      [
        0.5974999999999999,
        0.18625,
        0.06874999999999999,
        0.0540625,
        0.06874999999999999,
        0.0246875
      ],
      [
        0.5240625,
        0.18625,
        0.08343749999999998,
        0.08343749999999998,
        0.1128125,
        0.01
      ],
      [
        0.5093749999999999,
        0.1275,
        0.06874999999999999,
        0.08343749999999998,
        0.1421875,
        0.06874999999999999
      ],
      [
        0.18625,
        0.08343749999999998,
        0.1128125,
        0.08343749999999998,
        0.48,
        0.0540625
      ],
      [
        0.5240625,
        0.1128125,
        0.08343749999999998,
        0.06874999999999999,
        0.1715625,
        0.039375
      ],
      [
        0.5828125,
        0.1275,
        0.1421875,
        0.039375,
        0.06874999999999999,
        0.039375
      ],
      [
        0.5534375,
        0.156875,
        0.0246875,
        0.09812499999999999,
        0.1128125,
        0.0540625
      ],
      [
        0.6121875,
        0.156875,
        0.0246875,
        0.0540625,
        0.08343749999999998,
        0.06874999999999999
      ],
      [
        0.7296874999999999,
        0.06874999999999999,
        0.039375,
        0.06874999999999999,
        0.08343749999999998,
        0.01
      ],
      [
        0.5974999999999999,
        0.1128125,
        0.08343749999999998,
        0.06874999999999999,
        0.0540625,
        0.08343749999999998
      ],
      [
        0.568125,
        0.06874999999999999,
        0.06874999999999999,
        0.0246875,
        0.18625,
        0.08343749999999998
      ],
      [
        0.215625,
        0.09812499999999999,
        0.0540625,
        0.1128125,
        0.450625,
        0.06874999999999999
      ],
      [
        0.1421875,
        0.156875,
        0.06874999999999999,
        0.08343749999999998,
        0.4946875,
        0.0540625
      ],
      [
        0.7296874999999999,
        0.039375,
        0.0540625,
        0.0246875,
        0.09812499999999999,
        0.0540625
      ],
      [
        0.626875,
        0.1421875,
        0.0540625,
        0.039375,
        0.09812499999999999,
        0.039375
      ],
      [
        0.2890625,
        0.01,
        0.039375,
        0.08343749999999998,
        0.5093749999999999,
        0.06874999999999999
      ],
      [
        0.6856249999999999,
        0.09812499999999999,
        0.039375,
        0.0540625,
        0.08343749999999998,
        0.039375
      ]
    ],
    [
      [
        0.744375,
        0.06874999999999999,
        0.08343749999999998,
        0.039375,
        0.039375,
        0.0246875
      ],
      [
        0.7296874999999999,
        0.0246875,
        0.0540625,
        0.039375,
        0.09812499999999999,
        0.0540625
      ],
      [
        0.6856249999999999,
        0.0540625,
        0.0246875,
        0.08343749999999998,
        0.0540625,
        0.09812499999999999
      ],
      [
        0.5240625,
        0.1421875,
        0.09812499999999999,
        0.09812499999999999,
        0.08343749999999998,
        0.0540625
      ],
      [
        0.2009375,
        0.18625,
        0.08343749999999998,
        0.09812499999999999,
        0.34781249999999997,
        0.08343749999999998
      ],
      [
        0.5974999999999999,
        0.08343749999999998,
        0.08343749999999998,
        0.039375,
        0.156875,
        0.039375
      ],
      [
        0.53875,
        0.09812499999999999,
        0.09812499999999999,
        0.1128125,
        0.1421875,
        0.01
      ],
      [
        0.5093749999999999,
        0.1275,
        0.0540625,
        0.1128125,
        0.1128125,
        0.08343749999999998
      ],
      [
        0.333125,
        0.1128125,
        0.0246875,
        0.09812499999999999,
        0.3771875,
        0.0540625
      ],
      [
        0.156875,
        0.1275,
        0.09812499999999999,
        0.0540625,
        0.5093749999999999,
        0.0540625
      ],
      [
        0.7003125,
        0.06874999999999999,
        0.0246875,
        0.0540625,
        0.1128125,
        0.039375
      ],
      [
        0.6121875,
        0.09812499999999999,
        0.039375,
        0.06874999999999999,
        0.1275,
        0.0540625
      ],
      [
        0.5534375,
        0.1275,
        0.09812499999999999,
        0.06874999999999999,
        0.09812499999999999,
        0.0540625
      ],
      [
        0.245,
        0.1128125,
        0.0246875,
        0.08343749999999998,
        0.5093749999999999,
        0.0246875
      ],
      [
        0.5093749999999999,
        0.09812499999999999,
        0.06874999999999999,
        0.08343749999999998,
        0.2009375,
        0.039375
      ],
      [
        0.5828125,
        0.08343749999999998,
        0.06874999999999999,
        0.08343749999999998,
        0.1128125,
        0.06874999999999999
      ],
      [
        0.6709375,
        0.1128125,
        0.0246875,
        0.0246875,
        0.156875,
        0.01
      ],
      [
        0.626875,
        0.1275,
        0.1128125,
        0.039375,
        0.08343749999999998,
        0.01
      ],
      [
        0.7884375,
        0.039375,
        0.0246875,
        0.039375,
        0.039375,
        0.06874999999999999
      ],
      [
        0.5974999999999999,
        0.08343749999999998,
        0.1128125,
        0.039375,
        0.1128125,
        0.0540625
      ],
      [
        0.5974999999999999,
        0.1421875,
        0.039375,
        0.09812499999999999,
        0.09812499999999999,
        0.0246875
      ],
      [
        0.5534375,
        0.156875,
        0.039375,
        0.039375,
        0.1715625,
        0.039375
      ],
      [
        0.568125,
        0.1421875,
        0.039375,
        0.0540625,
        0.156875,
        0.039375
      ],
      [
        0.450625,
        0.18625,
        0.06874999999999999,
        0.1128125,
        0.1128125,
        0.06874999999999999
      ],
      [
        0.215625,
        0.3184375,
        0.1128125,
        0.18625,
        0.1275,
        0.039375
      ],
      [
        0.215625,
        0.1275,
        0.08343749999999998,
        0.0246875,
        0.48,
        0.06874999999999999
      ],
      [
        0.18625,
        0.1275,
        0.039375,
        0.09812499999999999,
        0.46531249999999996,
        0.08343749999999998
      ],
      [
        0.450625,
        0.215625,
        0.0246875,
        0.09812499999999999,
        0.156875,
        0.0540625
      ],
      [
        0.5974999999999999,
        0.1128125,
        0.0540625,
        0.06874999999999999,
        0.1128125,
        0.0540625
      ],
      [
        0.274375,
        0.09812499999999999,
        0.0246875,
        0.01,
        0.48,
        0.1128125
      ],
      [
        0.5828125,
        0.09812499999999999,
        0.0540625,
        0.06874999999999999,
        0.06874999999999999,
        0.1275
      ],
      [
        0.5093749999999999,
        0.18625,
        0.08343749999999998,
        0.039375,
        0.09812499999999999,
        0.08343749999999998
      ],
      [
        0.18625,
        0.08343749999999998,
        0.039375,
        0.06874999999999999,
        0.5974999999999999,
        0.0246875
      ],
      [
        0.215625,
        0.1128125,
        0.0540625,
        0.06874999999999999,
        0.42125,
        0.1275
      ],
      [
        0.5240625,
        0.1128125,
        0.01,
        0.0540625,
        0.2303125,
        0.06874999999999999
      ],
      [
        0.2890625,
        0.1128125,
        0.0246875,
        0.08343749999999998,
        0.48,
        0.01
      ],
      [
        0.626875,
        0.1275,
        0.039375,
        0.039375,
        0.1275,
        0.039375
      ],
      [
        0.6121875,
        0.08343749999999998,
        0.0540625,
        0.0540625,
        0.1421875,
        0.0540625
      ],
      [
        0.2303125,
        0.1275,
        0.06874999999999999,
        0.0540625,
        0.46531249999999996,
        0.0540625
      ],
      [
        0.6709375,
        0.039375,
        0.0540625,
        0.08343749999999998,
        0.09812499999999999,
        0.0540625
      ]
    ],
    [
      [
        0.7884375,
        0.039375,
        0.0540625,
        0.0246875,
        0.0540625,
        0.039375
      ],
      [
        0.6121875,
        0.1275,
        0.08343749999999998,
        0.039375,
        0.09812499999999999,
        0.039375
      ],
      [
        0.53875,
        0.09812499999999999,
        0.1275,
        0.06874999999999999,
        0.1275,
        0.039375
      ],
      [
        0.6709375,
        0.0540625,
        0.08343749999999998,
        0.0246875,
        0.0540625,
        0.1128125
      ],
      [
        0.5534375,
        0.2009375,
        0.06874999999999999,
        0.0540625,
        0.0540625,
        0.06874999999999999
      ],
      [
        0.48,
        0.09812499999999999,
        0.08343749999999998,
        0.0540625,
        0.2303125,
        0.0540625
      ],
      [
        0.3184375,
        0.0540625,
        0.0540625,
        0.0540625,
        0.48,
        0.039375
      ],
      [
        0.4946875,
        0.156875,
        0.06874999999999999,
        0.039375,
        0.2303125,
        0.01
      ],
      [
        0.09812499999999999,
        0.5240625,
        0.06874999999999999,
        0.1421875,
        0.1275,
        0.039375
      ],
      [
        0.5240625,
        0.2009375,
        0.0246875,
        0.1275,
        0.08343749999999998,
        0.039375
      ],
      [
        0.5828125,
        0.1275,
        0.0540625,
        0.08343749999999998,
        0.1128125,
        0.039375
      ],
      [
        0.274375,
        0.09812499999999999,
        0.0540625,
        0.09812499999999999,
        0.450625,
        0.0246875
      ],
      [
        0.450625,
        0.09812499999999999,
        0.039375,
        0.06874999999999999,
        0.25968749999999996,
        0.08343749999999998
      ],
      [
        0.450625,
        0.1275,
        0.039375,
        0.08343749999999998,
        0.215625,
        0.08343749999999998
      ],
      [
        0.46531249999999996,
        0.156875,
        0.09812499999999999,
        0.06874999999999999,
        0.1715625,
        0.039375
      ],
      [
        0.5974999999999999,
        0.09812499999999999,
        0.08343749999999998,
        0.0540625,
        0.1421875,
        0.0246875
      ],
      [
        0.6415624999999999,
        0.156875,
        0.0540625,
        0.06874999999999999,
        0.0540625,
        0.0246875
      ],
      [
        0.626875,
        0.09812499999999999,
        0.06874999999999999,
        0.0540625,
        0.08343749999999998,
        0.06874999999999999
      ],
      [
        0.7590625,
        0.0246875,
        0.0540625,
        0.06874999999999999,
        0.08343749999999998,
        0.01
      ],
      [
        0.5828125,
        0.1128125,
        0.06874999999999999,
        0.0540625,
        0.09812499999999999,
        0.08343749999999998
      ],
      [
        0.48,
        0.1128125,
        0.09812499999999999,
        0.08343749999999998,
        0.156875,
        0.06874999999999999
      ],
      [
        0.2890625,
        0.1421875,
        0.039375,
        0.06874999999999999,
        0.4065625,
        0.0540625
      ],
      [
        0.450625,
        0.2009375,
        0.0540625,
        0.08343749999999998,
        0.1715625,
        0.039375
      ],
      [
        0.2303125,
        0.156875,
        0.01,
        0.1128125,
        0.4359375,
        0.0540625
      ],
      [
        0.3771875,
        0.25968749999999996,
        0.08343749999999998,
        0.08343749999999998,
        0.1128125,
        0.08343749999999998
      ],
      [
        0.46531249999999996,
        0.274375,
        0.039375,
        0.0540625,
        0.156875,
        0.01
      ],
      [
        0.48,
        0.1421875,
        0.09812499999999999,
        0.09812499999999999,
        0.156875,
        0.0246875
      ],
      [
        0.1715625,
        0.156875,
        0.039375,
        0.0540625,
        0.53875,
        0.039375
      ],
      [
        0.156875,
        0.4065625,
        0.0540625,
        0.1128125,
        0.2009375,
        0.06874999999999999
      ],
      [
        0.25968749999999996,
        0.09812499999999999,
        0.01,
        0.06874999999999999,
        0.46531249999999996,
        0.09812499999999999
      ],
      [
        0.4359375,
        0.1715625,
        0.09812499999999999,
        0.0246875,
        0.215625,
        0.0540625
      ],
      [
        0.46531249999999996,
        0.18625,
        0.09812499999999999,
        0.039375,
        0.1421875,
        0.06874999999999999
      ],
      [
        0.5974999999999999,
        0.06874999999999999,
        0.08343749999999998,
        0.039375,
        0.156875,
        0.0540625
      ],
      [
        0.2009375,
        0.06874999999999999,
        0.06874999999999999,
        0.0540625,
        0.53875,
        0.06874999999999999
      ],
      [
        0.5828125,
        0.1275,
        0.0246875,
        0.01,
        0.1715625,
        0.08343749999999998
      ],
      [
        0.2009375,
        0.0540625,
        0.06874999999999999,
        0.06874999999999999,
        0.568125,
        0.039375
      ],
      [
        0.4946875,
        0.1275,
        0.039375,
        0.08343749999999998,
        0.2009375,
        0.0540625
      ],
      [
        0.2009375,
        0.08343749999999998,
        0.0540625,
        0.08343749999999998,
        0.4946875,
        0.08343749999999998
      ],
      [
        0.53875,
        0.09812499999999999,
        0.0540625,
        0.0540625,
        0.215625,
        0.039375
      ],
      [
        0.7590625,
        0.06874999999999999,
        0.06874999999999999,
        0.0246875,
        0.039375,
        0.039375
      ]
    ],
    [
      [
        0.626875,
        0.06874999999999999,
        0.06874999999999999,
        0.06874999999999999,
        0.09812499999999999,
        0.06874999999999999
      ],
      [
        0.34781249999999997,
        0.1128125,
        0.1128125,
        0.09812499999999999,
        0.30374999999999996,
        0.0246875
      ],
      [
        0.5974999999999999,
        0.08343749999999998,
        0.1128125,
        0.01,
        0.1421875,
        0.0540625
      ],
      [
        0.53875,
        0.2009375,
        0.06874999999999999,
        0.08343749999999998,
        0.08343749999999998,
        0.0246875
      ],
      [
        0.245,
        0.08343749999999998,
        0.09812499999999999,
        0.0540625,
        0.46531249999999996,
        0.0540625
      ],
      [
        0.53875,
        0.1128125,
        0.08343749999999998,
        0.08343749999999998,
        0.156875,
        0.0246875
      ],
      [
        0.1421875,
        0.0540625,
        0.09812499999999999,
        0.1128125,
        0.4946875,
        0.09812499999999999
      ],
      [
        0.2009375,
        0.156875,
        0.0540625,
        0.09812499999999999,
        0.450625,
        0.039375
      ],
      [
        0.46531249999999996,
        0.245,
        0.08343749999999998,
        0.08343749999999998,
        0.06874999999999999,
        0.0540625
      ],
      [
        0.4946875,
        0.2303125,
        0.0540625,
        0.0540625,
        0.09812499999999999,
        0.06874999999999999
      ],
      [
        0.568125,
        0.06874999999999999,
        0.06874999999999999,
        0.08343749999999998,
        0.2009375,
        0.01
      ],
      [
        0.5534375,
        0.1421875,
        0.0540625,
        0.0540625,
        0.1421875,
        0.0540625
      ],
      [
        0.2009375,
        0.1128125,
        0.039375,
        0.0540625,
        0.5240625,
        0.06874999999999999
      ],
      [
        0.1128125,
        0.1128125,
        0.0540625,
        0.06874999999999999,
        0.5974999999999999,
        0.0540625
      ],
      [
        0.2303125,
        0.08343749999999998,
        0.0540625,
        0.01,
        0.5828125,
        0.039375
      ],
      [
        0.6121875,
        0.1128125,
        0.0246875,
        0.0246875,
        0.18625,
        0.039375
      ],
      [
        0.53875,
        0.1275,
        0.0540625,
        0.06874999999999999,
        0.1421875,
        0.06874999999999999
      ],
      [
        0.42125,
        0.1421875,
        0.09812499999999999,
        0.1421875,
        0.1275,
        0.06874999999999999
      ],
      [
        0.6856249999999999,
        0.08343749999999998,
        0.0540625,
        0.0540625,
        0.039375,
        0.08343749999999998
      ],
      [
        0.245,
        0.09812499999999999,
        0.0540625,
        0.08343749999999998,
        0.4946875,
        0.0246875
      ],
      [
        0.1128125,
        0.3625,
        0.245,
        0.08343749999999998,
        0.1275,
        0.06874999999999999
      ],
      [
        0.42125,
        0.156875,
        0.09812499999999999,
        0.06874999999999999,
        0.215625,
        0.039375
      ],
      [
        0.18625,
        0.1421875,
        0.06874999999999999,
        0.08343749999999998,
        0.42125,
        0.09812499999999999
      ],
      [
        0.1715625,
        0.450625,
        0.08343749999999998,
        0.1275,
        0.09812499999999999,
        0.06874999999999999
      ],
      [
        0.5240625,
        0.1275,
        0.1128125,
        0.039375,
        0.1275,
        0.06874999999999999
      ],
      [
        0.5974999999999999,
        0.18625,
        0.039375,
        0.06874999999999999,
        0.08343749999999998,
        0.0246875
      ],
      [
        0.1715625,
        0.4065625,
        0.09812499999999999,
        0.1421875,
        0.08343749999999998,
        0.09812499999999999
      ],
      [
        0.25968749999999996,
        0.215625,
        0.039375,
        0.06874999999999999,
        0.3771875,
        0.039375
      ],
      [
        0.5093749999999999,
        0.1715625,
        0.039375,
        0.0540625,
        0.156875,
        0.06874999999999999
      ],
      [
        0.2303125,
        0.1715625,
        0.039375,
        0.09812499999999999,
        0.391875,
        0.06874999999999999
      ],
      [
        0.215625,
        0.450625,
        0.039375,
        0.1275,
        0.1275,
        0.039375
      ],
      [
        0.48,
        0.1275,
        0.1128125,
        0.1128125,
        0.09812499999999999,
        0.06874999999999999
      ],
      [
        0.65625,
        0.0540625,
        0.039375,
        0.0540625,
        0.1421875,
        0.0540625
      ],
      [
        0.5828125,
        0.09812499999999999,
        0.06874999999999999,
        0.0540625,
        0.1128125,
        0.08343749999999998
      ],
      [
        0.568125,
        0.09812499999999999,
        0.08343749999999998,
        0.0246875,
        0.1715625,
        0.0540625
      ],
      [
        0.245,
        0.0540625,
        0.0246875,
        0.06874999999999999,
        0.5534375,
        0.0540625
      ],
      [
        0.626875,
        0.09812499999999999,
        0.0246875,
        0.01,
        0.2303125,
        0.01
      ],
      [
        0.5240625,
        0.1715625,
        0.0540625,
        0.06874999999999999,
        0.1421875,
        0.039375
      ],
      [
        0.53875,
        0.09812499999999999,
        0.0540625,
        0.09812499999999999,
        0.1128125,
        0.09812499999999999
      ],
      [
        0.8178124999999999,
        0.039375,
        0.039375,
        0.0246875,
        0.039375,
        0.039375
      ]
    ],
    [
      [
        0.8471875,
        0.0246875,
        0.0246875,
        0.01,
        0.039375,
        0.0540625
      ],
      [
        0.4946875,
        0.1421875,
        0.06874999999999999,
        0.08343749999999998,
        0.1275,
        0.08343749999999998
      ],
      [
        0.215625,
        0.3771875,
        0.09812499999999999,
        0.1715625,
        0.1128125,
        0.0246875
      ],
      [
        0.18625,
        0.156875,
        0.0540625,
        0.06874999999999999,
        0.48,
        0.0540625
      ],
      [
        0.568125,
        0.0540625,
        0.1128125,
        0.0246875,
        0.2009375,
        0.039375
      ],
      [
        0.5534375,
        0.08343749999999998,
        0.08343749999999998,
        0.01,
        0.215625,
        0.0540625
      ],
      [
        0.568125,
        0.09812499999999999,
        0.01,
        0.06874999999999999,
        0.18625,
        0.06874999999999999
      ],
      [
        0.4946875,
        0.1128125,
        0.09812499999999999,
        0.06874999999999999,
        0.18625,
        0.039375
      ],
      [
        0.1128125,
        0.1715625,
        0.0246875,
        0.08343749999999998,
        0.5240625,
        0.08343749999999998
      ],
      [
        0.2009375,
        0.1715625,
        0.01,
        0.09812499999999999,
        0.46531249999999996,
        0.0540625
      ],
      [
        0.1421875,
        0.09812499999999999,
        0.039375,
        0.156875,
        0.53875,
        0.0246875
      ],
      [
        0.568125,
        0.08343749999999998,
        0.0246875,
        0.039375,
        0.1715625,
        0.1128125
      ],
      [
        0.1715625,
        0.0540625,
        0.0540625,
        0.1128125,
        0.5534375,
        0.0540625
      ],
      [
        0.1421875,
        0.0540625,
        0.0540625,
        0.0246875,
        0.65625,
        0.06874999999999999
      ],
      [
        0.215625,
        0.1128125,
        0.039375,
        0.039375,
        0.5240625,
        0.06874999999999999
      ],
      [
        0.48,
        0.1275,
        0.0246875,
        0.0540625,
        0.2890625,
        0.0246875
      ],
      [
        0.1421875,
        0.08343749999999998,
        0.08343749999999998,
        0.0540625,
        0.5828125,
        0.0540625
      ],
      [
        0.245,
        0.09812499999999999,
        0.08343749999999998,
        0.08343749999999998,
        0.4359375,
        0.0540625
      ],
      [
        0.1275,
        0.3184375,
        0.274375,
        0.1275,
        0.09812499999999999,
        0.0540625
      ],
      [
        0.6856249999999999,
        0.06874999999999999,
        0.08343749999999998,
        0.08343749999999998,
        0.0540625,
        0.0246875
      ],
      [
        0.4065625,
        0.2303125,
        0.08343749999999998,
        0.06874999999999999,
        0.1715625,
        0.039375
      ],
      [
        0.4359375,
        0.1275,
        0.1421875,
        0.06874999999999999,
        0.1275,
        0.09812499999999999
      ],
      [
        0.1421875,
        0.1275,
        0.0540625,
        0.1421875,
        0.46531249999999996,
        0.06874999999999999
      ],
      [
        0.450625,
        0.2009375,
        0.0540625,
        0.09812499999999999,
        0.1275,
        0.06874999999999999
      ],
      [
        0.626875,
        0.1421875,
        0.039375,
        0.08343749999999998,
        0.09812499999999999,
        0.01
      ],
      [
        0.53875,
        0.18625,
        0.08343749999999998,
        0.0540625,
        0.0540625,
        0.08343749999999998
      ],
      [
        0.568125,
        0.156875,
        0.039375,
        0.06874999999999999,
        0.08343749999999998,
        0.08343749999999998
      ],
      [
        0.626875,
        0.18625,
        0.01,
        0.039375,
        0.1128125,
        0.0246875
      ],
      [
        0.53875,
        0.1128125,
        0.039375,
        0.08343749999999998,
        0.156875,
        0.06874999999999999
      ],
      [
        0.4946875,
        0.1715625,
        0.06874999999999999,
        0.06874999999999999,
        0.1715625,
        0.0246875
      ],
      [
        0.4359375,
        0.1275,
        0.0246875,
        0.1128125,
        0.18625,
        0.1128125
      ],
      [
        0.156875,
        0.1275,
        0.0246875,
        0.09812499999999999,
        0.568125,
        0.0246875
      ],
      [
        0.6856249999999999,
        0.1128125,
        0.0246875,
        0.01,
        0.1275,
        0.039375
      ],
      [
        0.6415624999999999,
        0.09812499999999999,
        0.039375,
        0.039375,
        0.1421875,
        0.039375
      ],
      [
        0.5828125,
        0.18625,
        0.09812499999999999,
        0.0246875,
        0.0540625,
        0.0540625
      ],
      [
        0.5093749999999999,
        0.1128125,
        0.0540625,
        0.06874999999999999,
        0.215625,
        0.039375
      ],
      [
        0.18625,
        0.06874999999999999,
        0.01,
        0.039375,
        0.5828125,
        0.1128125
      ],
      [
        0.5828125,
        0.09812499999999999,
        0.0246875,
        0.0540625,
        0.156875,
        0.08343749999999998
      ],
      [
        0.5974999999999999,
        0.1128125,
        0.09812499999999999,
        0.0540625,
        0.08343749999999998,
        0.0540625
      ],
      [
        0.7884375,
        0.0246875,
        0.039375,
        0.06874999999999999,
        0.06874999999999999,
        0.01
      ]
    ],
    [
      [
        0.7296874999999999,
        0.06874999999999999,
        0.09812499999999999,
        0.039375,
        0.039375,
        0.0246875
      ],
      [
        0.626875,
        0.1275,
        0.06874999999999999,
        0.08343749999999998,
        0.039375,
        0.0540625
      ],
      [
        0.18625,
        0.2009375,
        0.0540625,
        0.1128125,
        0.42125,
        0.0246875
      ],
      [
        0.4359375,
        0.1275,
        0.0246875,
        0.08343749999999998,
        0.2890625,
        0.039375
      ],
      [
        0.215625,
        0.09812499999999999,
        0.0540625,
        0.08343749999999998,
        0.4946875,
        0.0540625
      ],
      [
        0.568125,
        0.18625,
        0.0246875,
        0.0540625,
        0.1128125,
        0.0540625
      ],
      [
        0.5974999999999999,
        0.1275,
        0.08343749999999998,
        0.0246875,
        0.09812499999999999,
        0.06874999999999999
      ],
      [
        0.7296874999999999,
        0.08343749999999998,
        0.039375,
        0.0246875,
        0.1128125,
        0.01
      ],
      [
        0.5240625,
        0.1275,
        0.0540625,
        0.1128125,
        0.1421875,
        0.039375
      ],
      [
        0.6121875,
        0.08343749999999998,
        0.0540625,
        0.08343749999999998,
        0.1421875,
        0.0246875
      ],
      [
        0.215625,
        0.09812499999999999,
        0.039375,
        0.08343749999999998,
        0.5093749999999999,
        0.0540625
      ],
      [
        0.568125,
        0.156875,
        0.039375,
        0.01,
        0.1715625,
        0.0540625
      ],
      [
        0.2303125,
        0.0540625,
        0.039375,
        0.0540625,
        0.5240625,
        0.09812499999999999
      ],
      [
        0.53875,
        0.09812499999999999,
        0.06874999999999999,
        0.0540625,
        0.18625,
        0.0540625
      ],
      [
        0.6709375,
        0.039375,
        0.0246875,
        0.08343749999999998,
        0.1275,
        0.0540625
      ],
      [
        0.5093749999999999,
        0.1128125,
        0.039375,
        0.0540625,
        0.215625,
        0.06874999999999999
      ],
      [
        0.18625,
        0.08343749999999998,
        0.09812499999999999,
        0.039375,
        0.53875,
        0.0540625
      ],
      [
        0.215625,
        0.1421875,
        0.01,
        0.08343749999999998,
        0.46531249999999996,
        0.08343749999999998
      ],
      [
        0.5093749999999999,
        0.1128125,
        0.0540625,
        0.0540625,
        0.245,
        0.0246875
      ],
      [
        0.4946875,
        0.2009375,
        0.06874999999999999,
        0.039375,
        0.09812499999999999,
        0.09812499999999999
      ],
      [
        0.715,
        0.08343749999999998,
        0.0246875,
        0.0540625,
        0.08343749999999998,
        0.039375
      ],
      [
        0.4946875,
        0.1128125,
        0.1128125,
        0.08343749999999998,
        0.1275,
        0.06874999999999999
      ],
      [
        0.46531249999999996,
        0.18625,
        0.06874999999999999,
        0.08343749999999998,
        0.09812499999999999,
        0.09812499999999999
      ],
      [
        0.5240625,
        0.156875,
        0.08343749999999998,
        0.0540625,
        0.1421875,
        0.039375
      ],
      [
        0.6121875,
        0.1128125,
        0.0540625,
        0.0540625,
        0.1275,
        0.039375
      ],
      [
        0.5093749999999999,
        0.1128125,
        0.1275,
        0.06874999999999999,
        0.09812499999999999,
        0.08343749999999998
      ],
      [
        0.5240625,
        0.09812499999999999,
        0.08343749999999998,
        0.1128125,
        0.1128125,
        0.06874999999999999
      ],
      [
        0.30374999999999996,
        0.1275,
        0.0540625,
        0.08343749999999998,
        0.3625,
        0.06874999999999999
      ],
      [
        0.5093749999999999,
        0.08343749999999998,
        0.039375,
        0.1275,
        0.1275,
        0.1128125
      ],
      [
        0.18625,
        0.0540625,
        0.08343749999999998,
        0.06874999999999999,
        0.568125,
        0.039375
      ],
      [
        0.1421875,
        0.1715625,
        0.01,
        0.08343749999999998,
        0.5093749999999999,
        0.08343749999999998
      ],
      [
        0.215625,
        0.46531249999999996,
        0.08343749999999998,
        0.0540625,
        0.09812499999999999,
        0.08343749999999998
      ],
      [
        0.53875,
        0.1715625,
        0.06874999999999999,
        0.039375,
        0.1128125,
