[[[1.0, 0.0, 0.0, 0.0, 0.0, 0.0], [1.0, 0.0, 0.0, 0.0, 0.0, 0.0], [1.0, 0.0, 0.0, 0.0, 0.0, 0.0], [1.0, 0.0, 0.0, 0.0, 0.0, 0.0], [1.0, 0.0, 0.0, 0.0, 0.0, 0.0], [1.0, 0.0, 0.0, 0.0, 0.0, 0.0], [1.0, 0.0, 0.0, 0.0, 0.0, 0.0], [1.0, 0.0, 0.0, 0.0, 0.0, 0.0], [1.0, 0.0, 0.0, 0.0, 0.0, 0.0], [1.0, 0.0, 0.0, 0.0, 0.0, 0.0], [1.0, 0.0, 0.0, 0.0, 0.0, 0.0], [1.0, 0.0, 0.0, 0.0, 0.0, 0.0], [1.0, 0.0, 0.0, 0.0, 0.0, 0.0], [1.0, 0.0, 0.0, 0.0, 0.0, 0.0], [1.0, 0.0, 0.0, 0.0, 0.0, 0.0], [1.0, 0.0, 0.0, 0.0, 0.0, 0.0], [1.0, 0.0, 0.0, 0.0, 0.0, 0.0], [1.0, 0.0, 0.0, 0.0, 0.0, 0.0], [1.0, 0.0, 0.0, 0.0, 0.0, 0.0], [1.0, 0.0, 0.0, 0.0, 0.0, 0.0], [1.0, 0.0, 0.0, 0.0, 0.0, 0.0], [1.0, 0.0, 0.0, 0.0, 0.0, 0.0], [1.0, 0.0, 0.0, 0.0, 0.0, 0.0], [1.0, 0.0, 0.0, 0.0, 0.0, 0.0], [1.0, 0.0, 0.0, 0.0, 0.0, 0.0], [1.0, 0.0, 0.0, 0.0, 0.0, 0.0], [1.0, 0.0, 0.0, 0.0, 0.0, 0.0], [1.0, 0.0, 0.0, 0.0, 0.0, 0.0], [1.0, 0.0, 0.0, 0.0, 0.0, 0.0], [1.0, 0.0, 0.0, 0.0, 0.0, 0.0], [1.0, 0.0, 0.0, 0.0, 0.0, 0.0], [1.0, 0.0, 0.0, 0.0, 0.0, 0.0], [1.0, 0.0, 0.0, 0.0, 0.0, 0.0], [1.0, 0.0, 0.0, 0.0, 0.0, 0.0], [1.0, 0.0, 0.0, 0.0, 0.0, 0.0], [1.0, 0.0, 0.0, 0.0, 0.0, 0.0], [1.0, 0.0, 0.0, 0.0, 0.0, 0.0], [1.0, 0.0, 0.0, 0.0, 0.0, 0.0], [1.0, 0.0, 0.0, 0.0, 0.0, 0.0], [1.0, 0.0, 0.0, 0.0, 0.0, 0.0]], [[1.0, 0.0, 0.0, 0.0, 0.0, 0.0], [0.9119377916535372, 0.009875410663888083, 0.009875410663888083, 0.009875410663888083, 0.05744843528840985, 0.0009875410663888083], [0.1831589908920515, 0.012897371748594162, 0.00995516615954714, 0.00995516615954714, 0.7830377884243055, 0.0009955166159547142], [0.18316462136659942, 0.01289776822557305, 0.009955171104126566, 0.009955171104126566, 0.7830317510891619, 0.0009955171104126565], [0.9117817677002729, 0.009875884403408483, 0.009875884403408483, 0.009875884403408483, 0.05760299064916103, 0.0009875884403408484], [0.9119126956180829, 0.009875486863622492, 0.009875486863622492, 0.009875486863622492, 0.05747329510468751, 0.0009875486863622494], [0.9119317287893086, 0.00987542907271783, 0.00987542907271783, 0.00987542907271783, 0.05745444108526617, 0.000987542907271783], [1.0, 0.0, 0.0, 0.0, 0.0, 0.0], [0.18323244796045626, 0.012902544320872286, 0.009955230668196636, 0.009955230668196636, 0.7829590233154586, 0.0009955230668196636], [0.9119174652246054, 0.009875472381544202, 0.009875472381544202, 0.009875472381544202, 0.05746857039260783, 0.00098754723815442], [0.9116299476345653, 0.009886569449868515, 0.009886569449868515, 0.009886569449868515, 0.05772168707084246, 0.0009886569449868514], [0.911820546563593, 0.009875766658153817, 0.009875766658153817, 0.009875766658153817, 0.05756457679613027, 0.0009875766658153818], [0.9115750164166434, 0.009889226855828794, 0.009889226855828794, 0.009889226855828794, 0.05776838033028737, 0.0009889226855828795], [0.9116368892285626, 0.009886791341268856, 0.009886791341268856, 0.009886791341268856, 0.05771405761350403, 0.0009886791341268855], [0.9115073430019263, 0.009896013837177654, 0.009896013837177654, 0.009896013837177654, 0.05781501410282306, 0.0009896013837177654], [0.18318051517556871, 0.012898887408212024, 0.009955185061777944, 0.009955185061777944, 0.7830147087864857, 0.0009955185061777943], [0.22969632799358922, 0.016174357136343534, 0.012099960249654635, 0.009975224050251039, 0.7310566081651365, 0.000997522405025104], [0.8970730731401959, 0.010019585251899126, 0.009919276449271123, 0.009919276449271123, 0.07207686106443564, 0.0009919276449271122], [0.8970799724190761, 0.010018745901816003, 0.009919265981492733, 0.009919265981492733, 0.0720708231179733, 0.0009919265981492733], [0.2293049903469171, 0.016146800601533156, 0.012079345335997596, 0.009975080891616195, 0.7314962747347745, 0.0009975080891616193], [1.0, 0.0, 0.0, 0.0, 0.0, 0.0], [0.22973845641858817, 0.016177323662615328, 0.01853112784999827, 0.009975239461617316, 0.7245803286610194, 0.0009975239461617316], [0.18301877095279492, 0.012887497984416107, 0.009955043020969593, 0.009955043020969593, 0.7831881407187529, 0.0009955043020969593], [0.9118514247896092, 0.009875672901806297, 0.009875672901806297, 0.009875672901806297, 0.057533989214791276, 0.0009875672901806297], [0.9119188555419266, 0.009875468160088153, 0.009875468160088153, 0.009875468160088153, 0.05746719316180029, 0.0009875468160088154], [0.9118535030752926, 0.009875666591454313, 0.009875666591454313, 0.009875666591454313, 0.057531930491199056, 0.0009875666591454312], [0.18324194748456757, 0.012903213241864378, 0.009955239010504388, 0.009955239010504388, 0.782948837351509, 0.000995523901050439], [0.18345117381949694, 0.012917946178577106, 0.009955422749232314, 0.009955422749232314, 0.7827244922285383, 0.0009955422749232314], [0.911735186828012, 0.009879557969429378, 0.009879557969429378, 0.009879557969429378, 0.05763818346675697, 0.0009879557969429379], [0.911768225668455, 0.009876315606914115, 0.009876315606914115, 0.009876315606914115, 0.057615195950111484, 0.0009876315606914116], [0.18344616243241813, 0.012917593295424518, 0.011709757716728535, 0.009958304874139628, 0.7809723511938754, 0.0009958304874139628], [0.18347331205781195, 0.01291950507059773, 0.010765026340150651, 0.009958314805980688, 0.781888010244861, 0.000995831480598069], [0.9118346183229816, 0.009875723931710828, 0.009875723931710828, 0.009875723931710828, 0.057550637488714765, 0.0009875723931710826], [0.9116278620676175, 0.009885931132226758, 0.009885931132226758, 0.009885931132226758, 0.05772575142247978, 0.0009885931132226757], [0.1830759336000809, 0.01289152316444463, 0.009955093220157477, 0.009955093220157477, 0.783126847473144, 0.0009955093220157477], [0.9118482111341127, 0.009875682659510686, 0.009875682659510686, 0.009875682659510686, 0.057537172621404134, 0.0009875682659510685], [0.911691131119261, 0.009876491656805136, 0.009876491656805136, 0.009876491656805136, 0.05769174474464318, 0.0009876491656805135], [0.8969802687646609, 0.010030875614511442, 0.009919417254658712, 0.009919417254658712, 0.07215807938604445, 0.0009919417254658713], [0.8970967094875542, 0.010016709709329413, 0.00991924058754551, 0.00991924058754551, 0.0720561755692708, 0.000991924058754551], [1.0, 0.0, 0.0, 0.0, 0.0, 0.0]], [[1.0, 0.0, 0.0, 0.0, 0.0, 0.0], [0.9119672187919955, 0.00987532131351483, 0.00987532131351483, 0.00987532131351483, 0.05741928513610854, 0.000987532131351483], [0.8987759494082224, 0.02654827035692982, 0.000992794672979646, 0.009927946729796458, 0.06276224415909225, 0.000992794672979646], [0.1709101031773723, 0.030392154933538265, 0.000995133165846165, 0.00995133165846165, 0.7867561438989357, 0.000995133165846165], [0.9033797356710814, 0.022100633297426904, 0.0009927831083856426, 0.009927831083856425, 0.06260623373086396, 0.0009927831083856426], [0.9028540415526337, 0.02261539991338019, 0.0009927839176893539, 0.009927839176893539, 0.06261715152171393, 0.0009927839176893539], [0.8665188896094249, 0.044057182936648474, 0.009913259281639454, 0.009913259281639454, 0.06860608296248392, 0.0009913259281639454], [0.9112509277308158, 0.00990140792090767, 0.00990140792090767, 0.00990140792090767, 0.05805470771437058, 0.0009901407920907671], [1.0, 0.0, 0.0, 0.0, 0.0, 0.0], [0.9062551478076188, 0.009916751696372749, 0.01396275734132817, 0.009916751696372749, 0.05895691628867032, 0.000991675169637275], [0.16490685963317736, 0.09517392283502074, 0.000997958019963152, 0.00997958019963152, 0.7279437212922442, 0.000997958019963152], [0.8088733272750915, 0.10691196576119494, 0.000995844161843627, 0.00995844161843627, 0.07226457702159009, 0.000995844161843627], [0.7860006833321385, 0.12444269911353592, 0.0009964127688585332, 0.00996412768858533, 0.07759966432802336, 0.0009964127688585332], [0.8054520329755771, 0.10958141860454725, 0.0009959241898259037, 0.009959241898259037, 0.07301545814196486, 0.0009959241898259037], [0.8338785329534077, 0.08676067506418395, 0.0009953274983650244, 0.009953274983650244, 0.06741686200202808, 0.0009953274983650244], [0.17089558274539776, 0.030538920959680818, 0.0009951325719052622, 0.009951325719052622, 0.7866239054320585, 0.0009951325719052622], [0.8947705279496726, 0.0120886278243856, 0.009919679796198322, 0.009919679796198322, 0.07230951665392561, 0.0009919679796198322], [0.8969869517116135, 0.010030062582863129, 0.00991940711510516, 0.00991940711510516, 0.07215223076380271, 0.000991940711510516], [1.0, 0.0, 0.0, 0.0, 0.0, 0.0], [1.0, 0.0, 0.0, 0.0, 0.0, 0.0], [1.0, 0.0, 0.0, 0.0, 0.0, 0.0], [0.8761559072240249, 0.010657880532056666, 0.025576489984695694, 0.009946565466533752, 0.07666850024603555, 0.0009946565466533751], [0.834405625479007, 0.08632369153994918, 0.0009953179069258917, 0.009953179069258918, 0.06732686809793322, 0.0009953179069258917], [0.9003197118409983, 0.025072053877242113, 0.0009927896704467656, 0.009927896704467656, 0.06269475823639861, 0.0009927896704467656], [0.9123489298000373, 0.013047628417441545, 0.0009927893155086244, 0.009927893155086244, 0.06268996999641775, 0.0009927893155086244], [0.9115579466513466, 0.0138659495248982, 0.000992787290827184, 0.00992787290827184, 0.06266265633382904, 0.000992787290827184], [0.912391868502152, 0.01302251114106237, 0.0009927879956328342, 0.009927879956328342, 0.06267216440919163, 0.0009927879956328342], [0.907357647534008, 0.018147866045308228, 0.0009927812461461361, 0.009927812461461362, 0.06258111146693025, 0.0009927812461461361], [0.8897883792548068, 0.03484623560949752, 0.0009928457459312187, 0.009928457459312187, 0.06345123618452109, 0.0009928457459312187], [0.17497580772357563, 0.07367788700977924, 0.0009952994686279032, 0.009952994686279033, 0.7394027116431103, 0.0009952994686279032], [0.8897293449951438, 0.03489912158855762, 0.0009928462012801253, 0.009928462012801254, 0.06345737900093709, 0.0009928462012801253], [0.9063441376965996, 0.019164574592609264, 0.0009927810092459123, 0.009927810092459122, 0.06257791559984027, 0.0009927810092459123], [0.9087837332417293, 0.01670629836222893, 0.0009927823927594747, 0.009927823927594748, 0.06259657968292807, 0.0009927823927594747], [0.9100226352348758, 0.01544366529016844, 0.0009927841503111436, 0.009927841503111436, 0.06262028967122216, 0.0009927841503111436], [0.9046200016966498, 0.020879093019137457, 0.0009927817215347329, 0.009927817215347329, 0.06258752462579589, 0.0009927817215347329], [0.7990540443417423, 0.11452855664029968, 0.0009960786221799574, 0.009960786221799573, 0.07446445555179858, 0.0009960786221799574], [0.17431140016523558, 0.13926141667878067, 0.000998517805087174, 0.00998517805087174, 0.6744449694949377, 0.000998517805087174], [0.793641384353552, 0.10974710375978992, 0.0009971637103688303, 0.009971637103688305, 0.08464554736223227, 0.0009971637103688303], [0.8963513454220551, 0.010102880791364403, 0.009937961027267237, 0.009937961027267237, 0.07267605562931931, 0.0009937961027267237], [1.0, 0.0, 0.0, 0.0, 0.0, 0.0]], [[1.0, 0.0, 0.0, 0.0, 0.0, 0.0], [0.9119029440913721, 0.009875516472432486, 0.009875516472432486, 0.009875516472432486, 0.057482954844087344, 0.0009875516472432487], [0.8950247234420172, 0.030072300267043245, 0.0009928114993872832, 0.009928114993872831, 0.06298923829829221, 0.0009928114993872832], [0.900708516687003, 0.024697587453079154, 0.000992788608526348, 0.009927886085263479, 0.0626804325576017, 0.000992788608526348], [0.17140746155271838, 0.025643318868641865, 0.0009951535096956506, 0.009951535096956506, 0.791007377462292, 0.0009951535096956506], [0.8809742060223773, 0.042525584392960045, 0.0009929297923671628, 0.009929297923671629, 0.06458505207625673, 0.0009929297923671628], [0.17141624203234662, 0.1296178367984321, 0.0009983454770027815, 0.009983454770027817, 0.6869857754451881, 0.0009983454770027815], [0.6358966594145469, 0.2610562768092382, 0.009936791566718643, 0.009936791566718643, 0.08217980148610585, 0.0009936791566718644], [0.19850627753240957, 0.01797643702090189, 0.24217607218247747, 0.009963814146085862, 0.5303810177035168, 0.0009963814146085861], [0.8524653549269829, 0.05239358209101789, 0.00992313492700482, 0.00992313492700482, 0.07430247963528912, 0.000992313492700482], [0.7902341212156594, 0.12125035871824898, 0.0009963019517033283, 0.009963019517033284, 0.07655989664565187, 0.0009963019517033283], [0.7638970837859363, 0.14079901324631527, 0.0009970245250358989, 0.009970245250358988, 0.08333960866731781, 0.0009970245250358989], [0.7536814818292985, 0.1482079801939961, 0.0009973232706489718, 0.009973232706489718, 0.08614265872891778, 0.0009973232706489718], [0.7431346035895328, 0.15577604989435978, 0.00099764034286552, 0.0099764034286552, 0.08911766240172148, 0.00099764034286552], [0.8084220898964145, 0.1072646970920541, 0.000995854647086472, 0.009958546470864721, 0.07236295724649382, 0.000995854647086472], [0.893529012560135, 0.031452908128380946, 0.0009928200240526199, 0.0099282002405262, 0.06310423902285278, 0.0009928200240526199], [0.896902322980873, 0.010040358315709453, 0.009919535516176381, 0.009919535516176381, 0.07222629411944721, 0.0009919535516176381], [1.0, 0.0, 0.0, 0.0, 0.0, 0.0], [1.0, 0.0, 0.0, 0.0, 0.0, 0.0], [1.0, 0.0, 0.0, 0.0, 0.0, 0.0], [0.23750042509253053, 0.021719475175608197, 0.04099165110513532, 0.009978078935019672, 0.6888125617982043, 0.0009978078935019674], [0.23963210094582701, 0.06350958337256751, 0.012623357636203304, 0.009978858741940079, 0.6732582134292683, 0.000997885874194008], [0.1649839741376748, 0.09599586835101893, 0.0009979626100387988, 0.009979626100387988, 0.7270446061908409, 0.0009979626100387988], [0.8858935525412749, 0.03829138589452208, 0.0009928790494974037, 0.009928790494974037, 0.06390051297023425, 0.0009928790494974037], [0.9117624004716711, 0.013654782272816584, 0.000992787788031851, 0.009927877880318509, 0.06266936379913023, 0.000992787788031851], [0.9103276784429438, 0.015131331150461929, 0.0009927846902861319, 0.00992784690286132, 0.06262757412316075, 0.0009927846902861319], [0.17190420092920075, 0.02182714951541386, 0.0009951738282257283, 0.009951738282257282, 0.7943265636166768, 0.0009951738282257283], [0.16421049228281862, 0.08533712916775332, 0.0009979165701887317, 0.009979165701887317, 0.7384773797071634, 0.0009979165701887317], [0.8106762970902761, 0.10549705315241187, 0.0009958028560138115, 0.009958028560138115, 0.07187701548514647, 0.0009958028560138115], [0.3722301783129681, 0.13341103617989475, 0.0009984128195193117, 0.009984128195193117, 0.4823778316729055, 0.0009984128195193117], [0.1689927838098995, 0.12011037431309565, 0.0009982012258448446, 0.009982012258448445, 0.6989184271668667, 0.0009982012258448446], [0.8371099247669992, 0.08406170016873904, 0.0009952708265077593, 0.009952708265077593, 0.06688512514616866, 0.0009952708265077593], [0.17173499535377354, 0.023061910308213324, 0.0009951669070740411, 0.00995166907074041, 0.7932610914531248, 0.0009951669070740411], [0.9084393395441827, 0.01705559795938516, 0.0009927820294227687, 0.009927820294227688, 0.06259167814335892, 0.0009927820294227687], [0.8878024792535354, 0.03661420160286727, 0.0009928618863806527, 0.009928618863806528, 0.06366897650702952, 0.0009928618863806527], [0.7829771510036777, 0.12671185325549916, 0.0009964930668570598, 0.009964930668570597, 0.0783530789385385, 0.0009964930668570598], [0.0, 0.0, 0.0, 0.0, 0.0, 1.0], [0.0, 0.0, 0.0, 0.0, 0.0, 1.0], [0.8762132334417742, 0.016234503012663066, 0.02139101691476085, 0.009945520233446824, 0.07522117437401044, 0.0009945520233446824], [1.0, 0.0, 0.0, 0.0, 0.0, 0.0]], [[1.0, 0.0, 0.0, 0.0, 0.0, 0.0], [0.9109475508973496, 0.010449165641654407, 0.009894567955856748, 0.009894567955856748, 0.05782469075369688, 0.000989456795585675], [0.17048349416145156, 0.037045827345009094, 0.0009951157159146082, 0.00995115715914608, 0.7805292899025641, 0.0009951157159146082], [0.9051367935965491, 0.02036717056550798, 0.000992781360897804, 0.00992781360897804, 0.06258265950716933, 0.000992781360897804], [0.9076152686191472, 0.017888394092931595, 0.0009927813832235448, 0.00992781383223545, 0.06258296068923865, 0.0009927813832235448], [0.8795777961256785, 0.0437041690744459, 0.0009929459247592827, 0.009929459247592826, 0.06480268370276435, 0.0009929459247592827], [0.764584534213423, 0.14029662358506229, 0.0009970048266811473, 0.009970048266811473, 0.083154784281341, 0.0009970048266811473], [0.5466521188047037, 0.3531227777767539, 0.0009975483505568648, 0.009975483505568648, 0.08825452321186027, 0.0009975483505568648], [0.6812873640830317, 0.19841871080292897, 0.0009987614832270542, 0.01083187193287715, 0.1074645302147082, 0.0009987614832270542], [0.7633781346342657, 0.14117660841425375, 0.000997039571125752, 0.00997039571125752, 0.08348078209797156, 0.000997039571125752], [0.1724207003900039, 0.13298215218237985, 0.0009984052652342638, 0.009984052652342638, 0.6826162842448052, 0.0009984052652342638], [0.7544305966628708, 0.14766737570484786, 0.000997301076259435, 0.009973010762594351, 0.08593441471716827, 0.000997301076259435], [0.6760919946688271, 0.20187778956193828, 0.0009987726011312665, 0.010990854258784516, 0.10904181630818764, 0.0009987726011312665], [0.7405919421988885, 0.1575891063987131, 0.0009977180039288077, 0.009977180039288077, 0.089846335355253, 0.0009977180039288077], [0.17109423778602076, 0.12846515556010302, 0.000998326310389979, 0.009983263103899789, 0.6884606909291967, 0.000998326310389979], [0.8972241208738486, 0.02272298940662081, 0.009897071971593025, 0.009897071971593025, 0.059269038579185376, 0.0009897071971593024], [0.22910893489347056, 0.016132995109080273, 0.012069017512239362, 0.009975009170862241, 0.7317165423972614, 0.000997500917086224], [1.0, 0.0, 0.0, 0.0, 0.0, 0.0], [0.8594962230403485, 0.012011808816783813, 0.035254225665237865, 0.009950626696719993, 0.08229205311123788, 0.0009950626696719992], [0.8760788677375955, 0.021472491363137686, 0.016993862436651224, 0.009945010439640314, 0.07451526697901127, 0.0009945010439640315], [0.7441676211975301, 0.10444170868275016, 0.013226342955350776, 0.009983046125722353, 0.12718297642607462, 0.0009983046125722353], [0.2180413041797761, 0.17398353678073086, 0.0009988623418212756, 0.0122741162255502, 0.5937033181303004, 0.0009988623418212756], [0.80400088452678, 0.1107088183892927, 0.0009959586504853111, 0.009959586504853112, 0.07333879327810365, 0.0009959586504853111], [0.8553981641100209, 0.06829501394279101, 0.000995002425761153, 0.00995002425761153, 0.0643667928380544, 0.000995002425761153], [0.8973377144820243, 0.027909894242984977, 0.0009928003468835558, 0.009928003468835558, 0.06283878711238822, 0.0009928003468835558], [0.17178280396796766, 0.02277332419160476, 0.000995168862628224, 0.009951688626282238, 0.7935018454888889, 0.000995168862628224], [0.8962821429872304, 0.028900906677633734, 0.000992805128203625, 0.00992805128203625, 0.06290328879669231, 0.000992805128203625], [0.16953760989446645, 0.12237487535558654, 0.0009982336554501272, 0.009982336554501273, 0.6961087108845455, 0.0009982336554501272], [0.7640115111407777, 0.14071660347374612, 0.0009970211170002206, 0.009970211170002206, 0.08330763198147358, 0.0009970211170002206], [0.7588834404881933, 0.14444678839434394, 0.0009971699116346055, 0.009971699116346055, 0.08470373217784766, 0.0009971699116346055], [0.18239431947825932, 0.16046116990762155, 0.0009987220125268173, 0.010267454070584933, 0.6448796125184807, 0.0009987220125268173], [0.8217198049956668, 0.0967118588124561, 0.0009955624751775203, 0.009955624751775203, 0.06962158648974705, 0.0009955624751775203], [0.17077226722456115, 0.05119670982615454, 0.0009951275278313719, 0.009951275278313718, 0.7660894926153079, 0.0009951275278313719], [0.9123125973178154, 0.013085297114273935, 0.000992789216546996, 0.009927892165469961, 0.06268863496934676, 0.000992789216546996], [0.8797800117518163, 0.04353410814606569, 0.0009929435433444762, 0.009929435433444761, 0.06477055758198434, 0.0009929435433444762], [0.6046438779000964, 0.3100300840522505, 0.000995962454847505, 0.00995962454847505, 0.07337448858948309, 0.000995962454847505], [0.17415700781449966, 0.33888906752845094, 0.0009985086152133136, 0.009985086152133137, 0.4749718212744898, 0.0009985086152133136], [0.6543303603501718, 0.21282535835802074, 0.0009988418463030176, 0.011981037143285531, 0.11886556045591612, 0.0009988418463030176], [0.8605036198757828, 0.033602799812473445, 0.017643419137016742, 0.009947027613035567, 0.07730843080038782, 0.0009947027613035567], [1.0, 0.0, 0.0, 0.0, 0.0, 0.0]], [[1.0, 0.0, 0.0, 0.0, 0.0, 0.0], [0.9118770274487735, 0.00987559516379736, 0.00987559516379736, 0.00987559516379736, 0.057508627543454816, 0.0009875595163797361], [0.9039377302744236, 0.02155228911655756, 0.0009927823936639825, 0.009927823936639825, 0.06259659188505122, 0.0009927823936639825], [0.9076832471357058, 0.017819857276676735, 0.0009927814245718784, 0.009927814245718784, 0.06258351849275505, 0.0009927814245718784], [0.9107646127956913, 0.014682970384901515, 0.0009927855365397295, 0.009927855365397295, 0.06263899038093058, 0.0009927855365397295], [0.9022412976970063, 0.023213157228316107, 0.0009927850276102176, 0.009927850276102176, 0.06263212474335503, 0.0009927850276102176], [0.16606145249643087, 0.10447565430779683, 0.0009980267446293863, 0.009980267446293864, 0.7174865722602197, 0.0009980267446293863], [0.7779758967867261, 0.13043769876349343, 0.000996628824714943, 0.009966288247149431, 0.07962685855320129, 0.000996628824714943], [0.5810392560960548, 0.32798304350336693, 0.0009965640326547792, 0.00996564032654779, 0.07901893200872108, 0.0009965640326547792], [0.7903604570740805, 0.12115490031161188, 0.0009962986650261388, 0.009962986650261388, 0.07652905863399402, 0.0009962986650261388], [0.8312470243263042, 0.08894171787811865, 0.0009953754471311073, 0.009953754471311072, 0.06786675243000412, 0.0009953754471311073], [0.7786634995661328, 0.1299273379163531, 0.0009966099586174464, 0.009966099586174462, 0.07944984301410472, 0.0009966099586174464], [0.7725055631967755, 0.1344860923329313, 0.000996780179751072, 0.009967801797510719, 0.08104698231328027, 0.000996780179751072], [0.17447194374973538, 0.13973379448460954, 0.0009985273611000439, 0.009985273611000439, 0.6738119334324547, 0.0009985273611000439], [0.8343042461720295, 0.08640805540229572, 0.0009953197180945766, 0.009953197180945767, 0.06734386180854006, 0.0009953197180945766], [0.9119234332229127, 0.009875454260758278, 0.009875454260758278, 0.009875454260758278, 0.05746265856873663, 0.0009875454260758279], [1.0, 0.0, 0.0, 0.0, 0.0, 0.0], [1.0, 0.0, 0.0, 0.0, 0.0, 0.0], [0.23415907327532204, 0.0164886069836345, 0.03550678910149299, 0.009976856605993182, 0.702870988372958, 0.0009976856605993182], [0.256859580482341, 0.08461891434705109, 0.013530868084517377, 0.009985160876358352, 0.6340069601220963, 0.0009985160876358353], [0.23067148898051582, 0.2054463032688418, 0.0009989120622937591, 0.012985102415885212, 0.5488992812101698, 0.0009989120622937591], [0.22788796513123113, 0.1993356505363767, 0.0009989011045664464, 0.012828410566277943, 0.5579501715569816, 0.0009989011045664464], [0.7740341508760546, 0.13335946699090157, 0.0009967373938225524, 0.009967373938225523, 0.08064553340717323, 0.0009967373938225524], [0.8045360819220879, 0.11029413394006368, 0.0009959458227703272, 0.00995945822770327, 0.07321843426460468, 0.0009959458227703272], [0.8402339829709731, 0.08143140488557521, 0.000995218269083649, 0.009952182690836489, 0.06639199291444801, 0.000995218269083649], [0.8454273152032729, 0.07700074737868873, 0.0009951370879796963, 0.009951370879796962, 0.06563029236228221, 0.0009951370879796963], [0.8693761426101955, 0.05203140230297747, 0.000993084746534512, 0.00993084746534512, 0.06667543812841284, 0.000993084746534512], [0.8040643793111575, 0.11065942566029596, 0.0009959571494254414, 0.009959571494254414, 0.07332470923544127, 0.0009959571494254414], [0.1757057674934359, 0.14335114299554913, 0.0009986008018146681, 0.009986008018146681, 0.668959879889239, 0.0009986008018146681], [0.6898848687235746, 0.19267878839476596, 0.0009987431854118559, 0.010570219272122455, 0.10486863723871337, 0.0009987431854118559], [0.7594379588165844, 0.14404338163476965, 0.0009971538269217285, 0.009971538269217286, 0.08455281362558531, 0.0009971538269217285], [0.7886264156404215, 0.12246520555912406, 0.00099634376862041, 0.009963437686204099, 0.07695225357700976, 0.00099634376862041], [0.17241013733978516, 0.06324390293343206, 0.0009951945229494856, 0.009951945229494857, 0.7524036254513892, 0.0009951945229494856], [0.910743257735507, 0.014704910429463104, 0.0009927854932150972, 0.009927854932150973, 0.06263840591644874, 0.0009927854932150972], [0.8885393956186846, 0.03596081224070777, 0.0009928557002723852, 0.009928557002723852, 0.06358552373733911, 0.0009928557002723852], [0.16802373765030126, 0.11582802801492234, 0.0009981435454485736, 0.009981435454485738, 0.7041705117893935, 0.0009981435454485736], [0.7436987001811114, 0.15537460108654283, 0.0009976230302075793, 0.009976230302075792, 0.08895522236985508, 0.0009976230302075793], [0.6708432992667971, 0.20148899977680285, 0.0009988086993617808, 0.011507046927703287, 0.11416303662997349, 0.0009988086993617808], [0.23055490431636838, 0.018440788452728, 0.02368018624757422, 0.009975538133537746, 0.7163510290364381, 0.0009975538133537747], [1.0, 0.0, 0.0, 0.0, 0.0, 0.0]], [[1.0, 0.0, 0.0, 0.0, 0.0, 0.0], [0.9118430394220342, 0.009875698362512368, 0.009875698362512368, 0.009875698362512368, 0.05754229565417772, 0.0009875698362512367], [0.9090268238124011, 0.01645929991551088, 0.0009927826821813795, 0.009927826821813795, 0.06260048408591146, 0.0009927826821813795], [0.17211657088732277, 0.01973466078147426, 0.0009951825149648631, 0.009951825149648631, 0.7962065781516245, 0.0009951825149648631], [0.9093431615917283, 0.01613732744804924, 0.0009927830994930229, 0.009927830994930229, 0.06260611376630616, 0.0009927830994930229], [0.9092464575913679, 0.0162358196108312, 0.0009927829670596067, 0.009927829670596066, 0.06260432719308562, 0.0009927829670596067], [0.16416629638605007, 0.06720360120372201, 0.0009979139395226752, 0.00997913939522675, 0.756655135135956, 0.0009979139395226752], [0.8485539547188126, 0.07430120583225092, 0.0009950916265484043, 0.009950916265484043, 0.06520373993035572, 0.0009950916265484043], [0.6248404629915532, 0.09491244035909202, 0.0009955172696863941, 0.009955172696863942, 0.26830088941311825, 0.0009955172696863941], [0.8487894172425143, 0.07409612247845458, 0.0009950883929096485, 0.009950883929096484, 0.06517339956411546, 0.0009950883929096485], [0.8454445599753787, 0.07698630783828059, 0.0009951367893834553, 0.009951367893834554, 0.0656274907137394, 0.0009951367893834553], [0.8358118770455168, 0.0851495917995718, 0.0009952931960748542, 0.009952931960748541, 0.06709501280201333, 0.0009952931960748542], [0.8151354992077536, 0.10197406971846029, 0.0009957032024344582, 0.009957032024344583, 0.07094199264457261, 0.0009957032024344582], [0.16597555747494291, 0.10411907086282472, 0.0009980216319122799, 0.0099802163191228, 0.7179291120792851, 0.0009980216319122799], [0.8547008490972429, 0.06891191851470774, 0.0009950109848599939, 0.009950109848599939, 0.06444710056972945, 0.0009950109848599939], [0.9110249299718363, 0.01048024775922904, 0.009894380602546089, 0.009894380602546089, 0.057716623003588124, 0.0009894380602546088], [0.8970443040775655, 0.010023085228567707, 0.009919320098495539, 0.009919320098495539, 0.07210203848702634, 0.0009919320098495537], [0.8970501753736012, 0.010022370940465807, 0.009919311190401396, 0.009919311190401396, 0.07209690018609008, 0.0009919311190401397], [1.0, 0.0, 0.0, 0.0, 0.0, 0.0], [0.23006218645797147, 0.016200119522342314, 0.019333939100994894, 0.00997535788812417, 0.7234308612417549, 0.000997535788812417], [0.25660123199874135, 0.08440642494996149, 0.013517258783883707, 0.009985066367648187, 0.6344915112630006, 0.0009985066367648187], [0.6317393565552291, 0.2281574764674839, 0.000998888326767276, 0.012645692295532196, 0.1254596980282204, 0.000998888326767276], [0.7635381316314446, 0.14106244342281632, 0.0009970346926465015, 0.009970346926465016, 0.08343500863398107, 0.0009970346926465015], [0.7792059162535161, 0.1295242610685683, 0.0009965951269183928, 0.009965951269183928, 0.07931068115489504, 0.0009965951269183928], [0.6115595595339358, 0.10546369301906328, 0.0009958017644238711, 0.00995801764423871, 0.27102712627391473, 0.0009958017644238711], [0.8440632167527071, 0.07817215935601533, 0.0009951575980347608, 0.009951575980347608, 0.06582273271486061, 0.0009951575980347608], [0.8924984311971905, 0.032395996184160954, 0.000992826503910049, 0.009928265039100489, 0.06319165457172814, 0.000992826503910049], [0.8341933094680264, 0.0865009715192788, 0.0009953216362532616, 0.009953216362532616, 0.06736185937765582, 0.0009953216362532616], [0.3724661794969315, 0.13412172822748633, 0.000998424382849932, 0.009984243828499322, 0.48143099968138314, 0.000998424382849932], [0.7663963208939909, 0.13897329380929263, 0.0009969528340433378, 0.009969528340433378, 0.08266695128819641, 0.0009969528340433378], [0.5854595451873789, 0.12538367156844712, 0.00099644587159803, 0.009964458715980298, 0.27719943278499787, 0.00099644587159803], [0.8367361711566437, 0.08437746567463925, 0.0009952769989141329, 0.009952769989141328, 0.06694303918174746, 0.0009952769989141329], [0.8880563070343325, 0.03638949527820322, 0.0009928597296112959, 0.009928597296112958, 0.06363988093212895, 0.0009928597296112959], [0.9101973850958335, 0.015264808130884244, 0.0009927844545024973, 0.009927844545024973, 0.0626243933192525, 0.0009927844545024973], [0.1717095188248207, 0.023234241603761238, 0.000995165864987095, 0.00995165864987095, 0.793114249191573, 0.000995165864987095], [0.8472130410238219, 0.07546256968812978, 0.0009951107383055768, 0.009951107383055768, 0.06538306042838164, 0.0009951107383055768], [0.8261740900808306, 0.09310231655871505, 0.0009954725585284878, 0.009954725585284877, 0.06877792265811251, 0.0009954725585284878], [0.7532127042895207, 0.14198013005441593, 0.0009980360773143228, 0.009980360773143229, 0.09283073272829151, 0.0009980360773143228], [0.8769853362299447, 0.010622548096153005, 0.025036762639603236, 0.009946381911405195, 0.07641433293175333, 0.0009946381911405196], [1.0, 0.0, 0.0, 0.0, 0.0, 0.0]], [[1.0, 0.0, 0.0, 0.0, 0.0, 0.0], [0.9119040816316554, 0.00987551301848983, 0.00987551301848983, 0.00987551301848983, 0.05748182801102633, 0.000987551301848983], [0.9109329286118122, 0.014509944527163424, 0.000992785885370962, 0.00992785885370962, 0.06264369623657298, 0.000992785885370962], [0.9124067900062038, 0.013019945934921924, 0.0009927870805108503, 0.009927870805108503, 0.06265981909274412, 0.0009927870805108503], [0.17195076044787116, 0.01971564917347085, 0.0009951757326871525, 0.009951757326871525, 0.7963914815864123, 0.0009951757326871525], [0.9080368414436523, 0.01746289064342126, 0.0009927816743302642, 0.009927816743302642, 0.06258688782096342, 0.0009927816743302642], [0.8955659198686096, 0.02956933931801808, 0.000992808667622759, 0.009928086676227589, 0.06295103680189935, 0.000992808667622759], [0.8802816627794335, 0.04311079976260073, 0.0009929377411959327, 0.009929377411959326, 0.06469228456361449, 0.0009929377411959327], [0.17350107805434875, 0.06828820574833343, 0.0009952391465746116, 0.009952391465746117, 0.7462678464384226, 0.0009952391465746116], [0.8829995316142333, 0.040798372263680015, 0.000992907713732834, 0.00992907713732834, 0.0642872035572929, 0.000992907713732834], [0.9010158765030035, 0.0244013463347792, 0.000992787785062494, 0.00992787785062494, 0.06266932374146748, 0.000992787785062494], [0.8819401141308001, 0.04170440841245258, 0.0009929190733352202, 0.009929190733352203, 0.06444044857672472, 0.0009929190733352202], [0.8677909319699011, 0.053285873402774166, 0.000993109241494618, 0.00993109241494618, 0.06700588372938963, 0.000993109241494618], [0.8800509945574884, 0.04330476636633429, 0.0009929404593610257, 0.009929404593610257, 0.06472895356384503, 0.0009929404593610257], [0.8957115323011753, 0.029433618236559333, 0.0009928079350576399, 0.0099280793505764, 0.06294115424157377, 0.0009928079350576399], [0.1718216216924707, 0.02241391662775331, 0.0009951704504208175, 0.009951704504208176, 0.7938224162747263, 0.0009951704504208175], [0.891506444411092, 0.018169691494708016, 0.0009939535885096478, 0.009939535885096478, 0.07839642103208432, 0.0009939535885096478], [0.22950639781736354, 0.016160982963024897, 0.012089955093705416, 0.009975154570238124, 0.7312699940986442, 0.0009975154570238125], [0.22976813449041375, 0.0161794134815385, 0.013917388946909035, 0.009975250318411401, 0.7291622877308864, 0.0009975250318411402], [1.0, 0.0, 0.0, 0.0, 0.0, 0.0], [0.23982222569247014, 0.016887385015972294, 0.04440267084838325, 0.009978928293130492, 0.687910897320731, 0.0009978928293130492], [0.834353139477988, 0.015218312511962855, 0.047172976848257345, 0.009957855652316074, 0.0923019299442444, 0.0009957855652316073], [0.6634678048580901, 0.012592497746414178, 0.03903355412855024, 0.009945402500499686, 0.27396620051639586, 0.0009945402500499687], [0.807001233758797, 0.07684267758284943, 0.009959435787795104, 0.009959435787795104, 0.09524127350398387, 0.0009959435787795104], [0.6017979186156964, 0.11302635262653069, 0.0009960309507400338, 0.009960309507400338, 0.27322335734889247, 0.0009960309507400338], [0.8266060251963188, 0.09274951073370843, 0.0009954641357986633, 0.009954641357986634, 0.06869889444038887, 0.0009954641357986633], [0.17122400583325453, 0.05592407265476446, 0.0009951460056588654, 0.009951460056588654, 0.7609101694440747, 0.0009951460056588654], [0.8501829446084002, 0.072883403747428, 0.0009950691471629456, 0.009950691471629455, 0.06499282187821667, 0.0009950691471629456], [0.16747131487588326, 0.11305333366451574, 0.0009981106636666051, 0.009981106636666053, 0.7074980234956019, 0.0009981106636666051], [0.16941180735363628, 0.12199380034745902, 0.000998226167323442, 0.00998226167323442, 0.6966156782910236, 0.000998226167323442], [0.366333760795098, 0.10890415640095415, 0.0009980659769134263, 0.009980659769134263, 0.5127852910809867, 0.0009980659769134263], [0.8517631611354239, 0.07150125877940554, 0.0009950480639051877, 0.009950480639051877, 0.06479500331830838, 0.0009950480639051877], [0.9077926541863583, 0.017709491173242914, 0.0009927814956004572, 0.009927814956004572, 0.06258447669319338, 0.0009927814956004572], [0.17046827790377342, 0.04659383890642603, 0.0009951150935117868, 0.00995115093511787, 0.7709965020676592, 0.0009951150935117868], [0.17190696341940595, 0.06059965816225538, 0.000995173941222086, 0.00995173941222086, 0.7555512911236737, 0.000995173941222086], [0.889553647218083, 0.03505639999965902, 0.0009928475654400733, 0.009928475654400732, 0.06347578199697713, 0.0009928475654400733], [0.8894413538571555, 0.03515682663908259, 0.0009928484443034514, 0.009928484443034513, 0.06348763817212058, 0.0009928484443034514], [0.8352907046434734, 0.06843452952655676, 0.0009943943193046181, 0.009943943193046182, 0.08434203399831447, 0.0009943943193046181], [0.8968269231030538, 0.010049531287959898, 0.009919649914974491, 0.009919649914974491, 0.07229228078753984, 0.0009919649914974492], [1.0, 0.0, 0.0, 0.0, 0.0, 0.0]], [[1.0, 0.0, 0.0, 0.0, 0.0, 0.0], [0.1831060068725929, 0.01289364081192342, 0.009955119629953536, 0.009955119629953536, 0.7830946010925813, 0.0009955119629953535], [0.9121294295832836, 0.013275083570319703, 0.0009927887263566815, 0.009927887263566816, 0.06268202213011673, 0.0009927887263566815], [0.17191462877011932, 0.019711506362582714, 0.0009951742547640889, 0.009951742547640889, 0.7964317738101291, 0.0009951742547640889], [0.90722498225876, 0.018281320329790837, 0.0009927811877111824, 0.009927811877111824, 0.06258032315891494, 0.0009927811877111824], [0.8594370170640455, 0.06468651294987865, 0.0009949566179663918, 0.009949566179663919, 0.06393699057047912, 0.0009949566179663918], [0.836339772979486, 0.0847093663015096, 0.0009952838642030431, 0.009952838642030433, 0.06700745434856789, 0.0009952838642030431], [0.8151082580612831, 0.10199735929375879, 0.0009957036230500884, 0.009957036230500883, 0.0709459391683571, 0.0009957036230500884], [0.8033259205721365, 0.11123285185787413, 0.0009959747159232631, 0.009959747159232632, 0.07348953097891045, 0.0009959747159232631], [0.16635291765331603, 0.10665903746603281, 0.0009980440934683262, 0.009980440934683261, 0.7150115157590313, 0.0009980440934683262], [0.901037513466814, 0.024380450658465676, 0.0009927877301618689, 0.009927877301618688, 0.06266858311277798, 0.0009927877301618689], [0.8231436163101935, 0.09556240615624714, 0.0009955332717202418, 0.009955332717202418, 0.06934757827291653, 0.0009955332717202418], [0.8265000928753726, 0.09283686906545327, 0.0009954661128629314, 0.009954661128629314, 0.06871744470481891, 0.0009954661128629314], [0.6006029107467897, 0.31315455250720575, 0.000996060009379764, 0.00996060009379764, 0.07428981663344747, 0.000996060009379764], [0.8384969918153854, 0.0828980268124097, 0.0009952470478955507, 0.009952470478955507, 0.06666201679745844, 0.0009952470478955507], [0.853640922328859, 0.0698493573336601, 0.0009950240227995298, 0.009950240227995299, 0.06456943206388668, 0.0009950240227995298], [0.8867786668749336, 0.022977158898992774, 0.0009939476865841097, 0.009939476865841096, 0.07831680198706455, 0.0009939476865841097], [0.8921473390872778, 0.017509563102845727, 0.0009939550129812952, 0.009939550129812954, 0.078415637654101, 0.0009939550129812952], [0.8928408000681626, 0.013971332640164308, 0.009919761022735434, 0.009919761022735434, 0.07235636914392887, 0.0009919761022735435], [0.8965452956766988, 0.010080926159800085, 0.009931264434169937, 0.009931264434169937, 0.07251812285174428, 0.0009931264434169937], [1.0, 0.0, 0.0, 0.0, 0.0, 0.0], [1.0, 0.0, 0.0, 0.0, 0.0, 0.0], [1.0, 0.0, 0.0, 0.0, 0.0, 0.0], [0.384289051543401, 0.0194693673064678, 0.023504383889447228, 0.009958913820617199, 0.5617823920580053, 0.00099589138206172], [0.5966647353544944, 0.11694654055725046, 0.0009961573737932697, 0.009961573737932695, 0.274434835602736, 0.0009961573737932697], [0.16748790306307865, 0.1131173679727031, 0.0009981116510429046, 0.009981116510429046, 0.7074173891517036, 0.0009981116510429046], [0.8929128054229265, 0.032017700453781384, 0.0009928238318941682, 0.009928238318941683, 0.0631556081405623, 0.0009928238318941682], [0.1715317151388443, 0.024600148154104662, 0.0009951585921399795, 0.009951585921399796, 0.7919262336013714, 0.0009951585921399795], [0.17045603386900565, 0.04628653841780321, 0.000995114592684189, 0.00995114592684189, 0.7713160526009809, 0.000995114592684189], [0.17220193368378087, 0.06227322544772641, 0.0009951860066279555, 0.009951860066279555, 0.7535826087889573, 0.0009951860066279555], [0.1716741163557767, 0.05915124394643023, 0.0009951644168914413, 0.009951644168914413, 0.7572326666950958, 0.0009951644168914413], [0.17186591997700518, 0.0220974095344446, 0.0009951722623891641, 0.009951722623891641, 0.7940946033398805, 0.0009951722623891641], [0.8371075728831218, 0.08406578760288609, 0.0009952706417712235, 0.009952706417712237, 0.06688339181273745, 0.0009952706417712235], [0.16807290576725775, 0.11605880336035285, 0.000998146472075383, 0.009981464720753829, 0.7038905332074851, 0.000998146472075383], [0.8020849090325922, 0.11219170015360909, 0.0009960047501211507, 0.009960047501211508, 0.07377133381234494, 0.0009960047501211507], [0.8255123183351989, 0.09364105096854294, 0.0009954856549461545, 0.009954856549461545, 0.06890080283690432, 0.0009954856549461545], [0.16412255474358162, 0.0832617753432018, 0.0009979113358951327, 0.009979113358951325, 0.7406407338824752, 0.0009979113358951327], [0.21550395399718805, 0.02568784724315968, 0.000996957223978154, 0.00996957223978154, 0.7468447120719145, 0.000996957223978154], [0.8967836234182864, 0.010054799026029413, 0.009919715610464184, 0.009919715610464184, 0.07233017477370936, 0.0009919715610464184], [1.0, 0.0, 0.0, 0.0, 0.0, 0.0]], [[1.0, 0.0, 0.0, 0.0, 0.0, 0.0], [0.9118470739594176, 0.009875686112343303, 0.009875686112343303, 0.009875686112343303, 0.05753829909231823, 0.0009875686112343304], [0.9114056061403771, 0.01402313025841818, 0.00099278