[[[1.0, 0.0, 0.0, 0.0, 0.0, 0.0], [1.0, 0.0, 0.0, 0.0, 0.0, 0.0], [1.0, 0.0, 0.0, 0.0, 0.0, 0.0], [1.0, 0.0, 0.0, 0.0, 0.0, 0.0], [1.0, 0.0, 0.0, 0.0, 0.0, 0.0], [1.0, 0.0, 0.0, 0.0, 0.0, 0.0], [1.0, 0.0, 0.0, 0.0, 0.0, 0.0], [1.0, 0.0, 0.0, 0.0, 0.0, 0.0], [1.0, 0.0, 0.0, 0.0, 0.0, 0.0], [1.0, 0.0, 0.0, 0.0, 0.0, 0.0], [1.0, 0.0, 0.0, 0.0, 0.0, 0.0], [1.0, 0.0, 0.0, 0.0, 0.0, 0.0], [1.0, 0.0, 0.0, 0.0, 0.0, 0.0], [1.0, 0.0, 0.0, 0.0, 0.0, 0.0], [1.0, 0.0, 0.0, 0.0, 0.0, 0.0], [1.0, 0.0, 0.0, 0.0, 0.0, 0.0], [1.0, 0.0, 0.0, 0.0, 0.0, 0.0], [1.0, 0.0, 0.0, 0.0, 0.0, 0.0], [1.0, 0.0, 0.0, 0.0, 0.0, 0.0], [1.0, 0.0, 0.0, 0.0, 0.0, 0.0], [1.0, 0.0, 0.0, 0.0, 0.0, 0.0], [1.0, 0.0, 0.0, 0.0, 0.0, 0.0], [1.0, 0.0, 0.0, 0.0, 0.0, 0.0], [1.0, 0.0, 0.0, 0.0, 0.0, 0.0], [1.0, 0.0, 0.0, 0.0, 0.0, 0.0], [1.0, 0.0, 0.0, 0.0, 0.0, 0.0], [1.0, 0.0, 0.0, 0.0, 0.0, 0.0], [1.0, 0.0, 0.0, 0.0, 0.0, 0.0], [1.0, 0.0, 0.0, 0.0, 0.0, 0.0], [1.0, 0.0, 0.0, 0.0, 0.0, 0.0], [1.0, 0.0, 0.0, 0.0, 0.0, 0.0], [1.0, 0.0, 0.0, 0.0, 0.0, 0.0], [1.0, 0.0, 0.0, 0.0, 0.0, 0.0], [1.0, 0.0, 0.0, 0.0, 0.0, 0.0], [1.0, 0.0, 0.0, 0.0, 0.0, 0.0], [1.0, 0.0, 0.0, 0.0, 0.0, 0.0], [1.0, 0.0, 0.0, 0.0, 0.0, 0.0], [1.0, 0.0, 0.0, 0.0, 0.0, 0.0], [1.0, 0.0, 0.0, 0.0, 0.0, 0.0], [1.0, 0.0, 0.0, 0.0, 0.0, 0.0]], [[1.0, 0.0, 0.0, 0.0, 0.0, 0.0], [0.8784755815800468, 0.02941157715878196, 0.02469349508599935, 0.009980628732306603, 0.056440654569634756, 0.0009980628732306604], [0.8784521819624026, 0.029417797279402882, 0.024698717400911528, 0.00998064764585166, 0.05645259094684609, 0.0009980647645851661], [0.16342162016108652, 0.044656660141575565, 0.03749302568202728, 0.013390230612359633, 0.7400391248375967, 0.0009993385653544237], [0.8784297621124947, 0.029423756956729767, 0.024703721051752524, 0.009980665767465773, 0.056464027534810654, 0.0009980665767465773], [0.8932731174555711, 0.024481040846787434, 0.024304659079057676, 0.009965636431293895, 0.04697898254416051, 0.0009965636431293894], [0.1349439621231517, 0.03687484341882788, 0.04125222251498289, 0.011056864879894192, 0.774872827321702, 0.0009992797414413545], [0.8310254097150902, 0.02666616227438036, 0.08303629031209253, 0.009967741699795798, 0.04830762182866158, 0.0009967741699795799], [0.13650074965456233, 0.03730025182950403, 0.0313167015929091, 0.01118442293518386, 0.7826985910306737, 0.0009992829571669698], [0.8915298387718907, 0.02444606568104164, 0.026150147062943108, 0.009965530082170868, 0.046911865393736506, 0.0009965530082170868], [0.8968658866810818, 0.024523039332035455, 0.020589156030980577, 0.009965764136251951, 0.0470595774060251, 0.0009965764136251952], [0.894623958092244, 0.02454455565139062, 0.022768206634900097, 0.009965829561008216, 0.04710086710435646, 0.0009965829561008218], [0.8966918757443216, 0.024566445833093645, 0.020636318445284612, 0.009965896122569177, 0.04714287424247411, 0.0009965896122569177], [0.13629424796378597, 0.03724382309128339, 0.031269324916628254, 0.011167502865130628, 0.7830258186325582, 0.0009992825306137229], [0.8969890946455918, 0.02449028801052364, 0.020561658539348427, 0.009965664549180766, 0.046996727800437225, 0.0009965664549180767], [0.896965298891331, 0.024496613432760037, 0.02056696926383178, 0.009965683782916856, 0.04700886625086862, 0.0009965683782916857], [0.13614232409069346, 0.03720230831030526, 0.031234469763008126, 0.011155054722135687, 0.7832665608970601, 0.0009992822167973025], [0.136190162952766, 0.037215380777724336, 0.031245445199933254, 0.011158974481312912, 0.7831907542726496, 0.000999282315614033], [0.8969131330025134, 0.02451048024570035, 0.02057861162069526, 0.0099657259477891, 0.047035476588523126, 0.00099657259477891], [0.8969263796432905, 0.024506959004254886, 0.020575655242060387, 0.009965715240736491, 0.047028719345584155, 0.0009965715240736492], [0.8783438372617058, 0.029446597626366915, 0.02472289771679163, 0.00998073521917911, 0.05650785865403863, 0.000998073521917911], [0.8784126550441592, 0.029428304382680792, 0.024707538998670817, 0.00998067959484162, 0.05647275402016359, 0.0009980679594841619], [0.8784273642825325, 0.029424394351400932, 0.02470425619823907, 0.009980667705594241, 0.05646525069167386, 0.0009980667705594241], [1.0, 0.0, 0.0, 0.0, 0.0, 0.0], [1.0, 0.0, 0.0, 0.0, 0.0, 0.0], [0.910292798243951, 0.02095387804238549, 0.017592544652702474, 0.009954911373584495, 0.040210376550018107, 0.0009954911373584495], [1.0, 0.0, 0.0, 0.0, 0.0, 0.0], [0.9102960383137556, 0.020953016762286385, 0.017591821535551007, 0.009954908754686737, 0.04020872375825181, 0.0009954908754686736], [0.9102764910439811, 0.02095821284615647, 0.017596184085400677, 0.009954924554439247, 0.040218695014578656, 0.0009954924554439247], [0.910003473094603, 0.021030786877178936, 0.017657116094206244, 0.009955145230578706, 0.040357964180375225, 0.0009955145230578705], [0.11693981233257206, 0.03195502193166226, 0.026828931096845067, 0.009988362594757117, 0.8132890357846878, 0.0009988362594757117], [0.8966876532083348, 0.024570417614708285, 0.02062893408790179, 0.009965908199581042, 0.047150496069516164, 0.0009965908199581041], [0.8967096071227794, 0.024564581793028395, 0.020624034424303436, 0.009965890454575275, 0.04713929715985598, 0.0009965890454575275], [0.8960502598316992, 0.024578163378283984, 0.021243691715492483, 0.009965931752154586, 0.047165360147154466, 0.0009965931752154585], [0.1364865037229622, 0.037296358980288345, 0.03131343321826672, 0.011183255670355467, 0.782721165480387, 0.0009992829277403422], [0.8876987552255546, 0.03353840347412311, 0.021003966782374154, 0.009965348061304766, 0.046796991650513015, 0.0009965348061304765], [0.8968049771571618, 0.024539230390860027, 0.020602749787934287, 0.00996581336846773, 0.047090647958729595, 0.0009965813368467732], [0.8966258352908444, 0.02458685014404164, 0.020642730579676208, 0.009965958166037134, 0.04718203000279697, 0.0009965958166037135], [0.1362524290981318, 0.03723239565059845, 0.03125973061813568, 0.011164076364680408, 0.7830920858242217, 0.0009992824442319945], [1.0, 0.0, 0.0, 0.0, 0.0, 0.0]], [[1.0, 0.0, 0.0, 0.0, 0.0, 0.0], [0.16342722113953428, 0.04465819066728419, 0.03749431068720945, 0.013390689538130881, 0.7400302493909173, 0.0009993385769238956], [0.878929647522677, 0.050237080648482445, 0.0009968707699285642, 0.009968707699285644, 0.058870822589697884, 0.0009968707699285642], [0.16241024743452787, 0.07411998184187578, 0.0009986663798908048, 0.012524384965546203, 0.7489480529982686, 0.0009986663798908048], [0.8194001471444502, 0.11094380389384689, 0.0009966965390694874, 0.009966965390694875, 0.05769569049286908, 0.0009966965390694874], [0.10185861311976849, 0.26122628301070516, 0.0009984607093417562, 0.012660717174485817, 0.6222574652763572, 0.0009984607093417562], [0.5488803697049527, 0.3926826020281208, 0.000998374071682714, 0.010259023969835244, 0.04618125615372599, 0.000998374071682714], [0.48653454286068976, 0.4499361359103655, 0.0009984074614774578, 0.01118462657760031, 0.050347879728389625, 0.0009984074614774578], [0.7220135209028018, 0.21992079997302705, 0.000998371636773382, 0.010191525548693847, 0.04587741030193063, 0.000998371636773382], [0.6873283773551422, 0.252295214190528, 0.0009983867880576107, 0.010611536162730976, 0.04776809871548391, 0.0009983867880576107], [0.6996460598095253, 0.24090729720589169, 0.000998380691653019, 0.01044253698106047, 0.047007344620216766, 0.000998380691653019], [0.6733062352661761, 0.2651245707302898, 0.0009983946090657413, 0.010828343291284378, 0.048744061494118404, 0.0009983946090657413], [0.695614028519335, 0.24464769319030322, 0.000998382603884517, 0.010495546185667993, 0.04724596689692488, 0.000998382603884517], [0.10491564560208769, 0.20967421932345942, 0.0009984744165743348, 0.013040697055090996, 0.6703724891862134, 0.0009984744165743348], [0.13610702234728106, 0.05748158316733524, 0.0009985591025629137, 0.01049599253322204, 0.7939182837470359, 0.0009985591025629137], [0.9070872707909302, 0.031388219201252454, 0.0009954930583547462, 0.009954930583547463, 0.049578593307560405, 0.0009954930583547462], [0.9086228506040879, 0.029794723038765944, 0.0009955016300666798, 0.009955016300666798, 0.049636406796346184, 0.0009955016300666798], [0.9067928360038814, 0.03170198223536815, 0.0009954901977434, 0.009954901977434, 0.04955929938782978, 0.0009954901977434], [0.9067132433832128, 0.03178678400846228, 0.0009954894267805454, 0.009954894267805454, 0.04955409948695847, 0.0009954894267805454], [0.9086104256382757, 0.029799378484105528, 0.0009955027799680824, 0.009955027799680823, 0.049644162518001765, 0.0009955027799680824], [0.8926099857730295, 0.03579449946303167, 0.000996983583096839, 0.00996983583096839, 0.05963171176677679, 0.000996983583096839], [0.16594453157818775, 0.053907822054526384, 0.0009986807944182127, 0.012796933871123524, 0.765353350907326, 0.0009986807944182127], [0.16335567441410567, 0.04463863977922812, 0.03747789607076326, 0.013384827234525633, 0.7401436240722415, 0.0009993384291358174], [1.0, 0.0, 0.0, 0.0, 0.0, 0.0], [1.0, 0.0, 0.0, 0.0, 0.0, 0.0], [1.0, 0.0, 0.0, 0.0, 0.0, 0.0], [1.0, 0.0, 0.0, 0.0, 0.0, 0.0], [1.0, 0.0, 0.0, 0.0, 0.0, 0.0], [1.0, 0.0, 0.0, 0.0, 0.0, 0.0], [1.0, 0.0, 0.0, 0.0, 0.0, 0.0], [0.9099331905670565, 0.02104946948155035, 0.01767280171340131, 0.009955202038846755, 0.04039381599526074, 0.0009955202038846756], [0.8969415470923752, 0.024502927170732915, 0.02057227017839226, 0.00996570298112456, 0.0470209822792627, 0.000996570298112456], [0.13848814060410083, 0.044988490849007266, 0.00099856881391972, 0.010679614208380957, 0.8038466167106716, 0.00099856881391972], [0.9086222882584727, 0.029794933741098043, 0.0009955016821104454, 0.009955016821104454, 0.049636757815103946, 0.0009955016821104454], [0.893330279829091, 0.045943272395172596, 0.0009953749438734755, 0.009953749438734756, 0.04878194844925482, 0.0009953749438734755], [0.7343544567165736, 0.2081543473922504, 0.000998367869928588, 0.010087104380755595, 0.04540735577056329, 0.000998367869928588], [0.10253380234076577, 0.24118568179046598, 0.0009984637367795542, 0.012744641150126992, 0.6415389472450823, 0.0009984637367795542], [0.5635627124387685, 0.3787577966544954, 0.0009983691045653159, 0.010121329897380743, 0.04556142280022486, 0.0009983691045653159], [0.889896254285862, 0.0265910913669045, 0.02562897726800379, 0.009965545470597687, 0.04692157706157241, 0.0009965545470597688], [1.0, 0.0, 0.0, 0.0, 0.0, 0.0]], [[1.0, 0.0, 0.0, 0.0, 0.0, 0.0], [0.878320745929439, 0.029452735798117566, 0.024728051228728218, 0.009980753883541917, 0.05651963777181924, 0.0009980753883541916], [0.8745885600374161, 0.05480590650131581, 0.0009968370642874876, 0.009968370642874877, 0.05864348868981844, 0.0009968370642874876], [0.881533486663582, 0.047487373208553084, 0.0009968923586691168, 0.009968923586691169, 0.059016431823835674, 0.0009968923586691168], [0.8011048628128888, 0.1286964696684026, 0.0009967768474800501, 0.009967768474800501, 0.05823734534894802, 0.0009967768474800501], [0.6779609463648604, 0.2608806740479073, 0.0009983919153854796, 0.010753671449370979, 0.04840792430709039, 0.0009983919153854796], [0.4827609594978206, 0.4533196995306703, 0.0009984100188085551, 0.011255518667566461, 0.050667002266325596, 0.0009984100188085551], [0.4072778132266962, 0.3530976932627295, 0.0009984700860701397, 0.012920650615548599, 0.22470690272288552, 0.0009984700860701397], [0.32380205004308266, 0.44663940899849897, 0.0009984050248069637, 0.01111707933507568, 0.21644465157372889, 0.0009984050248069637], [0.6720014114458647, 0.2663118075937219, 0.0009983953800748692, 0.010849716530164855, 0.04884027367009891, 0.0009983953800748692], [0.10189381894524477, 0.25929681856637105, 0.0009984608671989071, 0.012665093151986351, 0.6241473476020002, 0.0009984608671989071], [0.10181699641284536, 0.27717131761839015, 0.0009984605227392638, 0.012655544343834093, 0.6063592205794521, 0.0009984605227392638], [0.6358279536002731, 0.29881188354731597, 0.0009984194661728809, 0.011517410216272476, 0.05184591370379274, 0.0009984194661728809], [0.6993552692413165, 0.24117736945726456, 0.0009983808275015162, 0.010446302853965788, 0.04702429679245015, 0.0009983808275015162], [0.8622231746669217, 0.07791837038815995, 0.0009952464795522262, 0.009952464795522262, 0.04791549719029166, 0.0009952464795522262], [0.908012326070468, 0.030401849828280172, 0.0009955021329382178, 0.00995502132938218, 0.04963979850599321, 0.0009955021329382178], [0.9046571512489283, 0.03397509604529629, 0.0009954698580244064, 0.009954698580244064, 0.04942211440948256, 0.0009954698580244064], [0.9085823080317353, 0.02980991372277814, 0.0009955053821865268, 0.009955053821865269, 0.04966171365924813, 0.0009955053821865268], [0.908692232062916, 0.02976872686348122, 0.0009954952089756236, 0.009954952089756235, 0.04959309856589535, 0.0009954952089756236], [0.9086916640319209, 0.02976893969603856, 0.0009954952615455579, 0.00995495261545558, 0.049593453133493844, 0.0009954952615455579], [0.8925644849046916, 0.035811547944987726, 0.0009969877940953342, 0.009969877940953342, 0.059660113621176694, 0.0009969877940953342], [0.89253790393398, 0.03582150742963292, 0.0009969902541017422, 0.009969902541017421, 0.05967670558716631, 0.0009969902541017422], [0.8781989598339913, 0.029485109156313465, 0.024755231388337216, 0.009980852321338572, 0.05658176206788574, 0.0009980852321338572], [0.8706209952140685, 0.029355453767926067, 0.03271209304083495, 0.009980458077692924, 0.05633295409170823, 0.0009980458077692926], [0.9058664991750747, 0.020965997936480758, 0.021983425279160744, 0.00995494822659379, 0.0402336345600309, 0.000995494822659379], [0.5261246356596004, 0.024494832711263, 0.10667916870305702, 0.009965678368270049, 0.33173911672098255, 0.000996567836827005], [1.0, 0.0, 0.0, 0.0, 0.0, 0.0], [0.9100278460828045, 0.02102430801377137, 0.017651676542941995, 0.00995512553027345, 0.0403455312771815, 0.0009955125530273449], [0.9101668158748509, 0.02098736686018732, 0.01762066133455741, 0.009955013203163526, 0.04027464140692442, 0.0009955013203163526], [0.9101371410308964, 0.02099525507065357, 0.017627284151325584, 0.009955037188875889, 0.040289778839361134, 0.0009955037188875888], [1.0, 0.0, 0.0, 0.0, 0.0, 0.0], [0.13627328253585771, 0.037238094069696207, 0.03126451492069887, 0.01116578502685091, 0.7830590409595893, 0.0009992824873071944], [0.8968244663448606, 0.024534049746452298, 0.020598400200813067, 0.009965797615662053, 0.047080706330645976, 0.0009965797615662053], [0.8969065496861529, 0.02451223023249373, 0.02058008088193377, 0.009965731268980775, 0.04703883480354074, 0.0009965731268980777], [0.8938884423609476, 0.027593043669666216, 0.02056101914437699, 0.00996566223349782, 0.046995266368161606, 0.000996566223349782], [0.8410792865692035, 0.04590951608789029, 0.05619451621221577, 0.009963857725461793, 0.04585643763268262, 0.0009963857725461794], [0.13852634048869467, 0.11685085867094656, 0.17608691797561335, 0.011350393192782441, 0.5561862025307027, 0.0009992871412603031], [0.7475935203414538, 0.16073557061201585, 0.02455915417999994, 0.009980142192750658, 0.05613359845450491, 0.0009980142192750657], [0.44881786073934815, 0.22243307508685337, 0.22965072676483497, 0.01325683478795593, 0.08484216741854833, 0.000999335202459242], [1.0, 0.0, 0.0, 0.0, 0.0, 0.0]], [[1.0, 0.0, 0.0, 0.0, 0.0, 0.0], [0.87822889127351, 0.029477152737238742, 0.024748551304699967, 0.009980828128224026, 0.05656649374350505, 0.0009980828128224027], [0.8748064618991901, 0.05457704434204156, 0.000996838686428972, 0.009968386864289719, 0.0586544295216206, 0.000996838686428972], [0.8846720549026466, 0.04416408377875117, 0.000996919697699516, 0.00996919697699516, 0.05920082494620804, 0.000996919697699516], [0.8390449277017034, 0.09139981091893927, 0.0009966816223467949, 0.009966816223467949, 0.05759508191119588, 0.0009966816223467949], [0.7299979226606201, 0.21232353898173711, 0.000998369098319521, 0.010121156756924867, 0.04556064340407893, 0.000998369098319521], [0.4993639061147918, 0.438371501368298, 0.000998399168743238, 0.01095474267211688, 0.04931305150730696, 0.000998399168743238], [0.4809206802177541, 0.2885648458102573, 0.0009984112859479299, 0.011290645194057867, 0.21722700620603494, 0.0009984112859479299], [0.6616814796952546, 0.275662038798441, 0.0009984017383308516, 0.011025974526458947, 0.04963370350318378, 0.0009984017383308516], [0.6756372840673807, 0.2630021663365518, 0.0009983932409995302, 0.010790418959536951, 0.04857334415453167, 0.0009983932409995302], [0.6487255836082767, 0.28730901433835376, 0.0009984103208277202, 0.011263890977998011, 0.05070469043371607, 0.0009984103208277202], [0.4066497126360516, 0.3536430616314018, 0.0009984706488182329, 0.012936250624668771, 0.2247740338102414, 0.0009984706488182329], [0.6489447779154237, 0.28711289665984474, 0.0009984101695159442, 0.011259696445632164, 0.05068580864006769, 0.0009984101695159442], [0.6886815840431422, 0.2510492923365461, 0.0009983860845987533, 0.010592035493213029, 0.04768031595790137, 0.0009983860845987533], [0.83549424535691, 0.10421705091208834, 0.0009953101570577426, 0.009953101570577426, 0.04834498184630895, 0.0009953101570577426], [0.9085599679694157, 0.02981828420367813, 0.0009955074497068242, 0.009955074497068242, 0.04967565843042435, 0.0009955074497068242], [0.9084759362540957, 0.029907177873429627, 0.000995506730129825, 0.00995506730129825, 0.0496708051109168, 0.000995506730129825], [0.9085899787737723, 0.0298070396126352, 0.0009955046722773682, 0.009955046722773683, 0.04965692554626429, 0.0009955046722773682], [0.9086678955052363, 0.029777845400766993, 0.0009954974612668766, 0.009954974612668765, 0.0496082895587942, 0.0009954974612668766], [0.9086012557563662, 0.02980281429911272, 0.0009955036286191155, 0.009955036286191156, 0.049649886401091824, 0.0009955036286191155], [0.8885853001877102, 0.04000742921657008, 0.0009969557226601616, 0.009969557226601616, 0.05944380192379782, 0.0009969557226601616], [0.8925465282931779, 0.03581827601367226, 0.0009969894559375544, 0.009969894559375544, 0.059671322221899165, 0.0009969894559375544], [0.850681456469184, 0.07958854619069874, 0.0009967074835472564, 0.009967074835472564, 0.05776950753755036, 0.0009967074835472564], [0.6766950209772916, 0.25449903428069987, 0.0009984420599142237, 0.012143734099558462, 0.054665326522621675, 0.0009984420599142237], [0.5629997382804118, 0.382192825126816, 0.0009978844988139152, 0.009978844988139151, 0.04283282260700524, 0.0009978844988139152], [0.6619797571727889, 0.12196674966783143, 0.019851375806694008, 0.14982966661631902, 0.04537327100661731, 0.0009991797297494416], [0.5413458129161459, 0.036633761170640954, 0.19004718871522058, 0.16067397337010456, 0.07029998590882344, 0.0009992779190646892], [0.10693109241336077, 0.09139259365610108, 0.024532679275297148, 0.009980046309160455, 0.7661655837151646, 0.0009980046309160454], [0.1128674609597799, 0.07049430357446972, 0.0009971987210980638, 0.009971987210980637, 0.8046718508125736, 0.0009971987210980638], [0.11673661117086027, 0.03189949509739153, 0.026782311644858416, 0.009988193754095376, 0.813594568957385, 0.0009988193754095376], [0.8995975181022576, 0.020819778934718418, 0.028679707882310494, 0.009954503617904288, 0.03995304110101876, 0.000995450361790429], [1.0, 0.0, 0.0, 0.0, 0.0, 0.0], [1.0, 0.0, 0.0, 0.0, 0.0, 0.0], [1.0, 0.0, 0.0, 0.0, 0.0, 0.0], [1.0, 0.0, 0.0, 0.0, 0.0, 0.0], [1.0, 0.0, 0.0, 0.0, 0.0, 0.0], [1.0, 0.0, 0.0, 0.0, 0.0, 0.0], [0.564561581827818, 0.14722497727807615, 0.19514385288203753, 0.012442128617073894, 0.07962814473119495, 0.00099931466379944], [0.48771238125526173, 0.0760323002302449, 0.355365361323792, 0.010796211738468424, 0.06909447228183102, 0.0009992731704021392], [1.0, 0.0, 0.0, 0.0, 0.0, 0.0]], [[1.0, 0.0, 0.0, 0.0, 0.0, 0.0], [0.16351407921752015, 0.04468192554193138, 0.037514238112634594, 0.013397806403657198, 0.7398926119679173, 0.0009993387563393525], [0.8867460243472903, 0.041962879784495206, 0.0009969385286154814, 0.009969385286154814, 0.05932783352482885, 0.0009969385286154814], [0.8868201655649917, 0.04188411581368208, 0.0009969392127903037, 0.009969392127903036, 0.05933244806784265, 0.0009969392127903037], [0.8832472372882577, 0.045673944624055905, 0.0009969071111659085, 0.009969071111659086, 0.059115932753695595, 0.0009969071111659085], [0.7668441379152865, 0.17644720648987225, 0.0009983157487468105, 0.009983157487468104, 0.04472886660987953, 0.0009983157487468105], [0.7366480691002786, 0.20595270568264573, 0.0009983672668835643, 0.010070387295462167, 0.045332103387846455, 0.0009983672668835643], [0.7033472791077209, 0.23746339976012726, 0.00099837900441234, 0.010395764774625813, 0.04679679834870158, 0.00099837900441234], [0.67975654943874, 0.25924018757898204, 0.0009983908982971778, 0.010725476619434002, 0.04828100456624967, 0.0009983908982971778], [0.5000733749569404, 0.2713296302852958, 0.0009983987269009157, 0.010942494306733197, 0.21565770299722883, 0.0009983987269009157], [0.5048245191998914, 0.43341908278843627, 0.000998395836548813, 0.01086237050052181, 0.04889723583805315, 0.000998395836548813], [0.6589036528173862, 0.27816737913919054, 0.0009984035250052655, 0.01107550314769489, 0.04985665784571803, 0.0009984035250052655], [0.6561212732218449, 0.2806727697832214, 0.0009984053412016836, 0.011125850152031125, 0.050083296160499356, 0.0009984053412016836], [0.7155820062259821, 0.2259978568693733, 0.0009983739609272797, 0.010255953704810528, 0.046167435277979584, 0.0009983739609272797], [0.8798449820570977, 0.05997675955494731, 0.000995293810971086, 0.00995293810971086, 0.04823473265630196, 0.000995293810971086], [0.9057580021549521, 0.03280401863381523, 0.0009954802516590508, 0.009954802516590507, 0.049492216191324274, 0.0009954802516590508], [0.9020991432149759, 0.03669112092033741, 0.0009954464712802818, 0.009954464712802818, 0.04926437820932352, 0.0009954464712802818], [0.9086028206209066, 0.029802227968217233, 0.000995503483794578, 0.00995503483794578, 0.0496489096053415, 0.000995503483794578], [0.9086776983966743, 0.0297741724067363, 0.0009954965540322988, 0.009954965540322987, 0.049602170548201895, 0.0009954965540322988], [0.9086255346629551, 0.02979371736281199, 0.0009955013816633355, 0.009955013816633355, 0.04963473139427279, 0.0009955013816633355], [0.8897086786363629, 0.03881158728439179, 0.0009969664473711223, 0.009969664473711223, 0.05951613671079197, 0.0009969664473711223], [0.8926045330856205, 0.03579654250190769, 0.0009969840877302521, 0.009969840877302521, 0.05963511535970898, 0.0009969840877302521], [0.15403650243108322, 0.13035944846490427, 0.0009986322276913906, 0.011878637497741018, 0.7017281471508887, 0.0009986322276913906], [0.12334947371599707, 0.29602740261061505, 0.0009985570708381459, 0.015331966070494444, 0.5632940434612174, 0.0009985570708381459], [0.5638946190081384, 0.2388201413978622, 0.0009978675536941694, 0.009978675536941695, 0.18531082894966944, 0.0009978675536941694], [0.3585119979753114, 0.43710039935589534, 0.0009983950446030942, 0.010840416875826124, 0.19155039570376092, 0.0009983950446030942], [0.5675342486917904, 0.2354883892578039, 0.0009977999103264641, 0.009977999103264641, 0.18500376312648817, 0.0009977999103264641], [0.7459171740883281, 0.2021189601384975, 0.000997239496989401, 0.009972394969894011, 0.03999699180930174, 0.000997239496989401], [0.10859103978723691, 0.105265957322456, 0.0009968555832023647, 0.009968555832023647, 0.7741807358918787, 0.0009968555832023647], [0.9192859278019472, 0.026293972872112013, 0.000994441594259976, 0.00994441594259976, 0.04248680019482126, 0.000994441594259976], [0.9101668591429809, 0.020987355358589706, 0.017620651677997933, 0.009955013168190576, 0.04027461933542196, 0.0009955013168190575], [0.0, 0.0, 0.0, 0.0, 0.0, 1.0], [0.1364277935123789, 0.03728031580363722, 0.031299963620847325, 0.011178445148600533, 0.7828141991080686, 0.0009992828064675774], [0.0, 0.0, 0.0, 0.0, 0.0, 1.0], [0.13645365941899493, 0.03728738393207619, 0.03130589790971367, 0.011180564516002746, 0.782773211363316, 0.0009992828598966144], [1.0, 0.0, 0.0, 0.0, 0.0, 0.0], [0.8310589688380066, 0.05627114027764037, 0.05597329979673983, 0.00996366777030184, 0.04573655654028134, 0.0009963667770301842], [0.8358765973290133, 0.08611420450144824, 0.02040619461761792, 0.009965101508855247, 0.04664139189217988, 0.0009965101508855247], [0.8208227060129014, 0.06404030827167197, 0.05830769981733568, 0.009963877663339627, 0.04586902046841765, 0.0009963877663339627], [1.0, 0.0, 0.0, 0.0, 0.0, 0.0]], [[1.0, 0.0, 0.0, 0.0, 0.0, 0.0], [0.8969827041509316, 0.024491986741170424, 0.020563084766736787, 0.00996566971451768, 0.046999987655191824, 0.000996566971451768], [0.9069647969620906, 0.03151874390317744, 0.0009954918668127087, 0.009954918668127087, 0.04957055673297949, 0.0009954918668127087], [0.9010165568306577, 0.03783835113517254, 0.0009954369038904193, 0.009954369038904192, 0.04919984918748492, 0.0009954369038904193], [0.9027243093456406, 0.03602801452798997, 0.000995452086499431, 0.00995452086499431, 0.049302251088376325, 0.000995452086499431], [0.11815580945869324, 0.04082592199157115, 0.0009976230555362364, 0.009976230555362365, 0.8290467918833009, 0.0009976230555362364], [0.8465786038136588, 0.0995929568775207, 0.000994354027635217, 0.009943540276352171, 0.04189619097719799, 0.000994354027635217], [0.7571681554205173, 0.1914440643715145, 0.000997108824583399, 0.00997108824583399, 0.039422474312967686, 0.000997108824583399], [0.7305932047264353, 0.21649969700769764, 0.0009974534486429118, 0.009974534486429118, 0.040937656882152416, 0.0009974534486429118], [0.3888790799523341, 0.4106204286536437, 0.0009983701864824976, 0.010151321856663766, 0.18835242916439365, 0.0009983701864824976], [0.5783969508126026, 0.22549534383606035, 0.0009976088392038807, 0.009976088392038807, 0.18413639928089057, 0.0009976088392038807], [0.08710140492897435, 0.21954936349364326, 0.0009983945404390532, 0.010826440882416506, 0.680526001614088, 0.0009983945404390532], [0.7559997506355799, 0.19255744231291344, 0.0009971213062188956, 0.009971213062188957, 0.039477351376880146, 0.0009971213062188956], [0.783479552282353, 0.16604422646797995, 0.0009969020573781639, 0.009969020573781639, 0.03851339656112929, 0.0009969020573781639], [0.9079404405557913, 0.038308722392179674, 0.0009943425423776292, 0.009943425423776292, 0.04181872654349757, 0.0009943425423776292], [0.11847228412651385, 0.03848625049796378, 0.000997648449305273, 0.00997648449305273, 0.8310696839838593, 0.000997648449305273], [0.8962117136287656, 0.042913398256832644, 0.0009953969132799909, 0.009953969132799908, 0.04893012515504196, 0.0009953969132799909], [0.9020342510798864, 0.036759926361711104, 0.0009954458921047195, 0.009954458921047196, 0.04926047185314594, 0.0009954458921047195], [0.9086089552860109, 0.02979992940269177, 0.0009955029160457311, 0.009955029160457311, 0.04964508031874869, 0.0009955029160457311], [0.9086077904866753, 0.029800365835251915, 0.0009955030238451741, 0.009955030238451741, 0.04964580739193092, 0.0009955030238451741], [0.1659830876575406, 0.05392034716906375, 0.0009986809516686315, 0.012799907151370339, 0.7652992961186881, 0.0009986809516686315], [0.892529467114751, 0.03582466857722517, 0.000996991034909546, 0.00996991034909546, 0.059681971889109384, 0.000996991034909546], [0.8522194512033052, 0.07801471206290357, 0.0009967127878345945, 0.009967127878345946, 0.05780528327977619, 0.0009967127878345945], [0.7250880675601115, 0.20734280170327107, 0.0009984339502147061, 0.011918924121568409, 0.053653338714619817, 0.0009984339502147061], [0.5821161302055761, 0.3645614520893304, 0.0009975476547707178, 0.009975476547707179, 0.04135184584784493, 0.0009975476547707178], [0.43435616550178213, 0.22689974837969348, 0.0009976345792103145, 0.009976345792103146, 0.3267724711680007, 0.0009976345792103145], [0.7087204240493341, 0.23673475850671238, 0.0009978249294059817, 0.009978249294059816, 0.04257091829108192, 0.0009978249294059817], [0.7830480927984949, 0.16646601098628291, 0.0009969042519324166, 0.009969042519324166, 0.03852304519203335, 0.0009969042519324166], [0.8834604483339401, 0.06355685928673016, 0.0009942288557427909, 0.009942288557427908, 0.041051946110416335, 0.0009942288557427909], [0.9193042270916698, 0.026274458372043175, 0.0009944417741130425, 0.009944417741130425, 0.04248801324693057, 0.0009944417741130425], [0.0, 0.0, 0.0, 0.0, 0.0, 1.0], [0.0, 0.0, 0.0, 0.0, 0.0, 1.0], [0.0, 0.0, 0.0, 0.0, 0.0, 1.0], [0.0, 0.0, 0.0, 0.0, 0.0, 1.0], [0.12640687363078382, 0.09656398104585896, 0.029000912821400868, 0.010357363898578203, 0.7366716064962856, 0.0009992621070926782], [0.884308241559538, 0.024335168147470023, 0.03369582449219099, 0.009965192875607595, 0.046699053637632805, 0.0009965192875607595], [0.8328010931545615, 0.08896365578442736, 0.020474911378329515, 0.009965350378862443, 0.046798454265932946, 0.0009965350378862443], [0.7738071589514012, 0.16951789767969677, 0.000998308101865963, 0.009983081018659629, 0.044695246146510645, 0.000998308101865963], [0.8883827225440984, 0.032557921746707824, 0.021268105025982142, 0.009965399273041341, 0.04682931148286625, 0.000996539927304134], [1.0, 0.0, 0.0, 0.0, 0.0, 0.0]], [[1.0, 0.0, 0.0, 0.0, 0.0, 0.0], [0.13648845229113835, 0.03729689144684153, 0.031313880268764686, 0.011183415329629524, 0.7827180777318606, 0.0009992829317653359], [0.90796988243858, 0.030447126059775124, 0.0009955017137089654, 0.009955017137089654, 0.04963697093713736, 0.0009955017137089654], [0.9007142951049797, 0.0381584197564353, 0.0009954342684415152, 0.009954342684415153, 0.04918207391728699, 0.0009954342684415152], [0.9085240153986052, 0.029855864876746564, 0.0009955072087450968, 0.009955072087450969, 0.04967403321970736, 0.0009955072087450968], [0.11841981520466069, 0.039494593896627295, 0.00099764423922523, 0.009976442392252299, 0.8301138600280092, 0.00099764423922523], [0.11222861324603647, 0.07470031181415424, 0.0009971474602770826, 0.009971474602770826, 0.8011053054164843, 0.0009971474602770826], [0.7829915074362157, 0.16652139435081406, 0.0009969045245793067, 0.009969045245793066, 0.03852424391801869, 0.0009969045245793067], [0.7376376008157807, 0.20991172953583298, 0.0009973499177974667, 0.009973499177974668, 0.04048247063481694, 0.0009973499177974667], [0.43345095849691845, 0.22773270964350995, 0.0009976499691821462, 0.009976499691821463, 0.32684453222938603, 0.0009976499691821462], [0.573259469539573, 0.2307160496383774, 0.0009983410726302462, 0.15196440640965087, 0.04206339226713832, 0.0009983410726302462], [0.7548146487902635, 0.19368610800763783, 0.0009971341075248625, 0.009971341075248625, 0.03953363391180029, 0.0009971341075248625], [0.8752376744596597, 0.07180352585487784, 0.0009942253195860493, 0.009942253195860493, 0.04102809585043006, 0.0009942253195860493], [0.8338165366597806, 0.1115145923668626, 0.0009944784128599652, 0.009944784128599652, 0.04273513001903732, 0.0009944784128599652], [0.10977258576041493, 0.0935472532592314, 0.0009969503898602102, 0.009969503898602102, 0.7847167563020313, 0.0009969503898602102], [0.8978682446732673, 0.04881748896883207, 0.0009942779292196548, 0.009942779292196547, 0.04138293120726476, 0.0009942779292196548], [0.9005314275553259, 0.03835200881911036, 0.0009954326816405137, 0.009954326816405136, 0.04917137144587766, 0.0009954326816405137], [0.13850031890734638, 0.0449924470251948, 0.0009985688635887563, 0.010680553347139026, 0.8038295429931425, 0.0009985688635887563], [0.9050647926002027, 0.03354160386154712, 0.0009954736839887807, 0.009954736839887807, 0.04944791933038495, 0.0009954736839887807], [0.9049954076101121, 0.033615401873432926, 0.0009954730308545268, 0.00995473030854527, 0.04944351414620069, 0.0009954730308545268], [0.8900838263253817, 0.0384119908127835, 0.0009969700658298808, 0.009969700658298808, 0.059540542071876236, 0.0009969700658298808], [0.8925055858723505, 0.035833616514814565, 0.0009969932450624396, 0.009969932450624394, 0.059696878672085625, 0.0009969932450624396], [0.1658696906343803, 0.05580840027487048, 0.0009986804891804922, 0.01279116245702721, 0.7635333856553612, 0.0009986804891804922], [0.7376315228381422, 0.19480338936195812, 0.000998433923705464, 0.01191818925560588, 0.053650030696883004, 0.000998433923705464], [0.7895896691841198, 0.16005396996322027, 0.0009968748696695883, 0.009968748696695883, 0.03839386241662496, 0.0009968748696695883], [0.7530820613692624, 0.19533290038817783, 0.0009971535682526385, 0.009971535682526384, 0.03961919542352822, 0.0009971535682526385], [0.7962562634570111, 0.15347709198309678, 0.000996854519491522, 0.00996854519491522, 0.038304390325993996, 0.000996854519491522], [0.8203225415079796, 0.1293724614644966, 0.0009968632189096712, 0.009968632189096712, 0.038342638400607844, 0.0009968632189096712], [0.9102589583107773, 0.03586783102529447, 0.0009943606538670717, 0.009943606538670718, 0.041940882817523395, 0.0009943606538670717], [0.9201243898907042, 0.025485271545691215, 0.0009944371896197558, 0.009944371896197558, 0.042457092288167464, 0.0009944371896197558], [0.9201512599915548, 0.025475203728389233, 0.0009944347028550328, 0.009944347028550328, 0.04244031984579564, 0.0009944347028550328], [0.908665683071598, 0.029778674365934957, 0.0009954976660224138, 0.009954976660224137, 0.04960967057019824, 0.0009954976660224138], [0.8023127393472932, 0.14072054105304993, 0.000998364430975674, 0.009991772743954267, 0.04497821799375129, 0.000998364430975674], [0.10333609919447659, 0.22814542910369998, 0.0009984673341471434, 0.012844364219622048, 0.6536771728139071, 0.0009984673341471434], [0.10199161665811976, 0.25504260068680723, 0.0009984613057078219, 0.012677249111557161, 0.6282916109321004, 0.0009984613057078219], [0.10177523262661699, 0.27176863628451775, 0.0009984603354772916, 0.012650353231670106, 0.6118088571862408, 0.0009984603354772916], [0.10184962723909977, 0.2769676336377499, 0.00099846066905054, 0.012659600256728682, 0.6065262175283207, 0.00099846066905054], [0.10177322947256087, 0.2706101275359791, 0.0009984603264954772, 0.012650104245686652, 0.6129696180927826, 0.0009984603264954772], [0.8501954713796679, 0.0286444468797827, 0.06346991232785565, 0.00996523938544019, 0.04672840608870951, 0.000996523938544019], [1.0, 0.0, 0.0, 0.0, 0.0, 0.0]], [[1.0, 0.0, 0.0, 0.0, 0.0, 0.0], [0.8969542637210663, 0.024499546817876156, 0.02056943208758854, 0.009965692702472431, 0.04701449540074946, 0.000996569270247243], [0.9072731463192, 0.031190095131886, 0.0009954948711583347, 0.009954948711583346, 0.04959082009501415, 0.0009954948711583347], [0.9086002805343198, 0.02980317969995155, 0.0009955037188736251, 0.009955037188736252, 0.049650495139245056, 0.0009955037188736251], [0.9015296455511498, 0.03729479330162935, 0.0009954414133676731, 0.009954414133676731, 0.0492302641868088, 0.0009954414133676731], [0.09276339108902626, 0.15378722713424794, 0.00099841992785695, 0.011530208617148773, 0.7399223333038634, 0.00099841992785695], [0.6410947141043732, 0.30843019458643745, 0.0009969018010758887, 0.009969018010758886, 0.038512269696278585, 0.0009969018010758887], [0.7484680062557825, 0.19970875483544384, 0.0009972075988620573, 0.009972075988620573, 0.03985674772242908, 0.0009972075988620573], [0.7629764541311528, 0.18589068333460276, 0.000997051002086586, 0.009970510020865861, 0.039168250509205506, 0.000997051002086586], [0.7360117037350412, 0.21143544313610935, 0.0009973730958842862, 0.009973730958842861, 0.040584375978238024, 0.0009973730958842862], [0.08800016406713751, 0.19940135897642022, 0.0009983985703277147, 0.010938153921773218, 0.6996635258940136, 0.0009983985703277147], [0.7676310314096547, 0.1814186746058622, 0.0009970095904055817, 0.009970095904055818, 0.03898617889961616, 0.0009970095904055817], [0.7653547955766993, 0.18360794463347088, 0.000997029316695756, 0.009970293166957559, 0.03907290798948074, 0.000997029316695756], [0.7158372240635995, 0.23018583927438635, 0.0009976961180755471, 0.00997696118075547, 0.04200458324510777, 0.0009976961180755471], [0.7412821817838203, 0.2064889769741086, 0.0009972996008769891, 0.00997299600876989, 0.04026124603154732, 0.0009972996008769891], [0.7750497280573527, 0.17425125560637197, 0.0009969525935689155, 0.009969525935689156, 0.038735585213448505, 0.0009969525935689155], [0.8928001584286104, 0.04649955483725588, 0.0009953710719976564, 0.009953710719976566, 0.04875583387016191, 0.0009953710719976564], [0.13847835554279986, 0.04498531212815163, 0.0009985687740114875, 0.010678859626225072, 0.8038603351548006, 0.0009985687740114875], [0.0, 0.0, 0.0, 0.0, 0.0, 1.0], [0.8960016731963512, 0.043134611307448424, 0.0009953952597147047, 0.009953952597147046, 0.04891897237962393, 0.0009953952597147047], [0.8833622873242368, 0.0455520999323826, 0.000996908116785772, 0.00996908116785772, 0.05912271534195139, 0.000996908116785772], [0.166060884747771, 0.05394561990120271, 0.0009986812689629532, 0.01280590653085923, 0.7651902262822412, 0.0009986812689629532], [0.8922782271321511, 0.036072107820642886, 0.0009969915974249975, 0.009969915974249977, 0.05968576587810603, 0.0009969915974249975], [0.8796232888540035, 0.04950524855624879, 0.0009968764222219977, 0.009968764222219977, 0.058908945523083754, 0.0009968764222219977], [0.8879620743886844, 0.0589904720560769, 0.0009942384404999585, 0.009942384404999585, 0.041116592269239305, 0.0009942384404999585], [0.10785887791038774, 0.11226583106299844, 0.0009967968348996144, 0.009967968348996143, 0.7679137290078184, 0.0009967968348996144], [0.8866202297241844, 0.0603553848518671, 0.0009942350263797914, 0.009942350263797915, 0.04109356510739118, 0.0009942350263797914], [0.9092583167253445, 0.03692224370294556, 0.0009943526956597928, 0.009943526956597927, 0.04188720722379262, 0.0009943526956597928], [0.0, 0.0, 0.0, 0.0, 0.0, 1.0], [0.9200405937922032, 0.025516668666789588, 0.0009944449447518574, 0.009944449447518575, 0.04250939820398505, 0.0009944449447518574], [0.9201184503191513, 0.025487497012636084, 0.000994437739313153, 0.009944377393131528, 0.04246079979645491, 0.000994437739313153], [0.879649820689791, 0.06017799239297905, 0.0009952929123837498, 0.009952929123837499, 0.04822867196862494, 0.0009952929123837498], [0.10428713818565248, 0.21637519971051208, 0.000998471598450097, 0.012962575486400516, 0.6643781434205348, 0.000998471598450097], [0.6973636746355893, 0.24302689074291323, 0.0009983817590659473, 0.010472126866162142, 0.047140544237203486, 0.0009983817590659473], [0.2720926084315061, 0.2839182602246025, 0.000998461131714873, 0.01267242583161282, 0.42931978324884906, 0.000998461131714873], [0.668980249310492, 0.2690572354547528, 0.0009983971880444598, 0.010899835477618266, 0.04906588538104792, 0.0009983971880444598], [0.4190680319140241, 0.34285662645495923, 0.000998459694122675, 0.012632574161444273, 0.22344584808132717, 0.000998459694122675], [0.66528750358683, 0.27240288878921476, 0.0009983994639040227, 0.010962924860529955, 0.049349883835617454, 0.0009983994639040227], [0.7002943726417638, 0.03972058448057233, 0.1794052005068698, 0.010754303800216634, 0.06882626645667023, 0.0009992721139072732], [1.0, 0.0, 0.0, 0.0, 0.0, 0.0]], [[1.0, 0.0, 0.0, 0.0, 0.0, 0.0], [0.8969296402569596, 0.024506092263155553, 0.020574927539939492, 0.009965712605233447, 0.047027056074188535, 0.0009965712605233446], [0.13840564812806602, 0.044961692799823996, 0.000998568477475335, 0.010673252740783054, 0.8039622693763763, 0.000998568477475335], [0.9085864342165753, 0.029808367704199683, 0.0009955050003178116, 0.009955050003178116, 0.04965913807541154, 0.0009955050003178116], [0.8826282515582006, 0.05710095822229479, 0.0009953075058295137, 0.009953075058295137, 0.04832710014955067, 0.0009953075058295137], [0.6510248397494292, 0.29867573407270015, 0.0009968619552843147, 0.009968619552843148, 0.03833708271445903, 0.0009968619552843147], [0.5979366055678021, 0.34978199899029233, 0.0009973115216473619, 0.00997311521647362, 0.040313657182137384, 0.0009973115216473619], [0.5848882544389876, 0.36198496155389626, 0.0009975032795466994, 0.009975032795466994, 0.04115674465255586, 0.0009975032795466994], [0.08712027055867366, 0.38913245987157347, 0.0009983946250294445,