[[[1.0, 0.0, 0.0, 0.0, 0.0, 0.0], [1.0, 0.0, 0.0, 0.0, 0.0, 0.0], [1.0, 0.0, 0.0, 0.0, 0.0, 0.0], [1.0, 0.0, 0.0, 0.0, 0.0, 0.0], [1.0, 0.0, 0.0, 0.0, 0.0, 0.0], [1.0, 0.0, 0.0, 0.0, 0.0, 0.0], [1.0, 0.0, 0.0, 0.0, 0.0, 0.0], [1.0, 0.0, 0.0, 0.0, 0.0, 0.0], [1.0, 0.0, 0.0, 0.0, 0.0, 0.0], [1.0, 0.0, 0.0, 0.0, 0.0, 0.0], [1.0, 0.0, 0.0, 0.0, 0.0, 0.0], [1.0, 0.0, 0.0, 0.0, 0.0, 0.0], [1.0, 0.0, 0.0, 0.0, 0.0, 0.0], [1.0, 0.0, 0.0, 0.0, 0.0, 0.0], [1.0, 0.0, 0.0, 0.0, 0.0, 0.0], [1.0, 0.0, 0.0, 0.0, 0.0, 0.0], [1.0, 0.0, 0.0, 0.0, 0.0, 0.0], [1.0, 0.0, 0.0, 0.0, 0.0, 0.0], [1.0, 0.0, 0.0, 0.0, 0.0, 0.0], [1.0, 0.0, 0.0, 0.0, 0.0, 0.0], [1.0, 0.0, 0.0, 0.0, 0.0, 0.0], [1.0, 0.0, 0.0, 0.0, 0.0, 0.0], [1.0, 0.0, 0.0, 0.0, 0.0, 0.0], [1.0, 0.0, 0.0, 0.0, 0.0, 0.0], [1.0, 0.0, 0.0, 0.0, 0.0, 0.0], [1.0, 0.0, 0.0, 0.0, 0.0, 0.0], [1.0, 0.0, 0.0, 0.0, 0.0, 0.0], [1.0, 0.0, 0.0, 0.0, 0.0, 0.0], [1.0, 0.0, 0.0, 0.0, 0.0, 0.0], [1.0, 0.0, 0.0, 0.0, 0.0, 0.0], [1.0, 0.0, 0.0, 0.0, 0.0, 0.0], [1.0, 0.0, 0.0, 0.0, 0.0, 0.0], [1.0, 0.0, 0.0, 0.0, 0.0, 0.0], [1.0, 0.0, 0.0, 0.0, 0.0, 0.0], [1.0, 0.0, 0.0, 0.0, 0.0, 0.0], [1.0, 0.0, 0.0, 0.0, 0.0, 0.0], [1.0, 0.0, 0.0, 0.0, 0.0, 0.0], [1.0, 0.0, 0.0, 0.0, 0.0, 0.0], [1.0, 0.0, 0.0, 0.0, 0.0, 0.0], [1.0, 0.0, 0.0, 0.0, 0.0, 0.0]], [[1.0, 0.0, 0.0, 0.0, 0.0, 0.0], [0.9119753876028511, 0.009875296510316545, 0.009875296510316545, 0.009875296510316545, 0.057411193215167605, 0.0009875296510316544], [0.9119839306019981, 0.009875270570989712, 0.009875270570989712, 0.009875270570989712, 0.05740273062793396, 0.0009875270570989711], [0.9119365837070498, 0.009875414331577955, 0.009875414331577955, 0.009875414331577955, 0.05744963186505872, 0.0009875414331577956], [0.9119721228215689, 0.009875306423255464, 0.009875306423255464, 0.009875306423255464, 0.05741442726633925, 0.0009875306423255464], [0.9119054477336846, 0.009875508870530326, 0.009875508870530326, 0.009875508870530326, 0.05748047476767157, 0.0009875508870530326], [0.9119834936657258, 0.009875271897670488, 0.009875271897670488, 0.009875271897670488, 0.057403163451495876, 0.0009875271897670486], [0.18311517113389553, 0.012894286123045178, 0.009955127677816271, 0.009955127677816271, 0.7830847746196452, 0.0009955127677816272], [0.9118877225808346, 0.009875562689865327, 0.009875562689865327, 0.009875562689865327, 0.05749803308058294, 0.0009875562689865328], [0.911977309649072, 0.009875290674358437, 0.009875290674358437, 0.009875290674358437, 0.057409289260416815, 0.0009875290674358438], [1.0, 0.0, 0.0, 0.0, 0.0, 0.0], [1.0, 0.0, 0.0, 0.0, 0.0, 0.0], [0.18364305823576738, 0.012931457960255894, 0.015467146444826564, 0.009958376902299676, 0.7770041227666206, 0.0009958376902299677], [0.8851679067972945, 0.010215108235333526, 0.028018422031028258, 0.009938619714575606, 0.06566608125031065, 0.0009938619714575606], [0.9108746789535097, 0.009915186137230126, 0.01010040366478237, 0.009915186137230126, 0.05820302649352466, 0.0009915186137230126], [0.9034186250820448, 0.009917949704309793, 0.016219867497700644, 0.009917949704309793, 0.059533813041203996, 0.0009917949704309793], [0.9118058539100117, 0.009875811269804712, 0.009875811269804712, 0.009875811269804712, 0.05757913115359373, 0.0009875811269804712], [0.18323806740718734, 0.012902940019396137, 0.009955235603068251, 0.009955235603068251, 0.7829529978069732, 0.0009955235603068251], [0.9115816665578159, 0.009890502091272478, 0.009890502091272478, 0.009890502091272478, 0.05775777695923948, 0.0009890502091272479], [0.18307273952857667, 0.012891298247948576, 0.009955090415159127, 0.009955090415159127, 0.7831302723516406, 0.0009955090415159128], [0.9115941362908397, 0.009890491428692041, 0.009890491428692041, 0.009890491428692041, 0.057745340280215, 0.0009890491428692042], [0.9118353531462071, 0.009875721700519275, 0.009875721700519275, 0.009875721700519275, 0.057549909582183284, 0.0009875721700519273], [0.9119444558201057, 0.009875390429279717, 0.009875390429279717, 0.009875390429279717, 0.05744183384912716, 0.0009875390429279717], [0.9118761488712519, 0.009875597831415783, 0.009875597831415783, 0.009875597831415783, 0.057509497851359316, 0.0009875597831415783], [0.15211300699323022, 0.010711229566955416, 0.009927902146177824, 0.009927902146177824, 0.8163271689328411, 0.0009927902146177824], [0.9217496331271358, 0.009845618718610167, 0.009845618718610167, 0.009845618718610167, 0.04772894884517269, 0.0009845618718610167], [0.15218773321016463, 0.010716491507929932, 0.00992796776937026, 0.00992796776937026, 0.816247042966228, 0.000992796776937026], [0.921669492527764, 0.009845862051561998, 0.009845862051561998, 0.009845862051561998, 0.047808335112393845, 0.0009845862051561997], [0.9215219018027568, 0.009852108898449655, 0.009852108898449655, 0.009852108898449655, 0.04793656061204932, 0.0009852108898449655], [0.9215780775175275, 0.009847423314337961, 0.009847423314337961, 0.009847423314337961, 0.04789491020802482, 0.0009847423314337962], [0.9215600321048173, 0.009849950452354775, 0.009849950452354775, 0.009849950452354775, 0.047905121492883104, 0.0009849950452354775], [0.9118276207340064, 0.009875745178640231, 0.009875745178640231, 0.009875745178640231, 0.05755756921220904, 0.0009875745178640231], [0.183467948486829, 0.012919127386050796, 0.009956394230711913, 0.009956394230711913, 0.7827044962426254, 0.0009956394230711913], [0.9119571118420559, 0.009875352001476533, 0.009875352001476533, 0.009875352001476533, 0.057429296953366946, 0.0009875352001476533], [0.18313257205427644, 0.012895511430838112, 0.009955142958985233, 0.009955142958985233, 0.7830661163010165, 0.0009955142958985232], [0.9119379638949908, 0.009875410140878003, 0.009875410140878003, 0.009875410140878003, 0.05744826466828748, 0.0009875410140878004], [0.183420534882017, 0.012915788697165623, 0.01179079313714658, 0.00995829549909247, 0.7809187582346692, 0.000995829549909247], [0.1829361800385528, 0.012881682238929323, 0.009954970491120946, 0.009954970491120946, 0.7832766996911641, 0.0009954970491120947], [0.911946699098156, 0.00987538361795719, 0.00987538361795719, 0.00987538361795719, 0.05743961168617682, 0.000987538361795719], [1.0, 0.0, 0.0, 0.0, 0.0, 0.0]], [[1.0, 0.0, 0.0, 0.0, 0.0, 0.0], [1.0, 0.0, 0.0, 0.0, 0.0, 0.0], [1.0, 0.0, 0.0, 0.0, 0.0, 0.0], [0.18334865842120163, 0.012910727425368602, 0.00995533272206734, 0.00995533272206734, 0.7828344154370883, 0.000995533272206734], [0.9115507872039247, 0.009965895301702898, 0.009894360729452857, 0.009894360729452857, 0.05770515996252149, 0.0009894360729452857], [0.9121739639959937, 0.013228958328319156, 0.0009927888441745565, 0.009927888441745567, 0.06268361154559267, 0.0009927888441745565], [0.9123769939995872, 0.013025068264833118, 0.0009927889078716057, 0.009927889078716057, 0.06268447084112067, 0.0009927889078716057], [0.9072598928080678, 0.018246213290165816, 0.0009927812022626715, 0.009927812022626716, 0.06258051947461447, 0.0009927812022626715], [0.9124353506904872, 0.013015035969074688, 0.000992785328909958, 0.00992785328909958, 0.0626361893935188, 0.000992785328909958], [0.9116482287179872, 0.00989202206500609, 0.00989202206500609, 0.00989202206500609, 0.05768650288049401, 0.000989202206500609], [0.9118239145079318, 0.009875756431949264, 0.009875756431949264, 0.009875756431949264, 0.05756124055302545, 0.0009875756431949264], [1.0, 0.0, 0.0, 0.0, 0.0, 0.0], [0.868907529272574, 0.011779422195776055, 0.0361152032636096, 0.009943381816268311, 0.07226012527014529, 0.0009943381816268312], [0.7475980551453388, 0.15258475445694303, 0.0009975049312207454, 0.009975049312207454, 0.08784713122306942, 0.0009975049312207454], [0.774907137563854, 0.1327146478717373, 0.0009967131070652765, 0.009967131070652765, 0.08041765727962559, 0.0009967131070652765], [0.8100992988791247, 0.10595173491406885, 0.0009958158756974704, 0.009958158756974705, 0.07199917569843682, 0.0009958158756974704], [0.8878720219329185, 0.03655267406014535, 0.0009928612927693578, 0.009928612927693578, 0.06366096849370399, 0.0009928612927693578], [0.872926985167338, 0.0491874149980998, 0.0009930323960007264, 0.009930323960007264, 0.06596921108255364, 0.0009930323960007264], [0.8522990354634989, 0.06505272414235344, 0.0009933851227727046, 0.009933851227727046, 0.07072761892087517, 0.0009933851227727046], [0.8794288721017444, 0.04382917702739742, 0.0009929476960108372, 0.00992947696010837, 0.06482657851872835, 0.0009929476960108372], [0.8839610941755047, 0.039970779954440525, 0.0009928977917372653, 0.009928977917372652, 0.0641533523692077, 0.0009928977917372653], [0.855279567781899, 0.06285031700018262, 0.0009933274939052366, 0.009933274939052366, 0.06995018529105575, 0.0009933274939052366], [0.8848219650311454, 0.03922546847498176, 0.0009928892332736936, 0.009928892332736937, 0.06403789569458859, 0.0009928892332736936], [0.9067047525076608, 0.018803569293587154, 0.0009927810381650957, 0.009927810381650958, 0.062578305740771, 0.0009927810381650957], [0.9240520057529793, 0.011875808966323887, 0.0009920093582416053, 0.009920093582416054, 0.052168072981797785, 0.0009920093582416053], [0.9251145767271536, 0.010835307413085865, 0.000992007723754285, 0.009920077237542851, 0.05214602317470936, 0.000992007723754285], [0.9250835054544515, 0.010840648980479949, 0.0009920096293265792, 0.009920096293265792, 0.05217173001314981, 0.0009920096293265792], [0.9236122115550038, 0.012328060623216173, 0.0009920084356275184, 0.009920084356275184, 0.052155626594249854, 0.0009920084356275184], [0.1426969470412667, 0.021135698111157175, 0.0009939791404370867, 0.009939791404370867, 0.8242396051623312, 0.0009939791404370867], [0.921457778637197, 0.01452300585540223, 0.000992005435237777, 0.00992005435237777, 0.052115150284547454, 0.000992005435237777], [0.922766346114639, 0.013193927633956024, 0.0009920069542876475, 0.009920069542876475, 0.05213564279995343, 0.0009920069542876475], [0.17216691070396292, 0.02004503975385604, 0.0009951845740533514, 0.009951845740533512, 0.7958458346535411, 0.0009951845740533514], [0.9079199171060256, 0.017581017279045427, 0.0009927815852858424, 0.009927815852858426, 0.0625856865914989, 0.0009927815852858424], [0.9076358304829361, 0.017867666514300138, 0.0009927813954957658, 0.009927813954957659, 0.0625831262568146, 0.0009927813954957658], [0.1711878166016547, 0.027556383246728374, 0.0009951445253801353, 0.009951445253801355, 0.7893140658470554, 0.0009951445253801353], [0.8944008340883551, 0.030649855760197055, 0.0009928149309267702, 0.0099281493092677, 0.06303553098032667, 0.0009928149309267702], [0.9012122733446616, 0.02421156760604452, 0.000992787294916436, 0.00992787294916436, 0.06266271151029676, 0.000992787294916436], [0.17072510846650402, 0.03270651986080226, 0.0009951255988572862, 0.009951255988572862, 0.7846268644864064, 0.0009951255988572862], [0.18296376594172, 0.012883624735152865, 0.009954994716554888, 0.009954994716554888, 0.783247120418362, 0.000995499471655489], [1.0, 0.0, 0.0, 0.0, 0.0, 0.0]], [[1.0, 0.0, 0.0, 0.0, 0.0, 0.0], [0.18315147535240803, 0.01289684253045847, 0.009955159559514764, 0.009955159559514764, 0.7830458470421525, 0.0009955159559514764], [0.18312749647316312, 0.012895154027381533, 0.00995513850170304, 0.00995513850170304, 0.7830715586458792, 0.0009955138501703041], [1.0, 0.0, 0.0, 0.0, 0.0, 0.0], [0.9119901408221069, 0.009875251714739536, 0.009875251714739536, 0.009875251714739536, 0.05739657886220061, 0.0009875251714739537], [0.9107554525844944, 0.010684361379186996, 0.009894493510363188, 0.009894493510363188, 0.0577817496645559, 0.0009894493510363188], [0.9001950584462638, 0.020277582982009344, 0.00989616418143935, 0.00989616418143935, 0.058745413790704366, 0.000989616418143935], [0.8787373871010329, 0.04440796754125955, 0.0009929560422973288, 0.009929560422973287, 0.06493917285013973, 0.0009929560422973288], [0.8990642181887333, 0.026273772515686026, 0.000992793653086839, 0.009927936530868391, 0.06274848545853877, 0.000992793653086839], [0.1721758458484098, 0.019741457166197438, 0.000995184939534748, 0.009951849395347481, 0.796140477710976, 0.000995184939534748], [0.18334026368870898, 0.012910136299674226, 0.009955325349967315, 0.009955325349967315, 0.7828434167766855, 0.0009955325349967315], [1.0, 0.0, 0.0, 0.0, 0.0, 0.0], [0.8716410593529126, 0.011086962484392556, 0.03505561805428085, 0.009942673567718682, 0.07127941918392355, 0.0009942673567718682], [0.7757500446717738, 0.09185549975804086, 0.011438215302923715, 0.009970628614890039, 0.10998854879088278, 0.0009970628614890038], [0.7989998744021748, 0.11456827648841805, 0.000996080160284695, 0.00996080160284695, 0.07447888718599087, 0.000996080160284695], [0.8266572733214606, 0.09270773176968251, 0.0009954631278753178, 0.009954631278753177, 0.06868943737435321, 0.0009954631278753178], [0.854369568706797, 0.06920573027591088, 0.0009950149731185786, 0.009950149731185787, 0.0644845213398692, 0.0009950149731185786], [0.16775191919371812, 0.11439937206743206, 0.0009981273660361098, 0.009981273660361096, 0.7058711803464166, 0.0009981273660361098], [0.815468705424163, 0.10171187193889375, 0.000995695644108699, 0.009956956441086991, 0.07087107490763889, 0.000995695644108699], [0.17316606598919126, 0.1354741688200445, 0.000998449631523154, 0.009984496315231541, 0.6793783696124867, 0.000998449631523154], [0.8227737435302169, 0.0958611759431729, 0.000995540840108917, 0.00995540840108917, 0.06941859044530314, 0.000995540840108917], [0.8200348319333127, 0.09806647402157638, 0.000995597639335464, 0.00995597639335464, 0.06995152237308551, 0.000995597639335464], [0.840041462936748, 0.08159518540244852, 0.000995221328192576, 0.009952213281925762, 0.0664206957224927, 0.000995221328192576], [0.8590991180795001, 0.06499070165744388, 0.0009949602061760825, 0.009949602061760826, 0.06397065778894301, 0.0009949602061760825], [0.9243753532971888, 0.011542415542640943, 0.0009920101022512769, 0.009920101022512768, 0.052178109933154894, 0.0009920101022512769], [0.14314190605599475, 0.016412463625009553, 0.000993997340953394, 0.009939973409533938, 0.8285176622275551, 0.000993997340953394], [0.92513710937787, 0.010831433749025683, 0.0009920063418477458, 0.009920063418477457, 0.052127380770931354, 0.0009920063418477458], [0.9251784262160407, 0.010824330831880502, 0.0009920038079244387, 0.009920038079244386, 0.052093197256985725, 0.0009920038079244387], [0.9249612020596832, 0.010936471233444553, 0.0009920115905511456, 0.009920115905511456, 0.052198187620258456, 0.0009920115905511456], [0.9251424562237077, 0.010830514554705548, 0.0009920060139306571, 0.009920060139306573, 0.05212295705441898, 0.0009920060139306571], [0.9249681130764712, 0.010929308650725814, 0.0009920116091824147, 0.009920116091824147, 0.052198438962614065, 0.0009920116091824147], [0.17203438574861962, 0.01972523753627796, 0.0009951791532785584, 0.009951791532785583, 0.7962982268757598, 0.0009951791532785584], [0.9124619394143755, 0.013010465011781321, 0.0009927836982482187, 0.009927836982482187, 0.06261419119486475, 0.0009927836982482187], [0.908135231356364, 0.01736342295209889, 0.000992781754151003, 0.00992781754151003, 0.06258796464172506, 0.000992781754151003], [0.8864994733738594, 0.03776195768566045, 0.000992873384362722, 0.00992873384362722, 0.06382408832812758, 0.000992873384362722], [0.8527664249398236, 0.06471010605363965, 0.0009933758820567119, 0.009933758820567119, 0.07060295842185646, 0.0009933758820567119], [0.8709022578082075, 0.050817199286942095, 0.0009930616459498996, 0.009930616459498996, 0.06636380315345171, 0.0009930616459498996], [0.17038089652445518, 0.04276978368523198, 0.000995111519279489, 0.00995111519279489, 0.774907981558959, 0.000995111519279489], [0.9119543232035575, 0.009875360468690938, 0.009875360468690938, 0.009875360468690938, 0.057432059343500645, 0.000987536046869094], [1.0, 0.0, 0.0, 0.0, 0.0, 0.0]], [[1.0, 0.0, 0.0, 0.0, 0.0, 0.0], [0.9119271563746156, 0.009875442956028572, 0.009875442956028572, 0.009875442956028572, 0.05745897046169593, 0.0009875442956028572], [0.9119635356358555, 0.0098753324967471, 0.0098753324967471, 0.0098753324967471, 0.05742293362422851, 0.00098753324967471], [1.0, 0.0, 0.0, 0.0, 0.0, 0.0], [1.0, 0.0, 0.0, 0.0, 0.0, 0.0], [1.0, 0.0, 0.0, 0.0, 0.0, 0.0], [0.9117664306086767, 0.009875930971782989, 0.009875930971782989, 0.009875930971782989, 0.057618183378796185, 0.0009875930971782988], [0.193191718478963, 0.053522041768178, 0.010176967713128024, 0.009961869980914625, 0.7321512150607251, 0.0009961869980914626], [0.8353791822650267, 0.08551138104590138, 0.000995300743445516, 0.00995300743445516, 0.06716582776772582, 0.000995300743445516], [0.8545599809719808, 0.0690368185577583, 0.000995012684543797, 0.00995012684543797, 0.06446304825573544, 0.000995012684543797], [0.9118763624202343, 0.009875597183011548, 0.009875597183011548, 0.009875597183011548, 0.0575092863124301, 0.0009875597183011547], [1.0, 0.0, 0.0, 0.0, 0.0, 0.0], [1.0, 0.0, 0.0, 0.0, 0.0, 0.0], [0.19426428267194767, 0.01622244113737905, 0.0384357629874154, 0.009962262344968874, 0.7401190246237922, 0.0009962262344968874], [0.16972785247587027, 0.12324175271364501, 0.000998244979230874, 0.00998244979230874, 0.6950514550597143, 0.000998244979230874], [0.16620421431580423, 0.1054802378268709, 0.0009980352422195374, 0.009980352422195372, 0.7163391249506905, 0.0009980352422195374], [0.1668664011916311, 0.10945398450988723, 0.0009980746574744454, 0.009980746574744454, 0.7117027184087885, 0.0009980746574744454], [0.17447157618211684, 0.1395929765919395, 0.0009985273392200556, 0.009985273392200556, 0.673953119155303, 0.0009985273392200556], [0.5768457395187541, 0.1317711421409638, 0.0009966779088301757, 0.009966779088301757, 0.2794229834343202, 0.0009966779088301757], [0.7813224639904947, 0.1279481211477796, 0.000996537604487856, 0.009965376044878562, 0.07877096360787164, 0.000996537604487856], [0.17800630760471872, 0.14975409087651606, 0.0009987047385100788, 0.01002044138538545, 0.6602217506563598, 0.0009987047385100788], [0.5735876805366522, 0.3335198153382099, 0.0009967678493989281, 0.009967678493989282, 0.08093128993235096, 0.0009967678493989281], [0.7920238955586496, 0.11989625666602835, 0.000996255577597655, 0.009962555775976548, 0.07612478084415035, 0.000996255577597655], [0.8445011916908545, 0.07779752377320587, 0.000995150856026279, 0.009951508560262789, 0.06575947426362445, 0.000995150856026279], [0.9185047839025046, 0.017474631272999936, 0.0009920055366510147, 0.009920055366510147, 0.05211651838468339, 0.0009920055366510147], [0.9251293334704556, 0.010832770531522585, 0.0009920068187369252, 0.009920068187369251, 0.05213381417317882, 0.0009920068187369252], [0.9250478160817749, 0.01084678446103243, 0.0009920118181226552, 0.009920118181226553, 0.05220125763972102, 0.0009920118181226552], [0.9250697217499508, 0.010843018583657611, 0.0009920104746683727, 0.009920104746683726, 0.052183133970371054, 0.0009920104746683727], [0.9251421697263617, 0.010830563807431607, 0.0009920060315012735, 0.009920060315012736, 0.05212319408819167, 0.0009920060315012735], [0.9251187533944795, 0.010834589388104457, 0.0009920074676031572, 0.009920074676031572, 0.05214256760617839, 0.0009920074676031572], [0.9242803833067278, 0.011640413545361125, 0.0009920098779931208, 0.009920098779931209, 0.05217508461199362, 0.0009920098779931208], [0.17212618215005548, 0.019735762791536764, 0.0009951829081005666, 0.009951829081005666, 0.796195860161201, 0.0009951829081005666], [0.171379121356745, 0.025858819569893075, 0.0009951523504723337, 0.009951523504723336, 0.790820230867694, 0.0009951523504723337], [0.8435555220918821, 0.07860672724837331, 0.000995165381839462, 0.009951653818394622, 0.06589576607767113, 0.000995165381839462], [0.8262684057788421, 0.0930261357029389, 0.0009954706282072488, 0.009954706282072488, 0.0687598109797322, 0.0009954706282072488], [0.8028901596673678, 0.11157076115806744, 0.000995985131504454, 0.00995985131504454, 0.07358725759651148, 0.000995985131504454], [0.8044933279799336, 0.11032800816421275, 0.0009959467679498794, 0.009959467679498795, 0.07322730264045513, 0.0009959467679498794], [0.17094977304810585, 0.127986443021793, 0.0009983177114347129, 0.00998317711434713, 0.6890839713928848, 0.0009983177114347129], [0.9119440267711936, 0.009875391732011903, 0.009875391732011903, 0.009875391732011903, 0.05744225885956956, 0.0009875391732011903], [1.0, 0.0, 0.0, 0.0, 0.0, 0.0]], [[1.0, 0.0, 0.0, 0.0, 0.0, 0.0], [0.9118811556329819, 0.009875582629257073, 0.009875582629257073, 0.009875582629257073, 0.05750453821632128, 0.0009875582629257072], [0.9117259771156963, 0.009884108986290266, 0.009884108986290266, 0.009884108986290266, 0.05763328502680385, 0.0009884108986290266], [0.911915153609472, 0.009875479400331401, 0.009875479400331401, 0.009875479400331401, 0.05747086024950081, 0.0009875479400331402], [1.0, 0.0, 0.0, 0.0, 0.0, 0.0], [1.0, 0.0, 0.0, 0.0, 0.0, 0.0], [1.0, 0.0, 0.0, 0.0, 0.0, 0.0], [0.7014679811127686, 0.015476397930128723, 0.017308277207583846, 0.2040503429055986, 0.06069777317724073, 0.0009992276666795261], [0.576319993231754, 0.3314959489374354, 0.000996692440511835, 0.009966924405118352, 0.08022374854466875, 0.000996692440511835], [0.8335943407913418, 0.08699898610577697, 0.0009953323820712644, 0.009953323820712644, 0.06746268451802619, 0.0009953323820712644], [0.9118938837393827, 0.009875543982582027, 0.009875543982582027, 0.009875543982582027, 0.05749192991461314, 0.0009875543982582028], [1.0, 0.0, 0.0, 0.0, 0.0, 0.0], [1.0, 0.0, 0.0, 0.0, 0.0, 0.0], [0.888750867890023, 0.01227107911194913, 0.024532047555944864, 0.009937066409659733, 0.06351523239145743, 0.0009937066409659732], [0.8280300607814227, 0.09158699624412166, 0.000995436298804413, 0.00995436298804413, 0.06843770738880281, 0.000995436298804413], [0.16457161603070503, 0.09093838877335436, 0.0009979380653048042, 0.009979380653048042, 0.732514738412283, 0.0009979380653048042], [0.8274825212685456, 0.09203436567224998, 0.000995446961171725, 0.009954469611717249, 0.06853774952514377, 0.000995446961171725], [0.17178567366111222, 0.3305281232067141, 0.000998367466627608, 0.00998367466627608, 0.4857057935326426, 0.000998367466627608], [0.4963508938159461, 0.3882607096308815, 0.0009987300718982655, 0.010382700395671454, 0.10300823601370454, 0.0009987300718982655], [0.3765175336179353, 0.14353870057503768, 0.0009986041111096763, 0.009986041111096763, 0.46796051647371106, 0.0009986041111096763], [0.7790549488669472, 0.12963665996914664, 0.0009965992322484218, 0.009965992322484218, 0.07934920037692515, 0.0009965992322484218], [0.7044118357730015, 0.18291894766327252, 0.0009987126603073146, 0.01013372044641223, 0.10053807079669937, 0.0009987126603073146], [0.5879420415637142, 0.3228044602910611, 0.000996380504030243, 0.009963805040302429, 0.07729693209686189, 0.000996380504030243], [0.8099730888624185, 0.10604966331877519, 0.0009958188860666453, 0.009958188860666451, 0.07202742118600669, 0.0009958188860666453], [0.9060832441189036, 0.02916096558619143, 0.000992059986834495, 0.009920599868344948, 0.0528510704528912, 0.000992059986834495], [0.9251530056181816, 0.0108287009726843, 0.0009920053669460929, 0.009920053669460928, 0.052114229005781, 0.0009920053669460929], [0.14311445684248333, 0.016409316334109886, 0.0009939962181761456, 0.009939962181761457, 0.8285482722052931, 0.0009939962181761456], [0.9251004042955573, 0.01083774384365102, 0.0009920085929363508, 0.009920085929363508, 0.05215774874555571, 0.0009920085929363508], [0.9251756626525491, 0.010824805925410757, 0.0009920039774112205, 0.009920039774112205, 0.052095483693105564, 0.0009920039774112205], [0.9251510562704822, 0.010829036091628764, 0.0009920054864977768, 0.009920054864977768, 0.052115841799915824, 0.0009920054864977768], [0.9251404468308074, 0.010830859996223222, 0.0009920061371648575, 0.009920061371648576, 0.052124619526991246, 0.0009920061371648575], [0.9122251656980451, 0.013175912580185864, 0.0009927889807467827, 0.009927889807467827, 0.06268545395280783, 0.0009927889807467827], [0.17042936687654228, 0.0454172054314249, 0.0009951135019012683, 0.009951135019012684, 0.7722120656692177, 0.0009951135019012683], [0.16937737808618736, 0.12175933531095634, 0.0009982241179937938, 0.009982241179937939, 0.6968845971869309, 0.0009982241179937938], [0.7849525527958305, 0.12523125261963583, 0.000996440398919382, 0.00996440398919382, 0.07785890979750132, 0.000996440398919382], [0.7751046148316354, 0.1325685024990984, 0.0009967076431633324, 0.009967076431633323, 0.0803663909513063, 0.0009967076431633324], [0.7773290709304224, 0.13091977140198044, 0.0009966463614797453, 0.009966463614797454, 0.07979140132984039, 0.0009966463614797453], [0.8174425014138241, 0.10014097484243328, 0.0009956527584907059, 0.00995652758490706, 0.07046869064185421, 0.0009956527584907059], [0.18356626021763897, 0.012926050130782785, 0.009956743245221784, 0.009956743245221784, 0.7825985288366126, 0.0009956743245221784], [1.0, 0.0, 0.0, 0.0, 0.0, 0.0]], [[1.0, 0.0, 0.0, 0.0, 0.0, 0.0], [0.9119491495599955, 0.009875376177557226, 0.009875376177557226, 0.009875376177557226, 0.05743718428957722, 0.0009875376177557226], [0.9085572560682901, 0.016936085371006163, 0.000992782147628354, 0.00992782147628354, 0.06259327278916357, 0.000992782147628354], [0.9118386653082026, 0.009875711643717085, 0.009875711643717085, 0.009875711643717085, 0.05754662859627466, 0.0009875711643717085], [0.9118871821027804, 0.009875564330932668, 0.009875564330932668, 0.009875564330932668, 0.05749856847132853, 0.0009875564330932669], [0.9086338029369205, 0.009919679362541383, 0.011946187774581925, 0.009919679362541383, 0.05858868262716075, 0.0009919679362541383], [1.0, 0.0, 0.0, 0.0, 0.0, 0.0], [0.902654625260288, 0.011930848266053135, 0.015050445671994827, 0.009934120855997588, 0.05943654786006677, 0.0009934120855997588], [0.5560058798115906, 0.34637829576731116, 0.0009972706120356353, 0.009972706120356351, 0.0856485770766708, 0.0009972706120356353], [0.16769130162148832, 0.11414182558988785, 0.0009981237579050088, 0.009981237579050086, 0.7061893876937638, 0.0009981237579050088], [0.8908926188283897, 0.027647145113550806, 0.009899502988520773, 0.009899502988520773, 0.06067127978216599, 0.0009899502988520773], [0.18334901030593906, 0.012910752203776956, 0.00995533303108606, 0.00995533303108606, 0.7828340381250033, 0.000995533303108606], [1.0, 0.0, 0.0, 0.0, 0.0, 0.0], [0.9092212170816866, 0.012257080796276689, 0.01654415202461721, 0.009928069059748353, 0.051056674131696386, 0.0009928069059748352], [0.8541611915405002, 0.07681594252324736, 0.0009942271023224778, 0.009942271023224779, 0.05709214070838267, 0.0009942271023224778], [0.8639077699905567, 0.06872861070488898, 0.0009940504877464533, 0.009940504877464531, 0.05543501345159697, 0.0009940504877464533], [0.1380242125362861, 0.08621677065595562, 0.0009963578879952336, 0.009963578879952336, 0.7638027221518155, 0.0009963578879952336], [0.653606787306249, 0.10592181816379878, 0.0009984654389424928, 0.17300944379109084, 0.06546501986097664, 0.0009984654389424928], [0.144072878014186, 0.2790731561295457, 0.0009967179218472585, 0.009967179218472585, 0.5648933507941013, 0.0009967179218472585], [0.1440024598061359, 0.11264942567083203, 0.0009967137303543104, 0.009967137303543105, 0.7313875497587805, 0.0009967137303543104], [0.14486962111235807, 0.11556927846683815, 0.0009967653462729863, 0.009967653462729865, 0.727599916265528, 0.0009967653462729863], [0.6413801990568315, 0.2788585312317355, 0.0009953701262670235, 0.009953701262670233, 0.0678168281962287, 0.0009953701262670235], [0.8143964583301724, 0.10769382511011943, 0.0009951730420791566, 0.009951730420791565, 0.06596764005475848, 0.0009951730420791566], [0.8685851622703241, 0.06475200590854586, 0.0009939758940833389, 0.009939758940833389, 0.05473512109213005, 0.0009939758940833389], [0.9259649245854601, 0.017432893927947793, 0.000991456120958213, 0.00991456120958213, 0.04470470803509359, 0.000991456120958213], [0.9335929454238562, 0.009908176510847105, 0.0009908176510847106, 0.009908176510847105, 0.044609066252280366, 0.0009908176510847106], [0.9335525962030042, 0.009908287488241406, 0.0009908287488241405, 0.009908287488241406, 0.04464917132286461, 0.0009908287488241405], [0.14310951593659926, 0.016408749816307158, 0.0009939960160743, 0.009939960160743, 0.828553782054202, 0.0009939960160743], [0.14309792638252017, 0.01640742097320317, 0.0009939955420174519, 0.009939955420174519, 0.8285667061400673, 0.0009939955420174519], [0.9250795894960382, 0.010841322186111968, 0.0009920098694886712, 0.009920098694886713, 0.05217496988398604, 0.0009920098694886712], [0.9216194850971441, 0.014359458786370086, 0.0009920055715554549, 0.009920055715554548, 0.0521169892578204, 0.0009920055715554549], [0.8896884150513737, 0.03493577651667909, 0.0009928465178919955, 0.009928465178919956, 0.06346165021724338, 0.0009928465178919955], [0.8740694220153437, 0.04826002051172577, 0.0009930164697100254, 0.009930164697100254, 0.06575435983641026, 0.0009930164697100254], [0.8198174702792086, 0.09824013049464993, 0.0009956022914298964, 0.009956022914298965, 0.06999517172898277, 0.0009956022914298964], [0.7855934677341055, 0.12474954332270691, 0.000996423452652136, 0.009964234526521358, 0.07769990751136215, 0.000996423452652136], [0.5504139865923018, 0.15093155402064357, 0.0009974357560477505, 0.009974357560477504, 0.28668523031448184, 0.0009974357560477505], [0.7565976571350369, 0.146102873972987, 0.0009972369383209618, 0.009972369383209619, 0.08533262563212482, 0.0009972369383209618], [0.7864574211609046, 0.12409957248766117, 0.0009964006757822018, 0.009964006757822018, 0.07748619824204793, 0.0009964006757822018], [0.9119293073474785, 0.009875436424974647, 0.009875436424974647, 0.009875436424974647, 0.05745683973510023, 0.0009875436424974648], [1.0, 0.0, 0.0, 0.0, 0.0, 0.0]], [[1.0, 0.0, 0.0, 0.0, 0.0, 0.0], [0.9118455940379109, 0.009875690605837838, 0.009875690605837838, 0.009875690605837838, 0.05753976508399191, 0.0009875690605837836], [0.9097648437889256, 0.01570717369951323, 0.0009927837269052822, 0.009927837269052822, 0.06261457778869788, 0.0009927837269052822], [0.9101434605697075, 0.015320019695050063, 0.0009927843591821279, 0.009927843591821278, 0.06262310742505703, 0.0009927843591821279], [0.8919676177773121, 0.03287954262193323, 0.0009928300045576183, 0.009928300045576183, 0.06323887954606333, 0.0009928300045576183], [0.18310002555190347, 0.01289321962775428, 0.009955114377244098, 0.009955114377244098, 0.7831010146281296, 0.0009955114377244098], [1.0, 0.0, 0.0, 0.0, 0.0, 0.0], [0.9036749670130262, 0.011730337036028694, 0.014407308347237711, 0.009933993352591191, 0.05925999491585726, 0.0009933993352591191], [0.760016490434344, 0.143623662907006, 0.0009971369224588275, 0.009971369224588274, 0.08439420358914412, 0.0009971369224588275], [0.8293420221715468, 0.09051097084009124, 0.000995411185157438, 0.00995411185157438, 0.06820207276647283, 0.000995411185157438], [0.9117204588942561, 0.009880309419174178, 0.009880309419174178, 0.009880309419174178, 0.05765058190630407, 0.000988030941917418], [1.0, 0.0, 0.0, 0.0, 0.0, 0.0], [1.0, 0.0, 0.0, 0.0, 0.0, 0.0], [0.15467160744918984, 0.011141473940024672, 0.019392701725888657, 0.009947778603416993, 0.8038516604211383, 0.0009947778603416992], [0.8223631828981093, 0.10172217132021519, 0.0009949606814976307, 0.009949606814976307, 0.0639751176037041, 0.0009949606814976307], [0.1394519777995451, 0.09470208449905518, 0.0009964428726632396, 0.009964428726632396, 0.7538886232294411, 0.0009964428726632396], [0.8738533983294167, 0.06019100494285393, 0.0009939006141196588, 0.009939006141196588, 0.05402878935829369, 0.0009939006141196588], [0.1394216433694631, 0.09455031158557194, 0.000996441067071287, 0.009964410670712869, 0.7540707522401097, 0.000996441067071287], [0.8365794760982129, 0.09082521114780004, 0.0009946073629588609, 0.009946073629588608, 0.06066002439848078, 0.0009946073629588609], [0.8482530832922679, 0.08159989787386113, 0.0009943467601139162, 0.00994346760113916, 0.05821485771250413, 0.0009943467601139162], [0.140651926113229, 0.10029612999012492, 0.0009965142970154682, 0.009965142970154682, 0.7470937723324605, 0.0009965142970154682], [0.14188167694136172, 0.10521023953557324, 0.0009965874952985114, 0.009965874952985114, 0.740949033579483, 0.0009965874952985114], [0.1391885225730464, 0.09332345837791461, 0.000996427191055391, 0.009964271910553909, 0.7555308927563744, 0.000996427191055391], [0.8794781523208122, 0.05521787052033133, 0.0009938312540187025, 0.009938312540187023, 0.05337800211063233, 0.0009938312540187025], [0.1227205189206447, 0.014327945389576937, 0.0009931620285374896, 0.009931620285374896, 0.8510335913473286, 0.0009931620285374896], [0.9335734034479467, 0.009908230259532214, 0.0009908230259532214, 0.009908230259532214, 0.04462848998108245, 0.0009908230259532214], [0.933566770371138, 0.009908248503294173, 0.0009908248503294173, 0.009908248503294173, 0.04463508292161491, 0.0009908248503294173], [0.9251124128768123, 0.010835679407903675, 0.0009920078564612167, 0.009920078564612167, 0.052147813437749505, 0.0009920078564612167], [0.9250965345183088, 0.010838409110123057, 0.000992008830266195, 0.009920088302661948, 0.05216095040837393, 0.000992008830266195], [0.9224098870826635, 0.013557238485405245, 0.0009920064468338231, 0.009920064468338232, 0.05212879706992549, 0.0009920064468338231], [0.136437034383831, 0.06367253007095423, 0.000996263414616574, 0.00996263414616574, 0.7879352745698159, 0.000996263414616574], [0.16663783281142647, 0.10834953972125073, 0.0009980610524313697, 0.009980610524313697, 0.7130358948381464, 0.0009980610524313697], [0.8581510640281818, 0.0658412102034002, 0.000994970589176261, 0.00994970589176261, 0.06406807869830304, 0.000994970589176261], [0.0, 0.0, 0.0, 0.0, 0.0, 1.0], [0.0, 0.0, 0.0, 0.0, 0.0, 1.0], [0.0, 0.0, 0.0, 0.0, 0.0, 1.0], [0.7718977070422857, 0.13493472124108433, 0.0009967971283169148, 0.009967971283169149, 0.08120600617682704, 0.0009967971283169148], [0.8256846496988595, 0.09350147074841929, 0.0009954821688273562, 0.009954821688273562, 0.06886809352679318, 0.0009954821688273562], [0.911958689997727, 0.009875347209682103, 0.009875347209682103, 0.009875347209682103, 0.05742773365225853, 0.0009875347209682102], [1.0, 0.0, 0.0, 0.0, 0.0, 0.0]], [[1.0, 0.0, 0.0, 0.0, 0.0, 0.0], [0.9119367540065172, 0.009875413814493325, 0.009875413814493325, 0.009875413814493325, 0.057449463168553504, 0.0009875413814493324], [0.9124365908731416, 0.013014822765087414, 0.000992785252850707, 0.009927852528507072, 0.06263516332756264, 0.000992785252850707], [0.17191351023927448, 0.019711378108560773, 0.0009951742090104209, 0.009951742090104208, 0.7964330211440397, 0.0009951742090104209], [0.9055841296204061, 0.01992268878319139, 0.000992781149508497, 0.00992781149508497, 0.0625798078023005, 0.000992781149508497], [0.9118530883159793, 0.009875667850769635, 0.009875667850769635, 0.009875667850769635, 0.05753234134663486, 0.0009875667850769633], [1.0, 0.0, 0.0, 0.0, 0.0, 0.0], [0.18536442325266672, 0.013052670052692892, 0.023505264648703585, 0.009959006609837269, 0.7671227347751159, 0.0009959006609837268], [0.19076892284122596, 0.04970677474621667, 0.010049339504347214, 0.009960983676929037, 0.7385178808635883, 0.0009960983676929036], [0.8443386911872739, 0.07793609504339975, 0.000995153403116825, 0.00995153403116825, 0.06578337293192454, 0.000995153403116825], [0.8942104180125973, 0.025112497804669825, 0.009898150190402083, 0.009898150190402083, 0.059890968782888694, 0.0009898150190402082], [0.8801937260317413, 0.009939048573329879, 0.031045257194383058, 0.009939048573329879, 0.0678890147698831, 0.000993904857332988], [0.1559931291972763, 0.013203502691828205, 0.023619977190277863, 0.009948262040804002, 0.7962403026757332, 0.0009948262040804002], [0.6482718148157616, 0.07496350051825854, 0.009950399206473148, 0.009950399206473148, 0.2558688463323864, 0.0009950399206473148], [0.14366637804495372, 0.2773939029631829, 0.0009966937258076025, 0.009966937258076024, 0.5669793942821723, 0.0009966937258076025], [0.13959138227551252, 0.09539308034569795, 0.000996451170415968, 0.009964511704159679, 0.753058123333798, 0.000996451170415968], [0.1428474705242655, 0.04894796129691964, 0.0009939852974201263, 0.009939852974201264, 0.7962767446097735, 0.0009939852974201263], [0.1421244920652593, 0.04263827595536301, 0.0009939557248509743, 0.009939557248509742, 0.8033097632811661, 0.0009939557248509743], [0.9037282649249323, 0.031249356448155047, 0.0009920797306805017, 0.009920797306805017, 0.05311742185874671, 0.0009920797306805017], [0.9103127194965727, 0.025311719291642124, 0.0009920318266205498, 0.009920318266205498, 0.05247117929233874, 0.0009920318266205498], [0.14238128181797155, 0.04539535481996424, 0.0009939662285286775, 0.009939662285286775, 0.8002957686197203, 0.0009939662285286775], [0.8972527301754781, 0.036803829434518064, 0.0009921479456000246, 0.009921479456000245, 0.0540376650428035, 0.0009921479456000246], [0.9133390573587761, 0.02247634609666242, 0.000992017683552269, 0.00992017683552269, 0.05228038434193439, 0.000992017683552269], [0.9213589427736886, 0.014622870468916608, 0.0009920053590473394, 0.009920053590473394, 0.05211412244882681, 0.0009920053590473394], [0.9335189356097673, 0.009908380069085577, 0.0009908380069085577, 0.009908380069085577, 0.04468262823824447, 0.0009908380069085577], [0.9308481325563861, 0.012610936816656041, 0.0009914515846473728, 0.009914515846473728, 0.04464351161118961, 0.0009914515846473728], [0.93122099313315, 0.01223400060123787, 0.0009914518864939741, 0.009914518864939742, 0.044647583627684624, 0.0009914518864939741], [0.9224506559398188, 0.013515733700911855, 0.000992006501337469, 0.00992006501337469, 0.05212953234321984, 0.000992006501337469], [0.924323587506186, 0.011595839971351746, 0.0009920099794106137, 0.009920099794106137, 0.052176452769535066, 0.0009920099794106137], [0.14192854618968392, 0.03014469539475751, 0.0009939477099192935, 0.009939477099192935, 0.8159993858965271, 0.0009939477099192935], [0.8722193529984446, 0.06161583035867991, 0.0009939228840377668, 0.009939228840377668, 0.05423774203442239, 0.0009939228840377668], [0.0, 0.0, 0.0, 0.0, 0.0, 1.0], [0.0, 0.0, 0.0, 0.0, 0.0, 1.0], [0.0, 0.0, 0.0, 0.0, 0.0, 1.0], [0.1666193690872322, 0.10820575195547308, 0.0009980599534177496, 0.009980599534177495, 0.7131981595162817, 0.0009980599534177496], [0.1685827516151005, 0.11833938329512238, 0.000998176819555758, 0.00998176819555758, 0.7010997432551083, 0.000998176819555758], [0.8398120006869982, 0.0817881034788378, 0.0009952252180505162, 0.009952252180505163, 0.06645719321755791, 0.0009952252180505162], [0.8493500722670649, 0.07360914088146243, 0.0009950805509153454, 0.009950805509153454, 0.06509982024048848, 0.0009950805509153454], [0.9119003767826408, 0.009875524267588693, 0.009875524267588693, 0.009875524267588693, 0.05748549798783427, 0.0009875524267588694], [1.0, 0.0, 0.0, 0.0, 0.0, 0.0]], [[1.0, 0.0, 0.0, 0.0, 0.0, 0.0], [0.18310048313873933, 0.012893251849309449, 0.00995511477908846, 0.00995511477908846, 0.7831005239758656, 0.0009955114779088459], [0.912446209565059, 0.01301316918328494, 0.0009927846629452666, 0.009927846629452666, 0.06262720529631297, 0.0009927846629452666], [0.9066477514725148, 0.01886068676097884, 0.0009927810295419861, 0.009927810295419861, 0.06257818941200258, 0.0009927810295419861], [0.8917482906284933, 0.03307875944826277, 0.0009928314939517992, 0.009928314939517992, 0.06325897199582246, 0.0009928314939517992], [0.893983548010021, 0.0252889078529489, 0.00989823735373961, 0.00989823735373961, 0.05994124569417702, 0.0009898237353739609], [0.911954613071194, 0.009875359588558418, 0.009875359588558418, 0.009875359588558418, 0.057431772204275026, 0.0009875359588558418], [1.0, 0.0, 0.0, 0.0, 0.0, 0.0], [0.1831142934455915, 0.012894224319514381, 0.00995512690704651, 0.00995512690704651, 0.7830857157300967, 0.000995512690704651], [0.9112301057376939, 0.010279999123374926, 0.009894372091521272, 0.009894372091521272, 0.057711713746736545, 0.0009894372091521272], [0.8942614738501672, 0.030778537266470257, 0.0009928157218062393, 0.00992815