[[[1.0, 0.0, 0.0, 0.0, 0.0, 0.0], [1.0, 0.0, 0.0, 0.0, 0.0, 0.0], [1.0, 0.0, 0.0, 0.0, 0.0, 0.0], [1.0, 0.0, 0.0, 0.0, 0.0, 0.0], [1.0, 0.0, 0.0, 0.0, 0.0, 0.0], [1.0, 0.0, 0.0, 0.0, 0.0, 0.0], [1.0, 0.0, 0.0, 0.0, 0.0, 0.0], [1.0, 0.0, 0.0, 0.0, 0.0, 0.0], [1.0, 0.0, 0.0, 0.0, 0.0, 0.0], [1.0, 0.0, 0.0, 0.0, 0.0, 0.0], [1.0, 0.0, 0.0, 0.0, 0.0, 0.0], [1.0, 0.0, 0.0, 0.0, 0.0, 0.0], [1.0, 0.0, 0.0, 0.0, 0.0, 0.0], [1.0, 0.0, 0.0, 0.0, 0.0, 0.0], [1.0, 0.0, 0.0, 0.0, 0.0, 0.0], [1.0, 0.0, 0.0, 0.0, 0.0, 0.0], [1.0, 0.0, 0.0, 0.0, 0.0, 0.0], [1.0, 0.0, 0.0, 0.0, 0.0, 0.0], [1.0, 0.0, 0.0, 0.0, 0.0, 0.0], [1.0, 0.0, 0.0, 0.0, 0.0, 0.0], [1.0, 0.0, 0.0, 0.0, 0.0, 0.0], [1.0, 0.0, 0.0, 0.0, 0.0, 0.0], [1.0, 0.0, 0.0, 0.0, 0.0, 0.0], [1.0, 0.0, 0.0, 0.0, 0.0, 0.0], [1.0, 0.0, 0.0, 0.0, 0.0, 0.0], [1.0, 0.0, 0.0, 0.0, 0.0, 0.0], [1.0, 0.0, 0.0, 0.0, 0.0, 0.0], [1.0, 0.0, 0.0, 0.0, 0.0, 0.0], [1.0, 0.0, 0.0, 0.0, 0.0, 0.0], [1.0, 0.0, 0.0, 0.0, 0.0, 0.0], [1.0, 0.0, 0.0, 0.0, 0.0, 0.0], [1.0, 0.0, 0.0, 0.0, 0.0, 0.0], [1.0, 0.0, 0.0, 0.0, 0.0, 0.0], [1.0, 0.0, 0.0, 0.0, 0.0, 0.0], [1.0, 0.0, 0.0, 0.0, 0.0, 0.0], [1.0, 0.0, 0.0, 0.0, 0.0, 0.0], [1.0, 0.0, 0.0, 0.0, 0.0, 0.0], [1.0, 0.0, 0.0, 0.0, 0.0, 0.0], [1.0, 0.0, 0.0, 0.0, 0.0, 0.0], [1.0, 0.0, 0.0, 0.0, 0.0, 0.0]], [[1.0, 0.0, 0.0, 0.0, 0.0, 0.0], [0.9120071854754115, 0.009875199961651628, 0.009875199961651628, 0.009875199961651628, 0.05737969464346853, 0.0009875199961651628], [0.911997483622991, 0.009875229419634306, 0.009875229419634306, 0.009875229419634306, 0.05738930517614278, 0.0009875229419634307], [0.9097789807470116, 0.009915434091045274, 0.011076179841871108, 0.009915434091045274, 0.05832242781992232, 0.0009915434091045275], [0.18352189157877968, 0.012922925858942507, 0.015203614001102659, 0.0099583325772786, 0.7773974027261688, 0.0009958332577278601], [0.8638892069047653, 0.010470148134326807, 0.03938246677959131, 0.00994559018012855, 0.07531802898317537, 0.000994559018012855], [0.8901588355327194, 0.009926582592628082, 0.025304389297674444, 0.009926582592628082, 0.06369095172508726, 0.0009926582592628083], [0.9112519820118149, 0.009907970507864197, 0.009907970507864197, 0.009907970507864197, 0.05803330941380624, 0.0009907970507864196], [0.9117969388911574, 0.009875838338733518, 0.009875838338733518, 0.009875838338733518, 0.057587962258768756, 0.0009875838338733519], [0.18352015065799915, 0.012922803269806259, 0.010318306833267836, 0.0099583319404172, 0.782284574104468, 0.00099583319404172], [0.885648963532147, 0.009930284521845472, 0.028023835528972606, 0.009930284521845472, 0.06547360344300493, 0.0009930284521845474], [0.7621101526091179, 0.017779819760916672, 0.08122724379815707, 0.009983564570538126, 0.12790086280421653, 0.0009983564570538125], [0.27808541426984745, 0.020957922518908424, 0.08675272012276805, 0.009992925683588878, 0.6032117248365284, 0.0009992925683588879], [0.7943266300780103, 0.015369854130076167, 0.06877082611384018, 0.009971044586000614, 0.11056454063347286, 0.0009971044586000615], [0.9103226316741077, 0.009915186499138074, 0.010652275918265487, 0.009915186499138074, 0.05820320075943685, 0.0009915186499138073], [0.9119936224062083, 0.009875241143545592, 0.009875241143545592, 0.009875241143545592, 0.05739313004880046, 0.0009875241143545593], [1.0, 0.0, 0.0, 0.0, 0.0, 0.0], [1.0, 0.0, 0.0, 0.0, 0.0, 0.0], [0.8966513997599652, 0.010068009499211572, 0.009931135782552992, 0.009931135782552992, 0.07242520559746209, 0.000993113578255299], [0.8836086247775623, 0.011432253800497226, 0.019548764269355243, 0.009944978384822065, 0.07447088092928106, 0.0009944978384822066], [0.2297972032628311, 0.016181460395874026, 0.013957277647198856, 0.009975260952312357, 0.7290912716465525, 0.0009975260952312358], [0.22972470827516925, 0.016176355569726904, 0.012101455268238456, 0.009975234432289162, 0.7310247230113476, 0.0009975234432289164], [0.8969982373397548, 0.01002868959981904, 0.0099193899922353, 0.0099193899922353, 0.07214235407673214, 0.00099193899922353], [0.8969095626577275, 0.010039477553607299, 0.009919524531936688, 0.009919524531936688, 0.07221995827159816, 0.0009919524531936687], [0.9118798297617873, 0.009875586655062671, 0.009875586655062671, 0.009875586655062671, 0.057505851607518504, 0.000987558665506267], [0.9118623694739921, 0.00987563967018114, 0.00987563967018114, 0.00987563967018114, 0.057523147548446424, 0.000987563967018114], [0.18327702154996822, 0.012905683026492473, 0.009955269811904997, 0.009955269811904997, 0.7829112288185389, 0.0009955269811904998], [0.9118650399888116, 0.009875631561628679, 0.009875631561628679, 0.009875631561628679, 0.05752050217013945, 0.000987563156162868], [0.9119157147306759, 0.009875477696613694, 0.009875477696613694, 0.009875477696613694, 0.05747030440982166, 0.0009875477696613694], [0.9117869225002005, 0.009875868751757602, 0.009875868751757602, 0.009875868751757602, 0.0575978843693509, 0.0009875868751757601], [0.9117523666673459, 0.00987597367451684, 0.00987597367451684, 0.00987597367451684, 0.05763211494165204, 0.0009875973674516839], [0.9020033207445896, 0.009918721024431556, 0.017262125430242272, 0.009918721024431556, 0.059905239673861986, 0.0009918721024431557], [0.280664820516408, 0.019763367931449165, 0.08815489709569461, 0.00999386927866619, 0.6004236582499155, 0.000999386927866619], [0.33175137265600696, 0.027059112609329854, 0.1074984886997801, 0.011641404989296647, 0.5210499924961105, 0.0009996285494761345], [0.2825481358555564, 0.01989598396045504, 0.08892827277761378, 0.009994558230662571, 0.5976335933526459, 0.000999455823066257], [0.8912497195318536, 0.009925813950769767, 0.024585256380114204, 0.009925813950769767, 0.0633208147914158, 0.0009925813950769768], [0.911746287572479, 0.009876681384043169, 0.009876681384043169, 0.009876681384043169, 0.05763600013698732, 0.000987668138404317], [0.9118767179959254, 0.009875596103396956, 0.009875596103396956, 0.009875596103396956, 0.057508934083544204, 0.0009875596103396957], [0.1829474931126947, 0.012882478865252282, 0.009954980426078402, 0.009954980426078402, 0.7832645691272885, 0.0009954980426078403], [1.0, 0.0, 0.0, 0.0, 0.0, 0.0]], [[1.0, 0.0, 0.0, 0.0, 0.0, 0.0], [0.9118840898053809, 0.009875573720183337, 0.009875573720183337, 0.009875573720183337, 0.05750163166205085, 0.0009875573720183337], [0.889515340851416, 0.03509066699843663, 0.000992847864600419, 0.00992847864600419, 0.06347981777494242, 0.000992847864600419], [0.8258210233345769, 0.09338978134921892, 0.0009954795413732208, 0.009954795413732209, 0.06884344081972579, 0.0009954795413732208], [0.7858980427844018, 0.124521364118655, 0.0009964153208783558, 0.00996415320878356, 0.07762360924640294, 0.0009964153208783558], [0.37041763139776823, 0.12723730880728712, 0.0009983062007981216, 0.009983062007981216, 0.4903653853853674, 0.0009983062007981216], [0.8032798525836414, 0.11126895930568427, 0.0009959757761494143, 0.009959757761494142, 0.07349947879688136, 0.0009959757761494143], [0.8358377983909097, 0.08512923635990495, 0.0009952926036252074, 0.009952926036252075, 0.06708945400568302, 0.0009952926036252074], [0.8903764343319213, 0.03431801481016302, 0.0009928413145340992, 0.009928413145340993, 0.06339145508350653, 0.0009928413145340992], [0.8436980102438649, 0.0784843946105959, 0.0009951632364344023, 0.009951632364344022, 0.06587563630832652, 0.0009951632364344023], [0.8079095959504217, 0.10766649550739918, 0.0009958664298099335, 0.009958664298099336, 0.07247351138446, 0.0009958664298099335], [0.7956142634929995, 0.1171625556837139, 0.0009961643917148872, 0.009961643917148872, 0.07526920812270799, 0.0009961643917148872], [0.5175955451374624, 0.17404417918414575, 0.000998447333669082, 0.00998447333669082, 0.29637890767436303, 0.000998447333669082], [0.7919895505446334, 0.015561472073919983, 0.06953677036723796, 0.009972040058161435, 0.11194296295023132, 0.0009972040058161436], [1.0, 0.0, 0.0, 0.0, 0.0, 0.0], [1.0, 0.0, 0.0, 0.0, 0.0, 0.0], [0.8923945100141757, 0.010150048799227354, 0.013501757945561563, 0.009943927235780038, 0.07301536328167757, 0.0009943927235780037], [1.0, 0.0, 0.0, 0.0, 0.0, 0.0], [0.8823629692122645, 0.010400164125979617, 0.021482525181901177, 0.009945226607017313, 0.07481459221213572, 0.0009945226607017312], [0.8237719267345007, 0.08387366401071589, 0.0009967105731665878, 0.00996710573166588, 0.08039388237678441, 0.0009967105731665878], [0.834696758187147, 0.07398737635443466, 0.0009966000278330625, 0.009966000278330625, 0.07935666512442167, 0.0009966000278330625], [0.2137996089397075, 0.06399958573937668, 0.0009968875097820335, 0.009968875097820335, 0.7102381552035315, 0.0009968875097820335], [0.8782595475973436, 0.03135320968405627, 0.0009939582824052549, 0.009939582824052547, 0.07845974332973699, 0.0009939582824052549], [0.21456592416585166, 0.032696281545532786, 0.0009969188549898192, 0.009969188549898193, 0.7407747680287379, 0.0009969188549898192], [0.9211937989578989, 0.014789567474584514, 0.0009920052440169458, 0.009920052440169457, 0.05211257063931328, 0.0009920052440169458], [0.14327308531438757, 0.016876605990356498, 0.0009940027066853137, 0.009940027066853136, 0.8279222762150322, 0.0009940027066853137], [0.9250809178772204, 0.010841093821436979, 0.000992009788020832, 0.009920097880208319, 0.05217387084509287, 0.000992009788020832], [0.9242231622721512, 0.011699428031160777, 0.0009920097451686894, 0.009920097451686894, 0.05217329275466389, 0.0009920097451686894], [0.9196346736601986, 0.016353147947542147, 0.0009920049140614165, 0.009920049140614165, 0.05210811942352251, 0.0009920049140614165], [0.8637658117199974, 0.06884825228472584, 0.0009940528631944656, 0.009940528631944657, 0.05545730163694327, 0.0009940528631944656], [0.8471765263333, 0.08246240583112789, 0.0009943695440534895, 0.009943695440534894, 0.05842863330693047, 0.0009943695440534895], [0.8304960924217258, 0.09552991661918427, 0.000994754113094379, 0.00994754113094379, 0.06203694160195751, 0.000994754113094379], [0.6392498039639841, 0.2804263890956566, 0.0009954300042103138, 0.009954300042103138, 0.06837864688983553, 0.0009954300042103138], [0.4014803437549365, 0.497289490626883, 0.0009976553320211624, 0.009976553320211625, 0.08925830163392658, 0.0009976553320211624], [0.4611738280686281, 0.289251454657416, 0.000995779943555389, 0.00995779943555389, 0.23762535795129144, 0.000995779943555389], [0.14667392422387224, 0.12109640553009358, 0.0009968727435507017, 0.009968727435507018, 0.7202671973234258, 0.0009968727435507017], [0.14917100626165333, 0.07107884267942538, 0.000994243954087543, 0.00994243954087543, 0.7678192236098709, 0.000994243954087543], [0.9202292712272517, 0.015759038061680358, 0.0009920048779431727, 0.009920048779431727, 0.05210763217575004, 0.0009920048779431727], [0.9216842863435026, 0.009845817132744935, 0.009845817132744935, 0.009845817132744935, 0.04779368054498818, 0.0009845817132744935], [1.0, 0.0, 0.0, 0.0, 0.0, 0.0]], [[1.0, 0.0, 0.0, 0.0, 0.0, 0.0], [0.9074514115071289, 0.009916238297706203, 0.013014797201534412, 0.009916238297706203, 0.058709690866153706, 0.0009916238297706201], [0.8069240209144615, 0.10843577670337433, 0.000995889452695212, 0.00995889452695212, 0.07268952894982181, 0.000995889452695212], [0.7888522214012313, 0.122294335257845, 0.0009963379211455922, 0.009963379211455922, 0.07689738828717653, 0.0009963379211455922], [0.7651151087695827, 0.13990973106263255, 0.000996989532787528, 0.00996989532787528, 0.0830112857743346, 0.000996989532787528], [0.7064603576309967, 0.18153632060105243, 0.0009987083964160468, 0.010072748223265057, 0.09993315675185391, 0.0009987083964160468], [0.7961896304645907, 0.11672257077622748, 0.0009961499812918674, 0.009961499812918675, 0.07513399898367945, 0.0009961499812918674], [0.1659137527025931, 0.10363919000622511, 0.0009980179531156354, 0.009980179531156354, 0.7184708418537944, 0.0009980179531156354], [0.17147468146723926, 0.05775648669635517, 0.0009951562592458568, 0.009951562592458569, 0.7588269567254554, 0.0009951562592458568], [0.8620750986709436, 0.062303066250364594, 0.0009949295139570452, 0.009949295139570451, 0.06368268091120749, 0.0009949295139570452], [0.17285882013056866, 0.13446247717361473, 0.0009984313433730597, 0.009984313433730598, 0.68069752657534, 0.0009984313433730597], [0.8645302107204406, 0.045273807227825605, 0.009914592910582339, 0.009914592910582339, 0.06937533693951106, 0.0009914592910582338], [0.7826937605905167, 0.016247782584197325, 0.07320528641324771, 0.009975605501944798, 0.11688000435989909, 0.0009975605501944798], [0.2860878207326664, 0.020145235343150606, 0.09010204687636278, 0.010039036634545074, 0.5926263182422923, 0.0009995421709828778], [1.0, 0.0, 0.0, 0.0, 0.0, 0.0], [0.9119424364881528, 0.009875396560657924, 0.009875396560657924, 0.009875396560657924, 0.05744383417380771, 0.0009875396560657924], [0.2678173244132882, 0.02308108597692885, 0.06844007283576801, 0.00998916942415709, 0.6296734304074423, 0.0009989169424157091], [1.0, 0.0, 0.0, 0.0, 0.0, 0.0], [0.8301375836208664, 0.01322943100214848, 0.05050986931404487, 0.009959924898598248, 0.09516719867448217, 0.0009959924898598248], [0.8412147703715962, 0.06794451077320536, 0.0009965494519787656, 0.009965494519787656, 0.0788821254314534, 0.0009965494519787656], [0.8612666109068563, 0.04863454276198204, 0.0009964704851158468, 0.009964704851158468, 0.07814120050977165, 0.0009964704851158468], [0.8803685000114337, 0.029314476435959864, 0.0009939530818910763, 0.009939530818910764, 0.0783895865699136, 0.0009939530818910763], [0.8824458177479628, 0.027283909550680628, 0.0009939496194679427, 0.009939496194679426, 0.07834287726774136, 0.0009939496194679427], [0.8881522320180903, 0.021591908142215274, 0.0009939485520344244, 0.009939485520344245, 0.07832847721528148, 0.0009939485520344244], [0.14332626506436558, 0.016433601991597917, 0.0009940048819393817, 0.009940048819393817, 0.8283120743607642, 0.0009940048819393817], [0.9239238646181618, 0.012007723687655642, 0.0009920090787660207, 0.009920090787660207, 0.05216430274899036, 0.0009920090787660207], [0.9249932408557652, 0.010903263429867546, 0.0009920116771298978, 0.009920116771298977, 0.052199355588808595, 0.0009920116771298978], [0.14318942895975834, 0.017437903770480902, 0.0009939992848221834, 0.009939992848221835, 0.8274446758518946, 0.0009939992848221834], [0.14184554122155132, 0.03723827674341702, 0.0009939443147015884, 0.009939443147015885, 0.8089888502586127, 0.0009939443147015884], [0.8542197180348532, 0.07676688143219623, 0.0009942260948008236, 0.009942260948008236, 0.05708268739534079, 0.0009942260948008236], [0.8318535964947904, 0.0944849265315469, 0.0009947208482837169, 0.009947208482837169, 0.061724826794258086, 0.0009947208482837169], [0.8223792038607147, 0.10170937895505061, 0.0009949603378380906, 0.009949603378380908, 0.06397189313017777, 0.0009949603378380906], [0.6540403708863616, 0.26943252254373207, 0.0009950258734358433, 0.009950258734358433, 0.0645867960886763, 0.0009950258734358433], [0.8211776096552948, 0.10261627492753661, 0.0009949917062931938, 0.009949917062931938, 0.06426621494165038, 0.0009949917062931938], [0.30973335904694616, 0.1112714397761823, 0.0009966908209488286, 0.009966908209488286, 0.5670349113254857, 0.0009966908209488286], [0.8342858858170347, 0.09260694068832359, 0.0009946618467633409, 0.009946618467633407, 0.06117123133348162, 0.0009946618467633409], [0.9033830018695097, 0.03155235463648572, 0.0009920828608670545, 0.009920828608670546, 0.053159649163600026, 0.0009920828608670545], [0.9240146449805073, 0.011914282315267217, 0.0009920092758435603, 0.009920092758435603, 0.05216696139410263, 0.0009920092758435603], [0.9216907379539242, 0.009845797543555182, 0.009845797543555182, 0.009845797543555182, 0.047787289661054916, 0.0009845797543555181], [1.0, 0.0, 0.0, 0.0, 0.0, 0.0]], [[1.0, 0.0, 0.0, 0.0, 0.0, 0.0], [0.18362269145362706, 0.012930023809481465, 0.016489144608709604, 0.009958369451759241, 0.7760039337312469, 0.000995836945175924], [0.1753801602538623, 0.14247764314710387, 0.0009985814207414128, 0.009985814207414127, 0.670159219550137, 0.0009985814207414128], [0.17418870345720672, 0.13885017175557565, 0.0009985105018285312, 0.009985105018285314, 0.6749789987652753, 0.0009985105018285312], [0.16857444534651242, 0.11835726858184313, 0.0009981763251441873, 0.009981763251441872, 0.7010901701699143, 0.0009981763251441873], [0.17038748441360546, 0.1258011955354884, 0.000998284242409849, 0.009982842424098491, 0.691831909141988, 0.000998284242409849], [0.16807520943638068, 0.11586661745074331, 0.0009981466091963512, 0.009981466091963513, 0.7040804138025198, 0.0009981466091963512], [0.8230844632976552, 0.09560900054694392, 0.0009955346084929851, 0.009955346084929852, 0.06936012085348503, 0.0009955346084929851], [0.16640028139952598, 0.10649988147831764, 0.0009980469126938329, 0.00998046912693833, 0.7151232741698305, 0.0009980469126938329], [0.8305348170138904, 0.08952811000535839, 0.000995388839230368, 0.00995388839230368, 0.06799240690998691, 0.000995388839230368], [0.807855261628398, 0.10770657300309662, 0.0009958679473440297, 0.009958679473440297, 0.07248775000037702, 0.0009958679473440297], [0.7951771559672647, 0.015306688258704255, 0.06843821690301519, 0.00997071643371381, 0.11011015079393077, 0.000997071643371381], [1.0, 0.0, 0.0, 0.0, 0.0, 0.0], [1.0, 0.0, 0.0, 0.0, 0.0, 0.0], [0.18338925467214579, 0.012913586063587062, 0.012443439785381894, 0.009958284056215917, 0.7802996070170478, 0.0009958284056215917], [0.8992688960865264, 0.009920231812171597, 0.01926586261622575, 0.009920231812171597, 0.06063275449168744, 0.0009920231812171596], [1.0, 0.0, 0.0, 0.0, 0.0, 0.0], [0.8644976920765944, 0.013671934525448246, 0.031193920576892766, 0.00994874958262544, 0.07969282828017668, 0.0009948749582625442], [0.8659756080793148, 0.03649432282955812, 0.009927261639935377, 0.009927261639935377, 0.07668281964726278, 0.0009927261639935377], [0.8408721516463659, 0.06826439482776835, 0.0009965518719169137, 0.009965518719169139, 0.07890483106286293, 0.0009965518719169137], [0.8639679915636924, 0.045948100735957016, 0.0009964688950086877, 0.009964688950086877, 0.07812628096024635, 0.0009964688950086877], [0.8836461399584898, 0.02610046076213404, 0.0009939483698024278, 0.009939483698024276, 0.07832601884174716, 0.0009939483698024278], [0.21438258183670453, 0.034322575589873644, 0.0009969113555911295, 0.009969113555911296, 0.7393319063063285, 0.0009969113555911295], [0.8812992264870745, 0.028407448127061787, 0.0009939513267769222, 0.009939513267769222, 0.07836590946454082, 0.0009939513267769222], [0.9002552812703238, 0.03425934912611737, 0.0009921140203385033, 0.009921140203385035, 0.053580001359496886, 0.0009921140203385033], [0.9108290617430361, 0.024832700365536628, 0.0009920290624121466, 0.009920290624121466, 0.05243388914248168, 0.0009920290624121466], [0.9209761568159427, 0.01500894160114051, 0.0009920051157441252, 0.009920051157441252, 0.05211084019398736, 0.0009920051157441252], [0.8685134379382201, 0.06481313538641136, 0.0009939770218282326, 0.009939770218282325, 0.05474570241342986, 0.0009939770218282326], [0.8512089684535696, 0.07921502023169252, 0.000994285980572358, 0.00994285980572358, 0.05764457954786967, 0.000994285980572358], [0.8546881545931897, 0.07638342071847477, 0.000994217049748398, 0.009942170497483981, 0.05699782009135494, 0.000994217049748398], [0.834444608342303, 0.09248227188232548, 0.0009946582219958853, 0.009946582219958852, 0.06113722111142086, 0.0009946582219958853], [0.6223986438846386, 0.12667874873248244, 0.0009959209156179501, 0.009959209156179502, 0.23897155639546358, 0.0009959209156179501], [0.666281339863038, 0.26010507321218085, 0.0009947157507409414, 0.009947157507409413, 0.06167699791589013, 0.0009947157507409414], [0.6785888262386991, 0.2504725536823844, 0.0009944310202334946, 0.009944310202334947, 0.05900544783611469, 0.0009944310202334946], [0.13922273145566802, 0.25954632505739, 0.0009964292272668773, 0.009964292272668773, 0.5892737927597397, 0.0009964292272668773], [0.8601639081354461, 0.07186536925671197, 0.0009941151094197604, 0.009941151094197605, 0.05604134129480515, 0.0009941151094197604], [0.9167862218201326, 0.01916148193363111, 0.0009920078852369563, 0.009920078852369563, 0.052148201623392995, 0.0009920078852369563], [0.9211348831619954, 0.014848987025881633, 0.000992005206708228, 0.00992005206708228, 0.05211206733162448, 0.000992005206708228], [0.1524036165376245, 0.010731693206774666, 0.009928157354166283, 0.009928157354166283, 0.8160155598118517, 0.0009928157354166284], [1.0, 0.0, 0.0, 0.0, 0.0, 0.0]], [[1.0, 0.0, 0.0, 0.0, 0.0, 0.0], [0.8838611621653253, 0.009931792412963368, 0.02908235036539461, 0.009931792412963368, 0.06619972340205714, 0.000993179241296337], [0.7646314522243937, 0.1402637468921106, 0.0009970033320863224, 0.009970033320863223, 0.08314076089846005, 0.0009970033320863224], [0.6852316388595219, 0.19578793586488455, 0.0009987530725584007, 0.010711602173450484, 0.10627131695702645, 0.0009987530725584007], [0.16937244684662864, 0.12171799075938873, 0.0009982238244736002, 0.009982238244736001, 0.6969308765002995, 0.0009982238244736002], [0.8216079136829946, 0.09679975401926505, 0.0009955650293861488, 0.009955650293861489, 0.06964555194510666, 0.0009955650293861488], [0.16468124345914067, 0.09220129136372997, 0.0009979445906438216, 0.009979445906438216, 0.7311421300894037, 0.0009979445906438216], [0.8165378112234618, 0.10086069109554525, 0.000995672447604104, 0.00995672447604104, 0.07065342830974372, 0.000995672447604104], [0.8237020210485899, 0.09510982446420464, 0.000995522007636825, 0.00995522007636825, 0.0692418903955636, 0.000995522007636825], [0.1693462722490655, 0.12105700658839207, 0.0009982222664867645, 0.009982222664867644, 0.6976180539647012, 0.0009982222664867645], [0.8509438129271822, 0.0722193566232314, 0.0009950588412603104, 0.009950588412603103, 0.0648961243544628, 0.0009950588412603104], [0.9100460437062048, 0.009915234064135263, 0.010905859233275174, 0.009915234064135263, 0.05822610552583608, 0.0009915234064135263], [1.0, 0.0, 0.0, 0.0, 0.0, 0.0], [0.1835217090662119, 0.012922913007089453, 0.009956502896934205, 0.009956502896934205, 0.7826467218431369, 0.0009956502896934206], [0.9103666449931974, 0.009915128969453702, 0.010636086639926112, 0.009915128969453702, 0.05817549753102396, 0.0009915128969453701], [1.0, 0.0, 0.0, 0.0, 0.0, 0.0], [0.8845522802344766, 0.010339983796821604, 0.019786651446428723, 0.009944913964886287, 0.07438167916089831, 0.0009944913964886287], [0.8721897637074861, 0.03180970186241968, 0.009924619557757643, 0.009924619557757643, 0.07515883335880318, 0.0009924619557757643], [0.20556406382238257, 0.10908396283330238, 0.0009988132234357852, 0.011571739678607024, 0.6717826072188366, 0.0009988132234357852], [0.8602633913842478, 0.049627060086453026, 0.000996471624285968, 0.00996471624285968, 0.0781518890378677, 0.000996471624285968], [0.8673992775850657, 0.04250674466117657, 0.0009964699668916612, 0.009964699668916612, 0.07813633815105775, 0.0009964699668916612], [0.8843590558820367, 0.025394058882228943, 0.0009939478873646794, 0.009939478873646794, 0.07831951058735832, 0.0009939478873646794], [0.8439919317206739, 0.0653348150195732, 0.000996531626500276, 0.009965316265002761, 0.07871487374174975, 0.000996531626500276], [0.8233276779293413, 0.08426820988713297, 0.0009967158636770643, 0.009967158636770643, 0.08044352181940104, 0.0009967158636770643], [0.8615695891808294, 0.07069148252447197, 0.0009940904366233458, 0.009940904366233459, 0.05580984305521878, 0.0009940904366233458], [0.8683965028487798, 0.0649125752511537, 0.0009939788840659701, 0.0099397888406597, 0.054763175291274925, 0.0009939788840659701], [0.8715959291083771, 0.06215521161181456, 0.000993931829757845, 0.00993931829757845, 0.05432167732271413, 0.000993931829757845], [0.8522096652329395, 0.07840335858880579, 0.0009942658591751826, 0.009942658591751826, 0.057455785868152615, 0.0009942658591751826], [0.823047525562705, 0.10120455826671765, 0.000994942934360115, 0.00994942934360115, 0.06380860095825598, 0.000994942934360115], [0.6725531661558616, 0.2552308689527012, 0.0009945669841753338, 0.009945669841753338, 0.06028116108133316, 0.0009945669841753338], [0.13888294137857377, 0.0915503528001916, 0.0009964090019906075, 0.009964090019906075, 0.7576097977973475, 0.0009964090019906075], [0.8414518602237289, 0.08700733260112424, 0.000994495118612042, 0.00994495118612042, 0.059606865751802546, 0.000994495118612042], [0.14121694262979476, 0.10257453446558194, 0.000996547928414012, 0.00996547928414012, 0.7442499477636553, 0.000996547928414012], [0.8638933140622154, 0.06873950938169399, 0.000994050866390413, 0.00994050866390413, 0.05543856615940582, 0.000994050866390413], [0.905615810785827, 0.02957797757300839, 0.0009920637210995027, 0.009920637210995027, 0.052901446987970606, 0.0009920637210995027], [0.9206385049327721, 0.015348570453274053, 0.000992004969327474, 0.009920049693274742, 0.05210886498202419, 0.000992004969327474], [0.9041743027329653, 0.030856437790007598, 0.000992075796614359, 0.009920757966143588, 0.05306434991765505, 0.000992075796614359], [0.8848335428455282, 0.04678621057691645, 0.0009923284183384604, 0.009923284183384605, 0.05647230555749397, 0.0009923284183384604], [0.9214755446333863, 0.009857548092869402, 0.009857548092869402, 0.009857548092869402, 0.04796605627871846, 0.0009857548092869401], [1.0, 0.0, 0.0, 0.0, 0.0, 0.0]], [[1.0, 0.0, 0.0, 0.0, 0.0, 0.0], [0.892810007536793, 0.009924561818734726, 0.023630557874707348, 0.009924561818734726, 0.0627178547691569, 0.0009924561818734725], [0.17414418070623425, 0.1387053554560441, 0.000998507851707179, 0.00998507851707179, 0.6751683696172357, 0.000998507851707179], [0.7817711150924335, 0.12761226891065322, 0.0009965255978810377, 0.009965255978810376, 0.07865830882234098, 0.0009965255978810377], [0.802735682814886, 0.11168839803532803, 0.0009959890528493166, 0.009959890528493165, 0.07362405051559438, 0.0009959890528493166], [0.8450613987123144, 0.07731464914393721, 0.0009951426245639228, 0.009951426245639227, 0.06568224064898145, 0.0009951426245639228], [0.8386156247485952, 0.08279676868605358, 0.0009952451984754052, 0.009952451984754052, 0.06664466418364645, 0.0009952451984754052], [0.0, 0.0, 0.0, 0.0, 0.0, 1.0], [0.7833939537764055, 0.12639943744741275, 0.0009964819556339587, 0.009964819556339587, 0.07824882530857422, 0.0009964819556339587], [0.814163856010798, 0.10274641260122695, 0.0009957244164841505, 0.009957244164841506, 0.07114103839016532, 0.0009957244164841505], [0.8193008613028131, 0.09865499020618776, 0.0009956131218902407, 0.009956131218902407, 0.0700967910283163, 0.0009956131218902407], [0.8954284428334958, 0.02415724038620377, 0.009897696292192053, 0.009897696292192053, 0.05962915456669722, 0.0009897696292192053], [0.9116280340264588, 0.009883280186194403, 0.009883280186194403, 0.009883280186194403, 0.057733797396338674, 0.0009883280186194403], [0.18639947090154838, 0.01312555424251823, 0.026183966548728455, 0.009959385249647353, 0.7633356845325928, 0.0009959385249647353], [1.0, 0.0, 0.0, 0.0, 0.0, 0.0], [0.8375987862537203, 0.012237226009466915, 0.05118406484747287, 0.009954770305932094, 0.08802967555281471, 0.0009954770305932094], [0.8964199400280161, 0.010448114355841259, 0.009919664424949171, 0.009919664424949171, 0.0723006503237497, 0.0009919664424949172], [0.858195288166443, 0.051664274412866064, 0.0009964749121808196, 0.009964749121808196, 0.07818273847452124, 0.0009964749121808196], [0.8797785265400082, 0.029887114241782663, 0.0009939543657908989, 0.009939543657908988, 0.07840690682871844, 0.0009939543657908989], [0.8910455529341101, 0.018643194330987756, 0.0009939526544975172, 0.009939526544975172, 0.07838382088093197, 0.0009939526544975172], [0.8933441867975982, 0.016297062412859387, 0.0009939561722594142, 0.009939561722594144, 0.07843127672242943, 0.0009939561722594142], [0.8847563268070968, 0.024999285559545354, 0.0009939477023893043, 0.009939477023893042, 0.07831701520468619, 0.0009939477023893043], [0.8302865594650785, 0.07801316000638825, 0.000996640945984311, 0.00996640945984311, 0.07974058917672154, 0.000996640945984311], [0.7809779967014292, 0.12010353487250436, 0.0009974092688912243, 0.009974092688912244, 0.08694955719937182, 0.0009974092688912243], [0.6737380769312642, 0.25430428636080177, 0.0009945394870439618, 0.009945394870439618, 0.06002316286340664, 0.0009945394870439618], [0.8386496051508604, 0.08920985680037072, 0.0009945589555437936, 0.009945589555437936, 0.06020583058224344, 0.0009945589555437936], [0.859597467866664, 0.07233694993988785, 0.0009941252065235758, 0.009941252065235757, 0.05613607971516536, 0.0009941252065235758], [0.139753973977123, 0.09620705190028289, 0.000996460848339671, 0.00996460848339671, 0.7520814439425182, 0.000996460848339671], [0.8254518571447184, 0.09938297675803191, 0.000994880904909414, 0.00994880904909414, 0.06322659523833685, 0.000994880904909414], [0.6283970613523787, 0.28833948058975845, 0.0009957429084078732, 0.009957429084078732, 0.07131454315696849, 0.0009957429084078732], [0.6685925470804183, 0.09254138987452856, 0.0009946599553130903, 0.009946599553130904, 0.2269301435812962, 0.0009946599553130903], [0.8396037022468615, 0.08846144104394014, 0.000994537062280975, 0.00994537062280975, 0.06000041196182671, 0.000994537062280975], [0.8318650358665545, 0.09447708149837777, 0.0009947204656928618, 0.009947204656928619, 0.06172123704675339, 0.0009947204656928618], [0.861678959017862, 0.07060077963259584, 0.0009940884496646004, 0.009940884496646004, 0.055791199953566975, 0.0009940884496646004], [0.9065094251783904, 0.028778914564103468, 0.0009920567185126114, 0.009920567185126114, 0.05280697963535484, 0.0009920567185126114], [0.13644112765346744, 0.06216852237092751, 0.0009962636582607053, 0.009962636582607055, 0.7894351860764767, 0.0009962636582607053], [0.8711642372246263, 0.06253053971069693, 0.0009939378292673688, 0.009939378292673688, 0.054377969113468434, 0.0009939378292673688], [0.8429989128240761, 0.08578608984990316, 0.0009944604385546739, 0.009944604385546738, 0.05928147206336477, 0.0009944604385546739], [0.9197447123109845, 0.009909752632189127, 0.010552280319487607, 0.009909752632189127, 0.048892526841930746, 0.0009909752632189127], [1.0, 0.0, 0.0, 0.0, 0.0, 0.0]], [[1.0, 0.0, 0.0, 0.0, 0.0, 0.0], [0.9116589852232768, 0.009883390689229254, 0.009883390689229254, 0.009883390689229254, 0.05770250364011254, 0.0009883390689229255], [0.8365019184109826, 0.0845733189478935, 0.0009952810862549838, 0.009952810862549837, 0.06698138960606405, 0.0009952810862549838], [0.8262138318407485, 0.0930687678279987, 0.0009954718993261692, 0.009954718993261691, 0.06877173753933896, 0.0009954718993261692], [0.846141129303403, 0.07638670569507022, 0.0009951264679412361, 0.009951264679412361, 0.06553064738623206, 0.0009951264679412361], [0.16420946080058485, 0.06621894649397467, 0.0009979165087919614, 0.009979165087919614, 0.757596594599937, 0.0009979165087919614], [0.8558599749770083, 0.06788362270196138, 0.0009949970589635184, 0.009949970589635185, 0.06431643761346827, 0.0009949970589635184], [0.1657335859882948, 0.10227483300379703, 0.0009980072290780104, 0.009980072290780104, 0.720015494258972, 0.0009980072290780104], [0.8245663195077825, 0.09440896286967758, 0.0009955046109870374, 0.009955046109870374, 0.06907866229069567, 0.0009955046109870374], [0.8230402477225133, 0.09564510565312706, 0.0009955354717926354, 0.009955354717926353, 0.06936822096284817, 0.0009955354717926354], [0.1654374466384703, 0.09990647074560259, 0.0009979896020177513, 0.009979896020177514, 0.7226802073917142, 0.0009979896020177513], [0.9054818474427466, 0.015679199653295412, 0.009894975045706328, 0.009894975045706328, 0.05805950530797472, 0.0009894975045706329], [0.9114884367147936, 0.009897472654591122, 0.009897472654591122, 0.009897472654591122, 0.057829398055973966, 0.0009897472654591122], [1.0, 0.0, 0.0, 0.0, 0.0, 0.0], [0.18874794797665206, 0.013290925222851453, 0.031086029267498514, 0.009960244366512022, 0.7559188287298347, 0.000996024436651202], [0.8957925759868645, 0.023868942245130365, 0.009897565296576498, 0.009897565296576498, 0.05955359464519476, 0.0009897565296576498], [0.8517418777183341, 0.05794489896930665, 0.0009964933039656337, 0.009964933039656338, 0.0783553036647718, 0.0009964933039656337], [0.8626347168173184, 0.04727652941024769, 0.0009964694108373477, 0.009964694108373476, 0.07813112084238591, 0.0009964694108373477], [0.8820388910728897, 0.027683431314525053, 0.0009939501678843938, 0.00993950167884394, 0.07835027559797263, 0.0009939501678843938], [0.8888005189787114, 0.020934813449916902, 0.0009939492043454109, 0.00993949204345411, 0.0783372771192269, 0.0009939492043454109], [0.8933389241653167, 0.01629796712974295, 0.000993956495011764, 0.00993956495011764, 0.07843563076479927, 0.000993956495011764], [0.8693830758451343, 0.03968606257629329, 0.0009939985434586135, 0.009939985434586135, 0.07900287905706906, 0.0009939985434586135], [0.806422657354078, 0.09900008697965273, 0.000996947178785718, 0.00996947178785718, 0.08261388952084066, 0.000996947178785718], [0.75599327331027, 0.13983508459204522, 0.0009979684305150547, 0.009979684305150546, 0.0921960209315042, 0.0009979684305150547], [0.4208251838909962, 0.1515160993934257, 0.0009970258927695537, 0.009970258927695538, 0.41569440600234353, 0.0009970258927695537], [0.3096637862730439, 0.11084262632036761, 0.000996686758566984, 0.009966867585669842, 0.5675333463037846, 0.000996686758566984], [0.8397198243909169, 0.08836979402554923, 0.0009945344570842184, 0.009945344570842184, 0.059975968098523465, 0.0009945344570842184], [0.14449775087361214, 0.11432825490802259, 0.0009967432114949236, 0.009967432114949234, 0.7292130756804261, 0.0009967432114949236], [0.1455702889400737, 0.11718537168451275, 0.000996807052025198, 0.00996807052025198, 0.7252826547511113, 0.000996807052025198], [0.49026601861867797, 0.4337112419778866, 0.0009949721872679303, 0.009949721872679302, 0.06408307315622047, 0.0009949721872679303], [0.6423368669888524, 0.11226320987340022, 0.0009953433134946338, 0.009953433134946338, 0.23345580337581198, 0.0009953433134946338], [0.7687436677834846, 0.14062745622816766, 0.0009965269028667754, 0.009965269028667754, 0.07867055315394658, 0.0009965269028667754], [0.14779377032257818, 0.123843742440292, 0.0009969393999902283, 0.009969393999902284, 0.7163992144372472, 0.0009969393999902283], [0.848774164905691, 0.0811804991643877, 0.0009943359367189342, 0.009943359367189342, 0.058113304689294196, 0.0009943359367189342], [0.8492176853952709, 0.08082406503395578, 0.00099432666701779, 0.0099432666701779, 0.05802632956656002, 0.00099432666701779], [0.8498370460446478, 0.08032388779091099, 0.0009943139808225136, 0.009943139808225136, 0.05790729839457114, 0.0009943139808225136], [0.817477626696114, 0.10539440661144406, 0.00099508983056782, 0.009950898305678201, 0.06518688872562818, 0.00099508983056782], [0.8102745788858853, 0.11075065720039516, 0.000995286408521965, 0.00995286408521965, 0.06703132701145616, 0.000995286408521965], [0.6030478978059977, 0.18352287968212405, 0.07926965021041942, 0.00998015625846769, 0.12318140041714457, 0.000998015625846769], [1.0, 0.0, 0.0, 0.0, 0.0, 0.0]], [[1.0, 0.0, 0.0, 0.0, 0.0, 0.0], [0.9119821178480544, 0.009875276075129802, 0.009875276075129802, 0.009875276075129802, 0.057404526319043296, 0.0009875276075129802], [0.9118553164760143, 0.009875661085379316, 0.009875661085379316, 0.009875661085379316, 0.05753013415931004, 0.0009875661085379315], [0.8966277020816272, 0.02320265701919113, 0.009897273644833155, 0.009897273644833155, 0.05938536624503202, 0.0009897273644833156], [0.8979105779309202, 0.027369119845757878, 0.0009927979703305762, 0.009927979703305763, 0.06280672657935517, 0.0009927979703305762], [0.17204199647596247, 0.019726110177057762, 0.00099517946458776, 0.009951794645877601, 0.7962897397719266, 0.00099517946458776], [0.8721313042818281, 0.05301389762039545, 0.000994847868523142, 0.009948478685231419, 0.06291662367549895, 0.000994847868523142], [0.0, 0.0, 0.0, 0.0, 0.0, 1.0], [0.0, 0.0, 0.0, 0.0, 0.0, 1.0], [0.8645583869077534, 0.06003977556975418, 0.00099490609683847, 0.0099490609683847, 0.06346296436043079, 0.00099490609683847], [0.18617500940429216, 0.04014988504251051, 0.009957814771659072, 0.009957814771659072, 0.7527636945327134, 0.000995781477165907], [0.1901059525749349, 0.013386550832356346, 0.03328655439291528, 0.009960741150008461, 0.7522641269347843, 0.000996074115000846], [1.0, 0.0, 0.0, 0.0, 0.0, 0.0], [1.0, 0.0, 0.0, 0.0, 0.0, 0.0], [0.18355659453439988, 0.012925369511406578, 0.009955515327769613, 0.009955515327769613, 0.7826114537658775, 0.0009955515327769613], [0.8726443882723237, 0.05253134724987281, 0.000994844618444315, 0.00994844618444315, 0.06288612905647191, 0.000994844618444315], [0.8427788187890215, 0.0664761359110572, 0.000996539268233877, 0.00996539268233877, 0.07878657408111492, 0.000996539268233877], [0.20523841748167143, 0.08957903308633404, 0.0009988119414838439, 0.011553408192977035, 0.6916315173560499, 0.0009988119414838439], [0.8917950353144127, 0.017872684326532502, 0.0009939542118281403, 0.009939542118281403, 0.07840482981711724, 0.0009939542118281403], [0.8935521222636146, 0.016261315524851883, 0.0009939434197704237, 0.009939434197704235, 0.07825924117428858, 0.0009939434197704237], [0.0, 0.0, 0.0, 0.0, 0.0, 1.0], [0.8911837111697768, 0.01850136396055098, 0.0009939529264601453, 0.009939529264601453, 0.07838748975215053, 0.0009939529264601453], [0.20642932138811682, 0.06835107581863403, 0.0009988166296420811, 0.011620447293738984, 0.7116015222402261, 0.0009988166296420811], [0.8003368619674746, 0.10415642397022971, 0.0009970461127822871, 0.00997046112782287, 0.08354216070890842, 0.0009970461127822871], [0.6883549144595805, 0.24260387854575816, 0.0009942290545937515, 0.009942290545937515, 0.05711045833953632, 0.0009942290545937515], [0.855234947033405, 0.07593783138081159, 0.0009942062774239524, 0.009942062774239525, 0.05689674625669624, 0.0009942062774239524], [0.14088583951593442, 0.10124455124784432, 0.0009965282202106156, 0.009965282202106157, 0.745911270593694, 0.0009965282202106156], [0.6613464033494088, 0.09808839488361977, 0.0009948376634872364, 0.009948376634872365, 0.22862714980512472, 0.0009948376634872364], [0.6211958423332936, 0.29353082013675247, 0.0009959568452657748, 0.009959568452657748, 0.07332185538676463, 0.0009959568452657748], [0.6834114200136922, 0.08089201799413863, 0.0009943284660486782, 0.009943284660486782, 0.22376462039958517, 0.0009943284660486782], [0.8563130148792938, 0.07505201544953158, 0.0009941858136244522, 0.00994185813624452, 0.0567047399076814, 0.0009941858136244522], [0.14650167183754417, 0.12007126735142368, 0.0009968624905964917, 0.009968624905964917, 0.7214647109238744, 0.0009968624905964917], [0.8420316965755112, 0.08655206461439965, 0.0009944818592275938, 0.009944818592275938, 0.05948245649935802, 0.0009944818592275938], [0.8739861071545171, 0.06007530115529633, 0.0009938988040594614, 0.009938988040594616, 0.05401180604147309, 0.0009938988040594614], [0.8386773548674789, 0.08918866970862964, 0.0009945582570007388, 0.009945582570007388, 0.06019927633988267, 0.0009945582570007388], [0.8531420417189247, 0.07764680486538551, 0.000994247144137842, 0.00994247144137842, 0.05728018768603588, 0.000994247144137842], [0.14871858827466453, 0.1266346416306797, 0.000996994447797215, 0.00996994447797215, 0.7126828367210895, 0.000996994447797215], [0.5745461691633437, 0.3263276045050155, 0.000997431383189191, 0.00997431383189191, 0.08715704973337068, 0.000997431383189191], [0.7883046843208082, 0.01852555327526304, 0.07077854397959915, 0.009971664108092707, 0.1114223879054276, 0.0009971664108092706], [1.0, 0.0, 0.0, 0.0, 0.0, 0.0]], [[1.0, 0.0, 0.0, 0.0, 0.0, 0.0], [1.0, 0.0, 0.0, 0.0, 0.0, 0.0], [1.0, 0.0, 0.0, 0.0, 0.0, 0.0], [0.9118622570217272, 0.009875640011622827, 0.009875640011622827, 0.009875640011622827, 0.057523258942242125, 0.0009875640011622827], [0.9013564410409454, 0.02407210002584671, 0.0009927869468211166, 0.009927869468211165, 0.06