[[[1.0, 0.0, 0.0, 0.0, 0.0, 0.0], [1.0, 0.0, 0.0, 0.0, 0.0, 0.0], [1.0, 0.0, 0.0, 0.0, 0.0, 0.0], [1.0, 0.0, 0.0, 0.0, 0.0, 0.0], [1.0, 0.0, 0.0, 0.0, 0.0, 0.0], [1.0, 0.0, 0.0, 0.0, 0.0, 0.0], [1.0, 0.0, 0.0, 0.0, 0.0, 0.0], [1.0, 0.0, 0.0, 0.0, 0.0, 0.0], [1.0, 0.0, 0.0, 0.0, 0.0, 0.0], [1.0, 0.0, 0.0, 0.0, 0.0, 0.0], [1.0, 0.0, 0.0, 0.0, 0.0, 0.0], [1.0, 0.0, 0.0, 0.0, 0.0, 0.0], [1.0, 0.0, 0.0, 0.0, 0.0, 0.0], [1.0, 0.0, 0.0, 0.0, 0.0, 0.0], [1.0, 0.0, 0.0, 0.0, 0.0, 0.0], [1.0, 0.0, 0.0, 0.0, 0.0, 0.0], [1.0, 0.0, 0.0, 0.0, 0.0, 0.0], [1.0, 0.0, 0.0, 0.0, 0.0, 0.0], [1.0, 0.0, 0.0, 0.0, 0.0, 0.0], [1.0, 0.0, 0.0, 0.0, 0.0, 0.0], [1.0, 0.0, 0.0, 0.0, 0.0, 0.0], [1.0, 0.0, 0.0, 0.0, 0.0, 0.0], [1.0, 0.0, 0.0, 0.0, 0.0, 0.0], [1.0, 0.0, 0.0, 0.0, 0.0, 0.0], [1.0, 0.0, 0.0, 0.0, 0.0, 0.0], [1.0, 0.0, 0.0, 0.0, 0.0, 0.0], [1.0, 0.0, 0.0, 0.0, 0.0, 0.0], [1.0, 0.0, 0.0, 0.0, 0.0, 0.0], [1.0, 0.0, 0.0, 0.0, 0.0, 0.0], [1.0, 0.0, 0.0, 0.0, 0.0, 0.0], [1.0, 0.0, 0.0, 0.0, 0.0, 0.0], [1.0, 0.0, 0.0, 0.0, 0.0, 0.0], [1.0, 0.0, 0.0, 0.0, 0.0, 0.0], [1.0, 0.0, 0.0, 0.0, 0.0, 0.0], [1.0, 0.0, 0.0, 0.0, 0.0, 0.0], [1.0, 0.0, 0.0, 0.0, 0.0, 0.0], [1.0, 0.0, 0.0, 0.0, 0.0, 0.0], [1.0, 0.0, 0.0, 0.0, 0.0, 0.0], [1.0, 0.0, 0.0, 0.0, 0.0, 0.0], [1.0, 0.0, 0.0, 0.0, 0.0, 0.0]], [[1.0, 0.0, 0.0, 0.0, 0.0, 0.0], [0.9109906505803987, 0.009848039501111391, 0.009848039501111391, 0.009848039501111391, 0.05848042696615601, 0.000984803950111139], [0.9069398267365917, 0.009897921807640146, 0.012138298165084023, 0.009897921807640146, 0.06013623930228007, 0.0009897921807640146], [0.26882388051537137, 0.01596686306716686, 0.06997047551812265, 0.009974685632425507, 0.6342666267036712, 0.0009974685632425507], [0.8792459141844303, 0.011252123962457823, 0.02761622685836043, 0.009933890888596413, 0.07095845501729543, 0.0009933890888596413], [0.31723461849323714, 0.01884223121820759, 0.08633409688225721, 0.0099897205850397, 0.5666003607627547, 0.0009989720585039698], [0.9054752411327546, 0.00989866810697997, 0.013168125930696042, 0.00989866810697997, 0.06056942991189152, 0.0009898668106979969], [0.9108709224364625, 0.00984834159383487, 0.00984834159383487, 0.00984834159383487, 0.05859921862264952, 0.0009848341593834868], [0.9107926717279479, 0.009848539032539523, 0.009848539032539523, 0.009848539032539523, 0.058676857271179585, 0.0009848539032539525], [0.8213070218396601, 0.011925030053434402, 0.05218442474079257, 0.009953551375995094, 0.10363461685251836, 0.0009953551375995093], [0.8614393160214506, 0.028028802016115184, 0.025933737000583015, 0.009935521803243377, 0.0736690709782835, 0.0009935521803243377], [0.89246943256507, 0.009906720449304462, 0.0214830299848045, 0.009906720449304462, 0.06524342450658621, 0.0009906720449304462], [0.1810736561753912, 0.010754916072489353, 0.009928997906169216, 0.009928997906169216, 0.7873205321491641, 0.0009928997906169215], [1.0, 0.0, 0.0, 0.0, 0.0, 0.0], [1.0, 0.0, 0.0, 0.0, 0.0, 0.0], [1.0, 0.0, 0.0, 0.0, 0.0, 0.0], [0.9109305830414454, 0.00984819106085197, 0.00984819106085197, 0.00984819106085197, 0.05854002466991367, 0.0009848191060851971], [0.9044748976898731, 0.009899085237207932, 0.013925469512140128, 0.009899085237207932, 0.06081155379985025, 0.0009899085237207931], [0.8143551083264706, 0.012378940031143778, 0.054735107380831954, 0.00995592481641993, 0.10757932696349194, 0.000995592481641993], [0.8872721178487954, 0.009910666011763554, 0.02438185116936937, 0.009910666011763554, 0.06753363235713195, 0.0009910666011763555], [0.9098696571433408, 0.009893484059645524, 0.009893484059645524, 0.009893484059645524, 0.05946054227175806, 0.0009893484059645525], [0.18149681999749268, 0.010780049995820565, 0.00993068878488306, 0.00993068878488306, 0.7868686835584324, 0.000993068878488306], [0.9109657470419693, 0.00984810233661106, 0.00984810233661106, 0.00984810233661106, 0.05850513571453659, 0.0009848102336611061], [0.15075461237277418, 0.009899702628764058, 0.009899702628764058, 0.009899702628764058, 0.8185563094780572, 0.000989970262876406], [0.9208078667096031, 0.0098232691383549, 0.0098232691383549, 0.0098232691383549, 0.048739998961496694, 0.0009823269138354899], [0.9205461265032437, 0.009837541831512156, 0.009837541831512156, 0.009837541831512156, 0.04895749381906865, 0.0009837541831512156], [0.9206298324239142, 0.009831986717937289, 0.009831986717937289, 0.009831986717937289, 0.048891008750480296, 0.000983198671793729], [0.9206454698026799, 0.009831175698459767, 0.009831175698459767, 0.009831175698459767, 0.04887788553209495, 0.0009831175698459765], [0.9206194952296155, 0.00982720590726289, 0.00982720590726289, 0.00982720590726289, 0.04891616645786962, 0.000982720590726289], [0.9206768174077293, 0.009827283504916816, 0.009827283504916816, 0.009827283504916816, 0.04885860372702854, 0.0009827283504916815], [0.9207514765438806, 0.009823411419511029, 0.009823411419511029, 0.009823411419511029, 0.048795948055635266, 0.0009823411419511029], [0.1818570978331856, 0.010801448789921807, 0.009943493012211152, 0.009943493012211152, 0.7864601180512492, 0.0009943493012211152], [0.18171793929069724, 0.010793183432735982, 0.009932886802541504, 0.009932886802541504, 0.7866298149912297, 0.0009932886802541503], [0.9107286420629904, 0.009848700589340077, 0.009848700589340077, 0.009848700589340077, 0.058740386110055366, 0.0009848700589340077], [0.9107068387517231, 0.009848755602484566, 0.009848755602484566, 0.009848755602484566, 0.05876201888057488, 0.0009848755602484566], [0.910506705508125, 0.009858314995903332, 0.009858314995903332, 0.009858314995903332, 0.05893251800457476, 0.0009858314995903332], [0.9107656095844141, 0.009848915325351018, 0.009848915325351018, 0.009848915325351018, 0.05870275290699788, 0.0009848915325351018], [1.0, 0.0, 0.0, 0.0, 0.0, 0.0], [0.8959222501999251, 0.00988605941823169, 0.00988605941823169, 0.00988605941823169, 0.07343096560355686, 0.000988605941823169], [1.0, 0.0, 0.0, 0.0, 0.0, 0.0]], [[1.0, 0.0, 0.0, 0.0, 0.0, 0.0], [0.9108974880340385, 0.009848274564701545, 0.009848274564701545, 0.009848274564701545, 0.0585728608153868, 0.0009848274564701544], [0.8271614461766026, 0.08944336443152519, 0.0009947585564793486, 0.009947585564793486, 0.07145808671412, 0.0009947585564793486], [0.3824184945911986, 0.1355436119582404, 0.000997574711180685, 0.00997574711180685, 0.47006699691639287, 0.000997574711180685], [0.47972240554347756, 0.39154849896223903, 0.0009988217819686803, 0.010108229836434402, 0.11662322209391189, 0.0009988217819686803], [0.573688131799021, 0.12910759559981735, 0.0009961077096988069, 0.009961077096988069, 0.28525098008477606, 0.0009961077096988069], [0.8226866882305925, 0.0928841365322168, 0.000994854186394378, 0.00994854186394378, 0.07249092500045817, 0.000994854186394378], [0.17907051441366723, 0.042771931152670445, 0.0009938111397952538, 0.009938111397952538, 0.7662318207561194, 0.0009938111397952538], [0.8379604477615121, 0.08096337875324038, 0.0009945440784039428, 0.009945440784039429, 0.0691416445444003, 0.0009945440784039428], [0.6051504402996272, 0.1067208112540971, 0.0009952835886696515, 0.009952835886696513, 0.27618534538224004, 0.0009952835886696515], [0.6138562299488509, 0.06682893903614817, 0.00993796080496608, 0.00993796080496608, 0.2984451133245723, 0.000993796080496608], [0.4165706817476174, 0.037748830745389185, 0.044244019883495904, 0.009958632826144526, 0.49048197151473866, 0.0009958632826144525], [1.0, 0.0, 0.0, 0.0, 0.0, 0.0], [0.911007800253734, 0.009847996229818991, 0.009847996229818991, 0.009847996229818991, 0.058463411433827266, 0.000984799622981899], [0.9110316773246091, 0.009847935984256566, 0.009847935984256566, 0.009847935984256566, 0.05843972112419556, 0.0009847935984256566], [0.9110032665017063, 0.009848007669180302, 0.009848007669180302, 0.009848007669180302, 0.05846790972383486, 0.0009848007669180303], [1.0, 0.0, 0.0, 0.0, 0.0, 0.0], [0.4534095785276878, 0.015045430344007793, 0.06409093336709304, 0.00996986757205823, 0.4564872034319474, 0.0009969867572058228], [0.8656611998103436, 0.040596322924648744, 0.009899441211276333, 0.009899441211276333, 0.07295365072132753, 0.0009899441211276333], [0.36764897236307564, 0.09188871184904726, 0.0009968480616853244, 0.009968480616853244, 0.5285001390476533, 0.0009968480616853244], [0.8398614495522437, 0.07944086282979779, 0.0009945090735037382, 0.009945090735037382, 0.06876357873591381, 0.0009945090735037382], [0.1775173426922235, 0.02584152974666872, 0.0009937619709337227, 0.009937619709337226, 0.7847159839099032, 0.0009937619709337227], [0.9141309910293117, 0.01315379862023742, 0.000991764973148376, 0.00991764973148376, 0.06081403067267033, 0.000991764973148376], [0.14801548803523865, 0.017305580288321337, 0.0009928280287388484, 0.009928280287388484, 0.8227649953315739, 0.0009928280287388484], [0.9146495914996793, 0.021831406928621448, 0.000991217547997539, 0.00991217547997539, 0.05162439099572898, 0.000991217547997539], [0.91174727321182, 0.024262443460468575, 0.0009912456021112044, 0.009912456021112043, 0.05209533610237692, 0.0009912456021112044], [0.915404153790251, 0.021185669471392575, 0.0009912110699529183, 0.009912110699529183, 0.05151564389892154, 0.0009912110699529183], [0.902606913617528, 0.031436092302201984, 0.0009913626750220393, 0.009913626750220393, 0.054060641980005826, 0.0009913626750220393], [0.9205642417709128, 0.009844659596663485, 0.009844659596663485, 0.009844659596663485, 0.04891731347943062, 0.0009844659596663485], [0.1505784387402211, 0.009896978973845654, 0.009896978973845654, 0.009896978973845654, 0.8187409264408575, 0.0009896978973845654], [1.0, 0.0, 0.0, 0.0, 0.0, 0.0], [0.9110147905346268, 0.009847978592253392, 0.009847978592253392, 0.009847978592253392, 0.0584564758293878, 0.0009847978592253392], [0.9108635273817789, 0.009848360252707682, 0.009848360252707682, 0.009848360252707682, 0.05860655583482733, 0.0009848360252707681], [0.17776074950469703, 0.021156046890019188, 0.0009937696764795378, 0.009937696764795377, 0.7891579674875293, 0.0009937696764795378], [0.9067149491877756, 0.02019926290368751, 0.0009917870326166323, 0.009917870326166324, 0.061184343517137495, 0.0009917870326166323], [0.17761770512933667, 0.023399465780001485, 0.0009937651481141368, 0.009937651481141369, 0.7870576473132922, 0.0009937651481141368], [0.9084558472406546, 0.011701298923254106, 0.009879473095127534, 0.009879473095127534, 0.05909596033632341, 0.0009879473095127534], [0.9109845214621338, 0.009848054965829777, 0.009848054965829777, 0.009848054965829777, 0.05848650814379396, 0.0009848054965829777], [1.0, 0.0, 0.0, 0.0, 0.0, 0.0], [1.0, 0.0, 0.0, 0.0, 0.0, 0.0]], [[1.0, 0.0, 0.0, 0.0, 0.0, 0.0], [0.1810267182985198, 0.010752128185300035, 0.009928962994806566, 0.009928962994806566, 0.7873703312270864, 0.0009928962994806567], [0.17563360958231047, 0.11922464810236161, 0.0009972285266409268, 0.009972285266409267, 0.6931749999956368, 0.0009972285266409268], [0.7684009936276184, 0.1322509660004208, 0.0009962339826571844, 0.009962339826571845, 0.08739323258007468, 0.0009962339826571844], [0.7909163803839498, 0.11636238816006163, 0.0009956210911205969, 0.00995621091120597, 0.08077377836254145, 0.0009956210911205969], [0.7972892585178647, 0.11176729832359976, 0.0009954566693883321, 0.00995456669388332, 0.07899796312587562, 0.0009954566693883321], [0.8454963974755677, 0.07488152937677504, 0.0009944095934955113, 0.009944095934955113, 0.06768915802571114, 0.0009944095934955113], [0.9054463332166114, 0.02135081256185051, 0.0009917940012539907, 0.009917940012539907, 0.0613013262064902, 0.0009917940012539907], [0.8504141778491782, 0.07083063177762644, 0.0009943294183882435, 0.009943294183882434, 0.06682323735253655, 0.0009943294183882435], [0.8178213858171502, 0.09658303199007078, 0.000994962063497877, 0.009949620634978769, 0.0736560374308046, 0.000994962063497877], [0.8317736806629223, 0.02845129756600307, 0.039834999269370515, 0.009944746549168658, 0.0890008012976187, 0.0009944746549168657], [1.0, 0.0, 0.0, 0.0, 0.0, 0.0], [0.0, 0.0, 0.0, 0.0, 0.0, 1.0], [0.8974558525595079, 0.02070945487599501, 0.009882334558769473, 0.009882334558769473, 0.06108178999108125, 0.0009882334558769473], [0.8674354819261784, 0.05623674387785531, 0.0009941049147320098, 0.009941049147320096, 0.06439851521918229, 0.0009941049147320098], [0.9012006774553768, 0.01783198166627421, 0.009881088526508278, 0.009881088526508278, 0.06021705497268162, 0.000988108852650828], [0.870242998519153, 0.00993628432137187, 0.03260609732318767, 0.00993628432137187, 0.07628470708277857, 0.000993628432137187], [1.0, 0.0, 0.0, 0.0, 0.0, 0.0], [0.6843536966736513, 0.021168288159608535, 0.09900089163662645, 0.010514184594351857, 0.18396326239973954, 0.0009996765360224306], [0.6639055447012416, 0.04260772367093028, 0.009901892618213915, 0.009901892618213915, 0.272692757129579, 0.0009901892618213914], [0.16828470151202204, 0.09190391176814192, 0.0009968483380219135, 0.009968483380219134, 0.727849206663573, 0.0009968483380219135], [0.8938766201257142, 0.03119521323913139, 0.000991896704382094, 0.00991896704382094, 0.06302540618256934, 0.000991896704382094], [0.910890614263236, 0.01629977581032134, 0.0009917705924968891, 0.009917705924968892, 0.0609083628164802, 0.0009917705924968891], [0.9156622157514772, 0.02096348073255438, 0.0009912089345181267, 0.009912089345181266, 0.05147979630175098, 0.0009912089345181267], [0.12778194160594578, 0.09176148641444845, 0.0009947529670895744, 0.009947529670895745, 0.7685195363745311, 0.0009947529670895744], [0.12098638518612392, 0.07084485689331117, 0.0009944014055805765, 0.009944014055805766, 0.7962359410535982, 0.0009944014055805765], [0.8721651182922834, 0.06469696476770566, 0.0009928850286626393, 0.009928850286626392, 0.05122329659605943, 0.0009928850286626393], [0.14382511605275333, 0.03866589172641197, 0.009901293259536066, 0.009901293259536066, 0.7967162763758092, 0.0009901293259536067], [0.9271891439919708, 0.00984563401581758, 0.00984563401581758, 0.00984563401581758, 0.0422893905589947, 0.000984563401581758], [1.0, 0.0, 0.0, 0.0, 0.0, 0.0], [1.0, 0.0, 0.0, 0.0, 0.0, 0.0], [1.0, 0.0, 0.0, 0.0, 0.0, 0.0], [0.9208887814536916, 0.009823064977874267, 0.009823064977874267, 0.009823064977874267, 0.048659717114898374, 0.0009823064977874268], [0.9264935191260267, 0.010965022347747537, 0.0009911593575342736, 0.009911593575342735, 0.05064754623581452, 0.0009911593575342736], [0.9225681542503336, 0.01474639595961984, 0.000991167928940297, 0.009911679289402968, 0.050791434642763124, 0.000991167928940297], [0.9185725925357255, 0.018406676458743488, 0.000991187887313837, 0.00991187887313837, 0.05112647635776502, 0.000991187887313837], [0.14784281446588873, 0.020098595476387697, 0.0009928225624000631, 0.009928225624000631, 0.820144719308923, 0.0009928225624000631], [0.9203777881392632, 0.009856890385365375, 0.009856890385365375, 0.009856890385365375, 0.04906585166610429, 0.0009856890385365376], [0.18183802200477953, 0.011007785567636609, 0.009929566424697243, 0.009929566424697243, 0.7863021029357198, 0.0009929566424697243], [1.0, 0.0, 0.0, 0.0, 0.0, 0.0]], [[1.0, 0.0, 0.0, 0.0, 0.0, 0.0], [0.910860932079362, 0.009848366801059221, 0.009848366801059221, 0.009848366801059221, 0.058609130837354494, 0.000984836680105922], [0.8375131494981995, 0.08131997147455183, 0.0009945524674581192, 0.009945524674581192, 0.06923224941775119, 0.0009945524674581192], [0.8390837732037613, 0.08006601896554334, 0.0009945231795914088, 0.009945231795914087, 0.06891592967559847, 0.0009945231795914088], [0.8256491730382184, 0.09060948561245781, 0.0009947905709236746, 0.009947905709236746, 0.07180385449823978, 0.0009947905709236746], [0.8423158746404752, 0.0774658541117349, 0.0009944647338767014, 0.009944647338767014, 0.06828469444126961, 0.0009944647338767014], [0.1658514348209156, 0.05800097367293682, 0.0009967224553337462, 0.009967224553337463, 0.7641869220421428, 0.0009967224553337462], [0.9150241218621754, 0.012268178767854326, 0.0009917645260402556, 0.009917645260402556, 0.06080652505748726, 0.0009917645260402556], [0.8623250536320876, 0.06071742317997053, 0.000994163158123701, 0.00994163158123701, 0.06502756529045757, 0.000994163158123701], [0.16626439692223285, 0.07567615419138962, 0.0009967438195268349, 0.009967438195268349, 0.7460985230520557, 0.0009967438195268349], [0.0, 0.0, 0.0, 0.0, 0.0, 1.0], [0.8723052128287478, 0.009923736101230539, 0.03173475529342464, 0.009923736101230539, 0.0751201860652435, 0.0009923736101230538], [0.0, 0.0, 0.0, 0.0, 0.0, 1.0], [0.8337440202638913, 0.08430620565915047, 0.0009946248748198055, 0.009946248748198055, 0.07001427557912075, 0.0009946248748198055], [0.8515303027935078, 0.06990270041990779, 0.0009943120129887613, 0.009943120129887613, 0.06663525263071941, 0.0009943120129887613], [0.9055900216141255, 0.021221182681866835, 0.000991793164388902, 0.00991793164388902, 0.06128727773134095, 0.000991793164388902], [0.8923533222938685, 0.02437788740599475, 0.00988439477502644, 0.00988439477502644, 0.06251156127258116, 0.000988439477502644], [0.8465889694682904, 0.010428238531264957, 0.0426470622258135, 0.009944984479568248, 0.08939624684710616, 0.000994498447956825], [1.0, 0.0, 0.0, 0.0, 0.0, 0.0], [0.8659688230620654, 0.009932122762874071, 0.034575608192098296, 0.009932122762874071, 0.07859811094380097, 0.000993212276287407], [0.8927325715222315, 0.024113392628070725, 0.009884229919467101, 0.009884229919467101, 0.0623971530188169, 0.0009884229919467102], [0.9116114295909639, 0.01560907936386016, 0.0009917687996022827, 0.009917687996022826, 0.06087826544994873, 0.0009917687996022827], [0.9128078877918888, 0.014451098184021325, 0.0009917665091704777, 0.009917665091704777, 0.0608398159140443, 0.0009917665091704777], [0.914250132610483, 0.022169625905350977, 0.000991221193441996, 0.009912211934419959, 0.05168558716286209, 0.000991221193441996], [0.11866539905381876, 0.05640774579041201, 0.0009942813316180298, 0.009942813316180299, 0.8129954791763531, 0.0009942813316180298], [0.7270259082305768, 0.2090658600119501, 0.0009929562725204473, 0.009929562725204472, 0.051992756487227794, 0.0009929562725204473], [0.7713405543146377, 0.16168384238881156, 0.009860988079716632, 0.009860988079716632, 0.04626752832914585, 0.0009860988079716632], [0.9054078644038016, 0.009909157054539543, 0.021395442367538195, 0.009909157054539543, 0.052387463414127165, 0.0009909157054539541], [1.0, 0.0, 0.0, 0.0, 0.0, 0.0], [0.9279784854547691, 0.009805176552313334, 0.009805176552313334, 0.009805176552313334, 0.041625467233059474, 0.0009805176552313334], [1.0, 0.0, 0.0, 0.0, 0.0, 0.0], [0.15034576654339113, 0.009896673554926967, 0.009896673554926967, 0.009896673554926967, 0.8189745454363353, 0.0009896673554926968], [0.1505524861211038, 0.00989694490694391, 0.00989694490694391, 0.00989694490694391, 0.8187669846673701, 0.000989694490694391], [0.14839524177914853, 0.012668592020510714, 0.0009928400506286322, 0.009928400506286322, 0.8270220855927973, 0.0009928400506286322], [0.927408152030342, 0.010057257139064038, 0.0009911589487191404, 0.009911589487191404, 0.05064068344596449, 0.0009911589487191404], [0.14849389005363842, 0.012940354191924552, 0.000992843173543685, 0.009928431735436852, 0.8266516376719131, 0.000992843173543685], [0.14841110674571198, 0.013574939948773837, 0.0009928405528669443, 0.009928405528669445, 0.8260998666711109, 0.0009928405528669443], [0.14833233640694873, 0.014192160595927029, 0.0009928380592290384, 0.009928380592290384, 0.8255614462863758, 0.0009928380592290384], [0.910868116251382, 0.009848348674276159, 0.009848348674276159, 0.009848348674276159, 0.05860200285836209, 0.0009848348674276158], [1.0, 0.0, 0.0, 0.0, 0.0, 0.0]], [[1.0, 0.0, 0.0, 0.0, 0.0, 0.0], [0.9109435512623242, 0.009848158340014289, 0.009848158340014289, 0.009848158340014289, 0.058527157883631664, 0.0009848158340014287], [0.9166150922261782, 0.010671022185887233, 0.0009917648942888877, 0.00991764894288888, 0.06081270685646815, 0.0009917648942888877], [0.17755012657653796, 0.030488044315813534, 0.0009937630087753508, 0.009937630087753509, 0.7800366730023444, 0.0009937630087753508], [0.900815650916122, 0.02542710651753132, 0.0009918270024755356, 0.009918270024755356, 0.06185531853664027, 0.0009918270024755356], [0.9119615664408441, 0.015271691661220834, 0.0009917680406804246, 0.009917680406804245, 0.06086552540976998, 0.0009917680406804246], [0.913970752736879, 0.013311845917251269, 0.0009917651035723396, 0.009917651035723396, 0.06081622010300181, 0.0009917651035723396], [0.9173641173302411, 0.009916568770566146, 0.0009916568770566147, 0.009916568770566146, 0.0608194313745134, 0.0009916568770566147], [0.9159727958575545, 0.011318809881175214, 0.000991764567405234, 0.00991764567405234, 0.060807219452407545, 0.000991764567405234], [0.9076992673654494, 0.019295662315849164, 0.000991782227719326, 0.00991782227719326, 0.06110368358606969, 0.000991782227719326], [0.0, 0.0, 0.0, 0.0, 0.0, 1.0], [0.8444478569065935, 0.0757358637057154, 0.0009944275549853294, 0.009944275549853294, 0.06788314872786728, 0.0009944275549853294], [0.7533885123544455, 0.14260246285389133, 0.0009966650616182989, 0.00996665061618299, 0.09204904405224366, 0.0009966650616182989], [0.8126976364953007, 0.10043249069334738, 0.0009950799184028816, 0.009950799184028815, 0.07492891379051743, 0.0009950799184028816], [0.16916435833925317, 0.09644399877491025, 0.0009968938462132189, 0.009968938462132189, 0.722428916731278, 0.0009968938462132189], [0.1785461785507511, 0.04011550093242011, 0.0009937945408596154, 0.009937945408596154, 0.7694127860265134, 0.0009937945408596154], [0.8593836539150279, 0.0632583870292299, 0.0009942001931065158, 0.009942001931065158, 0.06542755673846407, 0.0009942001931065158], [0.9105385962474418, 0.009862120803976124, 0.009862120803976124, 0.009862120803976124, 0.058888829260232346, 0.0009862120803976124], [1.0, 0.0, 0.0, 0.0, 0.0, 0.0], [1.0, 0.0, 0.0, 0.0, 0.0, 0.0], [0.18097121632546861, 0.010748831631430027, 0.009928921713657137, 0.009928921713657137, 0.7874292164444214, 0.0009928921713657137], [0.9105710449985122, 0.009870142477841147, 0.009870142477841147, 0.009870142477841147, 0.05883151332018038, 0.0009870142477841147], [0.9096119917992508, 0.0175121925401317, 0.0009917745335431274, 0.009917745335431275, 0.060974521258100135, 0.0009917745335431274], [0.14818954538792234, 0.030227725155134656, 0.0009928335388841559, 0.00992833538884156, 0.8096687269903332, 0.0009928335388841559], [0.9021383347675869, 0.04004094978260361, 0.000992393258365201, 0.00992393258365201, 0.04591199634942724, 0.000992393258365201], [0.7790323765171228, 0.015620404866726341, 0.009857469322198305, 0.009857469322198305, 0.18464653303953446, 0.0009857469322198304], [0.8965117026386888, 0.009892626318985596, 0.02565131739414287, 0.009892626318985596, 0.057062464697298525, 0.0009892626318985596], [1.0, 0.0, 0.0, 0.0, 0.0, 0.0], [1.0, 0.0, 0.0, 0.0, 0.0, 0.0], [0.9280224065963496, 0.0098050657324439, 0.0098050657324439, 0.0098050657324439, 0.04158188963307428, 0.0009805065732443902], [1.0, 0.0, 0.0, 0.0, 0.0, 0.0], [0.15038621235270117, 0.009896726646424419, 0.009896726646424419, 0.009896726646424419, 0.8189339350433833, 0.0009896726646424418], [0.14846438917264235, 0.013200071477086907, 0.0009928422396323134, 0.009928422396323135, 0.826421432474683, 0.0009928422396323134], [0.927606725156447, 0.009903930308978952, 0.0009903930308978954, 0.009903930308978952, 0.050604628163799424, 0.0009903930308978954], [0.9277587557393109, 0.009893848477975496, 0.0009893848477975497, 0.009893848477975496, 0.05047477760914319, 0.0009893848477975497], [0.9277053561449434, 0.009893963366906728, 0.0009893963366906728, 0.009893963366906728, 0.050527924447861895, 0.0009893963366906728], [0.9276969676742379, 0.009893981414654945, 0.0009893981414654945, 0.009893981414654945, 0.05053627321352132, 0.0009893981414654945], [0.9274758669507552, 0.009989653912496458, 0.0009911589420703113, 0.009911589420703113, 0.05064057183190468, 0.0009911589420703113], [0.9109140352174759, 0.009848232813584839, 0.009848232813584839, 0.009848232813584839, 0.05855644306041118, 0.0009848232813584837], [1.0, 0.0, 0.0, 0.0, 0.0, 0.0]], [[1.0, 0.0, 0.0, 0.0, 0.0, 0.0], [0.9110110425109862, 0.00984798804909981, 0.00984798804909981, 0.00984798804909981, 0.05846019453680438, 0.000984798804909981], [0.917446616373435, 0.00991603498865029, 0.0009916034988650291, 0.00991603498865029, 0.06073810665153434, 0.0009916034988650291], [0.917438270392627, 0.009916052944981733, 0.0009916052944981732, 0.009916052944981733, 0.06074641312841322, 0.0009916052944981732], [0.9173918093541485, 0.009916152905648434, 0.0009916152905648434, 0.009916152905648434, 0.060792654253424915, 0.0009916152905648434], [0.9174484791086696, 0.009916030980985764, 0.0009916030980985763, 0.009916030980985764, 0.06073625273316192, 0.0009916030980985763], [0.9174491752777577, 0.009916029483181828, 0.000991602948318183, 0.009916029483181828, 0.06073555985924229, 0.000991602948318183], [0.917178947350932, 0.010099043957709573, 0.0009917653778350123, 0.009917653778350122, 0.06082082415733839, 0.0009917653778350123], [0.9173999646088683, 0.009916135359663117, 0.0009916135359663116, 0.009916135359663117, 0.06078453759987286, 0.0009916135359663116], [0.0, 0.0, 0.0, 0.0, 0.0, 1.0], [0.8837249391313183, 0.04129207342166145, 0.0009939805398741564, 0.009939805398741565, 0.06305522096853057, 0.0009939805398741564], [0.16710056201804344, 0.083927055255926, 0.000996787077715671, 0.009967870777156709, 0.7370109377934426, 0.000996787077715671], [0.8319620441880502, 0.08570385377156681, 0.0009946604200360696, 0.009946604200360695, 0.0703981769999503, 0.0009946604200360696], [0.8309315160973951, 0.08651087676108875, 0.000994681091280194, 0.00994681091280194, 0.07062143404615386, 0.000994681091280194], [0.8582824514535944, 0.06420169990541864, 0.0009942147957896078, 0.009942147957896079, 0.06558527109151163, 0.0009942147957896078], [0.9068324009786342, 0.020092186997440784, 0.0009917864149686063, 0.009917864149686062, 0.06117397504430183, 0.0009917864149686063], [0.9154096203207084, 0.011883470859191704, 0.0009917644789809844, 0.009917644789809846, 0.060805735072328046, 0.0009917644789809844], [0.9100825251607841, 0.01021019977219075, 0.009879278323476211, 0.009879278323476211, 0.058960790587725076, 0.0009879278323476212], [0.9109027102059021, 0.009848261388349946, 0.009848261388349946, 0.009848261388349946, 0.05856767949021313, 0.0009848261388349948], [0.18099128034296386, 0.010750023338875479, 0.009928936636832995, 0.009928936636832995, 0.7874079293808115, 0.0009928936636832996], [1.0, 0.0, 0.0, 0.0, 0.0, 0.0], [0.18092815637375012, 0.010746274074595968, 0.009928889686610105, 0.009928889686610105, 0.7874749012097727, 0.0009928889686610105], [0.18104705156783318, 0.010753335885026017, 0.009928978118246019, 0.009928978118246019, 0.7873487584988242, 0.0009928978118246019], [0.9204809679702513, 0.009840493766069533, 0.009840493766069533, 0.009840493766069533, 0.04901350135493324, 0.0009840493766069534], [0.9272807434810809, 0.009835776956249319, 0.009835776956249319, 0.009835776956249319, 0.042228347954546344, 0.0009835776956249318], [0.7779307465774314, 0.009873241503597774, 0.15552492773327511, 0.009873241503597774, 0.04581051853173829, 0.0009873241503597773], [1.0, 0.0, 0.0, 0.0, 0.0, 0.0], [0.9124599895718531, 0.009878249545808303, 0.018078241979607355, 0.009878249545808303, 0.048717444402342026, 0.0009878249545808304], [0.9080110713198234, 0.00992003202821393, 0.020030749606396395, 0.00992003202821393, 0.051126111814531056, 0.000992003202821393], [0.910006550431285, 0.02219701268265967, 0.009862167284357527, 0.009862167284357527, 0.047085885588904655, 0.0009862167284357527], [0.1287916844478704, 0.009868380426067665, 0.009868380426067665, 0.009868380426067665, 0.8406163362313198, 0.0009868380426067665], [0.1506531197907789, 0.015016110386746, 0.009906371778859214, 0.009906371778859214, 0.8135273890868708, 0.0009906371778859214], [0.14825501549233944, 0.014853985078764858, 0.00099283561147565, 0.009928356114756499, 0.824976972091188, 0.00099283561147565], [0.9276220361180957, 0.009901497647706838, 0.0009901497647706837, 0.009901497647706838, 0.050594669056949405, 0.0009901497647706837], [0.9276847007959218, 0.009894007806775636, 0.0009894007806775635, 0.009894007806775636, 0.0505484820291719, 0.0009894007806775635], [0.9276187115681134, 0.009902035192374726, 0.0009902035192374725, 0.009902035192374726, 0.05059681100866225, 0.0009902035192374725], [0.9276690956140777, 0.009894041381237857, 0.0009894041381237856, 0.009894041381237857, 0.05056401334719915, 0.0009894041381237856], [0.14850334120315056, 0.012860556782793792, 0.0009928434727393602, 0.009928434727393602, 0.8267219803411835, 0.0009928434727393602], [0.910882754934748, 0.009848311738601881, 0.009848311738601881, 0.009848311738601881, 0.05858747867558631, 0.0009848311738601882], [1.0, 0.0, 0.0, 0.0, 0.0, 0.0]], [[1.0, 0.0, 0.0, 0.0, 0.0, 0.0], [0.9109500707644616, 0.009848141890296688, 0.009848141890296688, 0.009848141890296688, 0.05852068937561876, 0.0009848141890296687], [0.9174360978264057, 0.00991605761924591, 0.0009916057619245911, 0.00991605761924591, 0.06074857541125342, 0.0009916057619245911], [0.9174262638539147, 0.009916078776983205, 0.0009916078776983205, 0.009916078776983205, 0.06075836283672241, 0.0009916078776983205], [0.9174526123095236, 0.009916022088427042, 0.000991602208842704, 0.009916022088427042, 0.06073213909593715, 0.000991602208842704], [0.9173880036200274, 0.0099161610936643, 0.00099161610936643, 0.0099161610936643, 0.060796441973911305, 0.00099161610936643], [0.9173729268749783, 0.009916193531197687, 0.0009916193531197687, 0.009916193531197687, 0.06081144735638693, 0.0009916193531197687], [0.1782882106462079, 0.015220572948728158, 0.0009937863743523304, 0.009937863743523305, 0.7945657799128361, 0.0009937863743523304], [0.0, 0.0, 0.0, 0.0, 0.0, 1.0], [0.0, 0.0, 0.0, 0.0, 0.0, 1.0], [0.8938067511854718, 0.03150060806041856, 0.0009939536866733145, 0.009939536866733144, 0.0627651965140301, 0.0009939536866733145], [0.875481925467948, 0.04898420031457727, 0.0009940314895610287, 0.009940314895610288, 0.06360549634274267, 0.0009940314895610287], [0.16662108763202702, 0.07982813760955537, 0.0009967622725741549, 0.009967622725741549, 0.7415896274875279, 0.0009967622725741549], [0.8592577437173231, 0.06336635279704961, 0.0009942018527272086, 0.009942018527272086, 0.06544548125290083, 0.0009942018527272086], [0.8688137607991112, 0.05501108427854137, 0.0009940907994825273, 0.009940907994825273, 0.06424606532855734, 0.0009940907994825273], [0.9158924040444169, 0.011399604843634732, 0.0009917645434068575, 0.009917645434068575, 0.06080681659106634, 0.0009917645434068575], [0.1781552879500005, 0.015209225257330995, 0.0009937821664096067, 0.009937821664096068, 0.7947101007957533, 0.0009937821664096067], [0.9174286711006311, 0.009916073597805242, 0.0009916073597805242, 0.009916073597805242, 0.060755966984197475, 0.0009916073597805242], [0.9156523739120631, 0.011640460232426377, 0.0009917644942815992, 0.009917644942815992, 0.06080599192413133, 0.0009917644942815992], [0.9107785244908163, 0.009852972996686287, 0.009852972996686287, 0.009852972996686287, 0.05867725921945631, 0.0009852972996686287], [0.9110050423348146, 0.00984800318847725, 0.00984800318847725, 0.00984800318847725, 0.05846614778090607, 0.000984800318847725], [1.0, 0.0, 0.0, 0.0, 0.0, 0.0], [1.0, 0.0, 0.0, 0.0, 0.0, 0.0], [1.0, 0.0, 0.0, 0.0, 0.0, 0.0], [1.0, 0.0, 0.0, 0.0, 0.0, 0.0], [1.0, 0.0, 0.0, 0.0, 0.0, 0.0], [0.1675295753611831, 0.009950461932044278, 0.040154026697828984, 0.009943226597886993, 0.7714283867512682, 0.0009943226597886993], [0.14841254803629228, 0.04239733820515961, 0.009904705290763038, 0.009904705290763038, 0.7883902326479458, 0.0009904705290763038], [0.27041526364620827, 0.0929351327805569, 0.0009947799669851258, 0.009947799669851256, 0.6247122439694134, 0.0009947799669851258], [0.7113356666520446, 0.0818152124070633, 0.000998405512738269, 0.1475923249805312, 0.05725998493488441, 0.000998405512738269], [0.8826865467419363, 0.05642820613181434, 0.0009926766867169024, 0.009926766867169024, 0.04897312688564678, 0.0009926766867169024], [0.14866035892684082, 0.03347595400843875, 0.0009928484434599876, 0.009928484434599876, 0.8059495057432006, 0.0009928484434599876], [0.14825543994992363, 0.014850231167634178, 0.0009928356249127323, 0.009928356249127322, 0.8249803013834895, 0.0009928356249127323], [0.9276181311691329, 0.00990212849604306, 0.000990212849604306, 0.00990212849604306, 0.050597186139572405, 0.000990212849604306], [0.9275771493842355, 0.009908349185829767, 0.0009908349185829767, 0.009908349185829767, 0.05062448240693902, 0.0009908349185829767], [0.1484423817229371, 0.013317508227758616, 0.0009928415429409996, 0.009928415429409997, 0.8263260115340123, 0.0009928415429409996], [0.9190115896970817, 0.01801525067555058, 0.0009911850555198345, 0.009911850555198345, 0.051078938961129736, 0.0009911850555198345], [0.9076160868117844, 0.027588370054610557, 0.000991293537024527, 0.009912935370245268, 0.052900020689310885, 0.000991293537024527], [0.18163362335843278, 0.01078817546639658, 0.009933810744636567, 0.009933810744636567, 0.786717198611434, 0.0009933810744636566], [1.0, 0.0, 0.0, 0.0, 0.0, 0.0]], [[1.0, 0.0, 0.0, 0.0, 0.0, 0.0], [0.9109458616192743, 0.009848152510624467, 0.009848152510624467, 0.009848152510624467, 0.05852486559778987, 0.0009848152510624469], [0.9098678336591406, 0.017270901031555777, 0.000991773667400519, 0.00991773667400519, 0.0609599813004974, 0.000991773667400519], [0.9032238477252679, 0.023331392830472083, 0.000991808401210127, 0.00991808401210127, 0.06154305862973852, 0.000991808401210127], [0.9124373579318945, 0.014811250176075062, 0.0009917671269365656, 0.009917671269365656, 0.06085018636879163, 0.0009917671269365656], [0.1780878999016601, 0.01772969011750396, 0.000993780033101633, 0.00993780033101633, 0.7922570495836165, 0.000993780033101633], [0.9173755162004404, 0.009916187960278308, 0.0009916187960278308, 0.009916187960278308, 0.06080887028694746, 0.0009916187960278308], [0.0, 0.0, 0.0, 0.0, 0.0, 1.0], [0.17784099538695358, 0.02022803851358143, 0.0009937722168288235, 0.009937722168288234, 0.7900056994975192, 0.0009937722168288235], [0.17786430535702008, 0.01998680649648656, 0.0009937729547541117, 0.009937729547541118, 0.790223612689444, 0.0009937729547541117], [0.17798390237078562, 0.018706269774666984, 0.0009937767408448113, 0.009937767408448112, 0.7913845069644098, 0.0009937767408448113], [0.9137603230061826, 0.013519008522694562, 0.0009917652980553683, 0.009917652980553682, 0.06081948489445855, 0.0009917652980553683], [0.177810502299888, 0.034588738331503145, 0.0009937712515071177, 0.009937712515071176, 0.7756755043505236, 0.0009937712515071177], [0.9114509492804567, 0.01576330478090504, 0.000991769171938979, 0.00991769171938979, 0.06088451587537067, 0.000991769171938979], [0.9170695103841301, 0.010210297402128936, 0.000991765269705069, 0.00991765269705069, 0.06081900897728025, 0.000991765269705069], [0.9174083831800113, 0.009916117247153978, 0.0009916117247153978, 0.009916117247153978, 0.06077615887625002, 0.0009916117247153978], [0.917437341768025, 0.009916054942912415, 0.0009916054942912416, 0.009916054942912415, 0.060747337357567724, 0.0009916054942912416], [0.917378518725068, 0.00991618150036322, 0.0009916181500363218, 0.00991618150036322, 0.06080588197413298, 0.0009916181500363218], [0.9174263193422043, 0.009916078657600459, 0.000991607865760046, 0.009916078657600459, 0.060758307611074897, 0.000991607865760046], [0.9173867129758692, 0.009916163870478048, 0.0009916163870478047, 0.009916163870478048, 0.06079772650907932, 0.0009916163870478047], [0.911008838358725, 0.009847993610518687, 0.009847993610518687, 0.009847993610518687, 0.05846238144866704, 0.0009847993610518687], [1.0, 0.0, 0.0, 0.0, 0.0, 0.0], [1.0, 0.0, 0.0, 0.0, 0.0, 0.0], [0.9209590108944431, 0.009822887778075391, 0.009822887778075391, 0.009822887778075391, 0.048590036993523204, 0.000982288777807539], [0.927887568871821, 0.009805405948988582, 0.009805405948988582, 0.009805405948988582, 0.041715672686314535, 0.000980540594898858], [0.9272219993740326, 0.009837573052166704, 0.009837573052166704, 0.009837573052166704, 0.042281524164250774, 0.0009837573052166703], [0.14241254875473955, 0.037396306438348514, 0.00990024262298204, 0.00990024262298204, 0.7994006352986497, 0.000990024262298204], [0.2740970167753383, 0.09992596063811476, 0.0009949389657238853, 0.009949389657238851, 0.6140377549978604, 0.0009949389657238853], [0.6346993387090314, 0.27322878752952934, 0.0009955610341851617, 0.009955610341851618, 0.08012514135121737, 0.0009955610341851617], [0.7406019401772832, 0.05664809479575521, 0.0009926815942066264, 0.009926815942066266, 0.19083778589648204, 0.0009926815942066264], [0.8967278218056636, 0.04476664008779034, 0.0009924565953371431, 0.009924565953371432, 0.046596058962500526, 0.0009924565953371431], [0.9166953127122278, 0.02006701431707977, 0.000991200801275542, 0.009912008012755422, 0.05134326335538599, 0.000991200801275542], [0.9276950753902079, 0.009893985485893545, 0.0009893985485893546, 0.009893985485893545, 0.05053815654082643, 0.0009893985485893546], [0.1483944930486543, 0.01371105034560902, 0.0009928400269260207, 0.009928400269260207, 0.8259803762826246, 0.0009928400269260207], [0.14813969386144313, 0.01597122867988985, 0.000992831960731033, 0.00992831960731033, 0.8239750939298947, 0.000992831960731033], [0.8918654635545542, 0.04304511823727085, 0.000993065516530339, 0.009930655165303389, 0.0531726320098108, 0.000993065516530339], [0.8836327697963992, 0.050347235773291865, 0.0009931515824329366, 0.009931515824329365, 0.05410217544111383, 0.0009931515824329366], [0.6683772905174241, 0.25523251079576065, 0.0009941106881657393, 0.009941106881657395, 0.06446087042882655, 0.0009941106881657393], [0.18382455682112392, 0.010918306519192181, 0.01912761564664202, 0.00994828734028285, 0.7751864049387309, 0.000994828734028285], [1.0, 0.0, 0.0, 0.0, 0.0, 0.0]], [[1.0, 0.0, 0.0, 0.0, 0.0, 0.0], [0.9104073671575459, 0.009869981790425843, 0.009869981790425843, 0.009869981790425843, 0.05899568929213416, 0.0009869981790425844], [0.18218022207662382, 0.010820640836918407, 0.01052055173994117, 0.00994777665823176, 0.7855360310224618, 0.000994777665823176], [0.18892492185173207, 0.03988083701165101, 0.009934837505264103, 0.009934837505264103, 0.7503310823755623, 0.0009934837505264104], [0.8738248759477614, 0.0504984173227808, 0.0009940446996654472, 0.009940446996654473, 0.06374817033347258, 0.0009940446996654472], [0.0, 0.0, 0.0, 0.0, 0.0, 1.0], [0.9032376100998883, 0.021956618863077263, 0.0009939641497172646, 0.009939641497172648, 0.06287820124042728, 0.0009939641497172646], [0.16646493549365488, 0.04690232824033969, 0.0009967541941949896, 0.009967541941949895, 0.7746716859356657, 0.0009967541941949896], [0.16618235268368167, 0.0507875627347823, 0.0009967395750478652, 0.009967395750478654, 0.7710692096809616, 0.0009967395750478652], [0.8925330671066717, 0.03276124897358423, 0.0009939548929923632, 0.009939548929923632, 0.06277822520383589, 0.0009939548929923632], [0.8957191359145813, 0.029594995449596175, 0.0009939530603425971, 0.009939530603425973, 0.06275843191171156, 0.0009939530603425971], [0.9147361337896825, 0.01255461397009077, 0.000991764618478374, 0.00991764618478374, 0.060808076818486434, 0.000991764618478374], [0.9169117561543887, 0.010370467061894683, 0.0009917651259211274, 0.009917651259211275, 0.060816595272663206, 0.0009917651259211274], [0.17823654920918053, 0.015216162580437058, 0.0009937847389027477, 0.009937847389027477, 0.7946218713435494, 0.0009937847389027477], [0.17831424372870408, 0.01522279540880994, 0.000993787198483372, 0.00993787198483372, 0.7945375144806857, 0.000993787198483372], [0.9174248597027806, 0.009916081798006585, 0.0009916081798006585, 0.009916081798006585, 0.060759760341604956, 0.0009916081798006585], [0.17817750507462055, 0.015211121946768649, 0.0009937828697386135, 0.009937828697386134, 0.7946859785417475, 0.0009937828697386135], [0.9174958633