{"prediction": [[[0.8733997222040641, 0.04277533537834691, 0.03643286739840732, 0.00900090932375493, 0.03339972367664788, 0.0049914420187788895], [0.8735882090336622, 0.0424295662658498, 0.03563860185058384, 0.008998338785579643, 0.03435384204608935, 0.004991442018235262], [0.8747891390456028, 0.04349209258296773, 0.0327479790147045, 0.009082239600579323, 0.03489710773776639, 0.004991442018379322], [0.8729508701044, 0.04754133496119114, 0.026520583171839186, 0.009521846606404793, 0.03847392313812678, 0.0049914420180382285], [0.8720864383639189, 0.0471730797097121, 0.027905525591759666, 0.009510761847733943, 0.03833275246872685, 0.0049914420181487295], [0.872753998137954, 0.04720917901702069, 0.027083460486371645, 0.00951601020808844, 0.03844591013245296, 0.004991442018112448], [0.8710592568611188, 0.04707418876161035, 0.028879223527365078, 0.00951903506848435, 0.038476853763085725, 0.004991442018335682], [0.861343220524528, 0.049779451710846974, 0.032144805107556546, 0.009795371235438803, 0.04194570940076772, 0.004991442020861955], [0.8575339265736294, 0.05111405998728386, 0.03329893592245147, 0.009961083288061926, 0.04310055220780068, 0.004991442020772754], [0.8592259584928316, 0.05110113909237275, 0.03166984393299601, 0.009949010102793228, 0.043062606358200466, 0.004991442020805922], [0.8717288602640122, 0.0471575250364356, 0.028329924209476096, 0.00950842967945976, 0.038283818792438716, 0.0049914420181777506], [0.8734899160305091, 0.04711314578718622, 0.026919392541049875, 0.009472006851246568, 0.03801409677188186, 0.004991442018126338], [0.8748743510580048, 0.04702979775636292, 0.025944440792707153, 0.009446209741774582, 0.03771375863302538, 0.004991442018125163], [0.8748743510580048, 0.04702979775636292, 0.025944440792707153, 0.009446209741774582, 0.03771375863302538, 0.004991442018125163], [0.8740129082039724, 0.04669182101124204, 0.027325104806314653, 0.009422098214531743, 0.03755662574572669, 0.004991442018212437], [0.8435568637816416, 0.057321130159064974, 0.03611043797061825, 0.011959631363788545, 0.046055373470324505, 0.00499656325456217], [0.8312538544325676, 0.06095421411218353, 0.03977165857757917, 0.012333266141854864, 0.050690443477599635, 0.0049965632582154645], [0.8331511215648163, 0.06282702748062977, 0.036395913349240215, 0.012429652461778134, 0.05019972188498021, 0.004996563258555363], [0.831590475125974, 0.06272359551154622, 0.038086044445565154, 0.012427411072416471, 0.05017591058585042, 0.004996563258647805], [0.8346228344828109, 0.06278923953726064, 0.03473623408145425, 0.012433979830784352, 0.05042114880952528, 0.00499656325816448], [0.8352903098971506, 0.06009295509414658, 0.03674917145952113, 0.012258065633161537, 0.05061293465842903, 0.004996563257591288], [0.8331052570736358, 0.06090180668544481, 0.037502264007436434, 0.012343168548146276, 0.05115094042733393, 0.004996563258002732], [0.8326705870718888, 0.060887835738923535, 0.03806268610144242, 0.01233902054175661, 0.05104330728791607, 0.004996563258072675], [0.8264431045346804, 0.06504343248031384, 0.0360294816009897, 0.01279170760198005, 0.054695710524215894, 0.004996563257820121], [0.8125958589359717, 0.06708181744958816, 0.04626032006743436, 0.013059046200597973, 0.05600639408813754, 0.004996563258270282], [0.8838882829501131, 0.04150748954427675, 0.026959711620180966, 0.008047396015495431, 0.03460882416482937, 0.00498829570510456], [0.8845320634706967, 0.04181250239157342, 0.02586566576182122, 0.00805752095695021, 0.03474395171383953, 0.0049882957051187405], [0.8832359866347722, 0.04153929806102598, 0.027630316496830717, 0.008047074606567964, 0.03455902849564645, 0.004988295705156628], [0.889598164259049, 0.03924488605968938, 0.02650114453464455, 0.007830225564813189, 0.03183728387856598, 0.0049882957032379854], [0.8979228826008175, 0.03810113696293489, 0.020485292106920645, 0.0076541177859882036, 0.030848274840750173, 0.004988295702588468], [0.8966585703428497, 0.03780624662490413, 0.02221206112945264, 0.0076447308099793715, 0.030690095390056123, 0.004988295702758198], [0.8833478313624193, 0.0416491883911744, 0.027228714840395362, 0.008066332903375186, 0.03471963679755812, 0.004988295705077576], [0.8841843049642384, 0.041819930776546, 0.026238436323785946, 0.008056641338581557, 0.03471239089168976, 0.0049882957051584215], [0.8841843049642384, 0.041819930776546, 0.026238436323785946, 0.008056641338581557, 0.03471239089168976, 0.0049882957051584215], [0.8906584909353332, 0.03934067960922105, 0.02548526568889661, 0.00781338688439725, 0.031713881178999655, 0.0049882957031523395], [0.8920509926082528, 0.039644601811488336, 0.023573427585607504, 0.007838105162880275, 0.03190457712877745, 0.0049882957029936505], [0.8985459495511058, 0.037985322657042735, 0.020331831664203017, 0.007628184635085274, 0.0305204157899014, 0.004988295702661941], [0.9003514114492298, 0.034527439965677656, 0.025079577814524412, 0.007260850761949132, 0.027792424305791236, 0.00498829570282779], [0.8990073185420137, 0.03374090871012857, 0.02771080062168842, 0.007198052540897893, 0.027354623882364055, 0.004988295702907401], [0.8995494630714308, 0.03387182378977052, 0.028130926458457384, 0.007179829006597404, 0.026279661970616878, 0.00498829570312705]], [[0.8675419976928733, 0.04443355921778377, 0.03772957972455908, 0.009227377109686945, 0.03607604423667745, 0.004991442018419422], [0.9026332507188957, 0.020073321108565568, 0.016907866683545276, 0.01533762901563187, 0.026543800712973045, 0.018504131760388627], [0.8996653629603754, 0.020157550600030372, 0.016637887268053198, 0.015446248709795097, 0.029542664874649686, 0.018550285587096527], [0.896881762633398, 0.021935398312394917, 0.01752807173635107, 0.01648181267494136, 0.028486154371101136, 0.018686800271813592], [0.8888669014871837, 0.020676955804468104, 0.01604593835465504, 0.010610653336620791, 0.04493958199212711, 0.018859969024945165], [0.885829936198455, 0.02081537779796582, 0.015898787772704093, 0.010596805690899082, 0.04800477759922786, 0.01885431494074826], [0.8826859167483868, 0.025257759961429406, 0.016444756892073385, 0.012258743843543033, 0.04419362727841976, 0.019159195276147466], [0.8756619636518873, 0.021696557974872237, 0.015053759690207376, 0.010570827657726142, 0.05815546211129191, 0.018861428914015006], [0.04107283073461991, 0.022982556339278454, 0.016347974089016358, 0.018532374825718553, 0.8815736180026568, 0.01949064600870998], [0.8791292096598947, 0.021095943942976567, 0.015628947644650792, 0.010711396011459698, 0.05456571104454034, 0.018868791696477896], [0.885116225716998, 0.024604493185065822, 0.02101024138201973, 0.01829450120395861, 0.03204536889532361, 0.018929169616634222], [0.8219090111139092, 0.04676876848385397, 0.03276480534049822, 0.03880494458497022, 0.04414178665714054, 0.015610683819627918], [0.8290325240144065, 0.0383768614805036, 0.03070013493466845, 0.03341262595493203, 0.05298545536641166, 0.015492398249077801], [0.8293289774599659, 0.03830277026162794, 0.03068076116270828, 0.03336510491978454, 0.05281875423441217, 0.015503631961501145], [0.8520123920616798, 0.03292986581823164, 0.024795798587853, 0.029192914166738106, 0.04553432117982579, 0.015534708185671695], [0.9022579738434254, 0.017475786108614427, 0.012487051161171566, 0.01605723997973158, 0.031318913061617784, 0.02040303584543916], [0.895176024036652, 0.017891484164480224, 0.01251879754724747, 0.01622504971991059, 0.03777188481144755, 0.020416759720262172], [0.05517764218011105, 0.0722334347916199, 0.03369322282072279, 0.0373724049313379, 0.785042554955842, 0.016480740320366446], [0.022884809479433832, 0.01801343498742662, 0.011203674915882013, 0.016456489671254026, 0.9111193460176478, 0.020322244928355822], [0.8962786575756709, 0.014202547203170855, 0.009040823679742906, 0.008964920980742818, 0.05141363153578682, 0.020099419024885656], [0.026159784188444942, 0.017505384816323074, 0.011375541909121425, 0.016234857335620443, 0.9083909916036228, 0.02033344014686734], [0.8982707919347521, 0.014385283003366646, 0.009555851132808782, 0.009053246407205158, 0.048591617820252016, 0.020143209701615337], [0.8947955842961954, 0.014401990371365461, 0.009563288178787408, 0.009056987699429572, 0.052038690470052475, 0.02014345898416972], [0.026627281241840738, 0.020897396370229897, 0.012912821177639686, 0.017167537388799902, 0.901736286799199, 0.0206586770222907], [0.8754054725579752, 0.021896791235604052, 0.01661169580293393, 0.011282909149986501, 0.053792223185148244, 0.021010908068352107], [0.8825144330601553, 0.021532410256452413, 0.017855281816595864, 0.014823789674337192, 0.05052577818537723, 0.01274830700708211], [0.35985650205160585, 0.07120519251473513, 0.043609730492548175, 0.024972752821977015, 0.4926666995866018, 0.007689122532532005], [0.8831879960224093, 0.02152084634029586, 0.01799599393313905, 0.014814481253068067, 0.04974172184890297, 0.012738960602184901], [0.9021551830171765, 0.017705702993722258, 0.013416586475476519, 0.009115510373967234, 0.04076826382252425, 0.01683875331713343], [0.909682365034198, 0.018255424569198358, 0.013993690122298778, 0.013835429638306447, 0.027560738500270597, 0.01667235213572782], [0.9158754208337826, 0.014849418363660242, 0.010524796149424311, 0.007777598824001816, 0.034476792253686335, 0.01649597357544461], [0.8990522689176587, 0.017818608375933586, 0.013409383713375021, 0.00908963602697288, 0.043791532165023114, 0.016838570801036772], [0.07481634795647764, 0.0531756948238324, 0.017164765963597003, 0.014867467316197501, 0.8271627452164114, 0.012812978723484096], [0.7884742732216826, 0.07146621462814909, 0.05022113898532838, 0.031456322553541693, 0.04955120022704229, 0.008830850384255943], [0.8872236988994088, 0.021187564162058366, 0.01862489955263817, 0.014779867234788866, 0.045415524195114826, 0.012768445955991047], [0.9023877548215654, 0.02103094464981609, 0.018213720426236153, 0.015811577653609084, 0.02561041631440636, 0.01694558613436702], [0.9161822170131468, 0.017742330879875493, 0.014309782160315735, 0.013566237959460839, 0.021558498418793738, 0.016640933568407255], [0.9246301082191742, 0.013391487435413841, 0.01042026715737527, 0.012515873811007862, 0.02273060864505928, 0.01631165473196948], [0.9239477772657511, 0.013500417822833113, 0.010702163876768398, 0.012609313251176644, 0.02296641730233432, 0.01627391048113664], [0.8998980526587632, 0.033129113607776046, 0.027788819332883994, 0.00713972708961601, 0.027055991608401945, 0.004988295702558854]], [[0.8696817982254017, 0.045444533020279745, 0.03431318390257966, 0.009297936867938247, 0.03627110596537543, 0.004991442018425261], [0.8844552085169868, 0.023831833145160682, 0.020825778912182454, 0.01794732162133696, 0.03403761826884844, 0.01890223953548475], [0.0708803664825073, 0.03937530805479135, 0.016882466867420273, 0.03427896182746755, 0.8225378844820606, 0.016045012285752943], [0.9062718481968247, 0.034213092125085214, 0.018566913975765844, 0.004993828748679241, 0.01774171791587902, 0.01821259903776588], [0.9106568150539999, 0.029278238661651475, 0.0175849997826955, 0.008830683939253542, 0.016463404125753627, 0.017185858436645995], [0.8899348408983178, 0.033605292166394955, 0.015295242869810394, 0.00698307204911058, 0.03930658085463244, 0.014874971161733893], [0.06901647334568432, 0.03157926658292852, 0.015799496126855446, 0.004995751099690421, 0.8634432656651377, 0.015165747179703596], [0.0689801716165473, 0.031883156685236086, 0.015750784584189513, 0.004995305844694335, 0.8632123124023299, 0.015178268867002973], [0.9015521446718352, 0.030393278943735495, 0.018412259059507313, 0.004991239780427807, 0.02657546936062637, 0.018075608183867786], [0.03916873783153421, 0.02697157342549602, 0.01918865033790303, 0.00499073631626168, 0.8909907543566443, 0.018689547732160736], [0.8695380351962821, 0.03247918928985616, 0.015101269739280249, 0.005739246576127017, 0.06245363840967351, 0.014688620788780948], [0.8752929289117803, 0.032529317714393186, 0.015096183430548379, 0.005933466659438602, 0.05649627558179608, 0.014651827702043449], [0.8763067141640212, 0.032365787059815895, 0.015131436644647892, 0.005792775788573557, 0.05572826385180136, 0.014675022491140133], [0.9215999688865517, 0.02691436505338501, 0.018043574077865384, 0.004990430805728588, 0.010800158406222312, 0.01765150277024706], [0.9311239095253214, 0.020699060278285216, 0.017358657855512317, 0.004987785153804863, 0.008697419002540105, 0.017133168184536026], [0.9232890711972399, 0.018907816942092773, 0.019243349142799415, 0.004988231254398735, 0.014495916719625739, 0.019075614743843405], [0.02386544841811053, 0.020039787400689894, 0.019238775584004896, 0.004988568362511628, 0.9129358221699005, 0.018931598064782458], [0.9180023305656835, 0.019822706204325077, 0.01943057561409423, 0.004988655136909594, 0.018570311557289155, 0.019185420921698487], [0.9232284182771398, 0.01904029308991134, 0.019261084802950558, 0.00498825716359718, 0.014390944227685087, 0.019091002438716007], [0.9240945293985018, 0.019965811172708736, 0.01938066185074274, 0.004988238088671672, 0.01234315617457805, 0.019227603314796914], [0.9172579531309786, 0.01999204272384469, 0.019390745248698694, 0.0049883819033178815, 0.019141556384793517, 0.01922932060836679], [0.9159829991404307, 0.020828089649014378, 0.01945803397369061, 0.004988563784403523, 0.019449553175478574, 0.019292760276982273], [0.01893736267804017, 0.02181819844289731, 0.019325894494932855, 0.004988807202289723, 0.915891515093986, 0.019038222087853992], [0.9085001441815299, 0.025097562797312123, 0.01972201322252491, 0.004989494179353779, 0.02215490778874177, 0.019535877830537566], [0.9068624799749477, 0.03562981327986087, 0.020586575319070027, 0.004994268547590961, 0.011756874966413063, 0.020169987912117385], [0.7056652253373523, 0.02731971304308895, 0.012276325379808101, 0.004998735054904903, 0.23782791994546307, 0.011912081239382569], [0.6623490641182034, 0.1493036995602388, 0.014600218948320098, 0.018998556869678582, 0.1411089276806141, 0.013639532822945052], [0.8893356367248731, 0.028257453389556257, 0.012316265522272673, 0.004998922735935695, 0.053152704642277275, 0.011939016985084887], [0.9174845654436433, 0.02888030856319368, 0.016511276646805694, 0.004990608885553443, 0.015962707868487847, 0.016170532592315913], [0.021732948257392287, 0.01851255624685515, 0.015619894634300895, 0.004986466615332732, 0.9237989652768092, 0.0153491689693098], [0.9288620848757764, 0.01936959839900955, 0.01568978906977418, 0.004986415223243124, 0.015577959070079994, 0.015514153362116973], [0.9222417473176212, 0.03008729268824829, 0.016565346721050794, 0.004990542520291897, 0.009867110278014783, 0.016247960474773088], [0.6935095152950695, 0.21823158175440724, 0.012287886796726396, 0.004998945724445107, 0.05903899203706112, 0.011933078392290575], [0.4862330373233267, 0.3254578194915264, 0.014613373895687684, 0.024694279109642683, 0.13549207537463834, 0.013509414805178097], [0.7057429968016901, 0.02608253760444767, 0.012094637566507176, 0.004998229056984151, 0.23930035004074401, 0.011781248929626875], [0.9219686132849632, 0.0265667144159423, 0.0165047455501551, 0.006291186269902071, 0.009977065790105105, 0.01869167468893223], [0.9335541224628945, 0.017986751975554653, 0.01585945619635797, 0.004998393897384599, 0.011874041897616138, 0.01572723357019227], [0.9386107616181805, 0.01712453665744966, 0.01584600307246915, 0.004996687931595617, 0.007797770192424882, 0.015624240527880114], [0.9189129043304092, 0.013699908979757916, 0.010498866403245957, 0.012656742507810289, 0.027916523016088567, 0.016315054762688144], [0.8941591727629455, 0.03624068298963301, 0.026776819589601014, 0.00743948834681434, 0.030395540606030905, 0.00498829570497526]], [[0.872506994161759, 0.046782072916422404, 0.0283478639297671, 0.009464168581141904, 0.03790745839269323, 0.004991442018216335], [0.8853354060703872, 0.024512661643076486, 0.021078338960173696, 0.018207567893728963, 0.03192011389546912, 0.018945911537164635], [0.8655656700882148, 0.032676731722166834, 0.015079523600269859, 0.005877132599351581, 0.06611140240625885, 0.014689539583738049], [0.10135708148221304, 0.03378636875561685, 0.015378386707654162, 0.0049994697477220955, 0.8294389018601053, 0.015039791446688548], [0.12491606179778139, 0.035008495067340065, 0.015573374862140601, 0.0049996503728822065, 0.8043128193661002, 0.015189598533755507], [0.6493792479241612, 0.03223668076069682, 0.01502359445682865, 0.006970309695476243, 0.28160419774757905, 0.014785969415257916], [0.43448644529841723, 0.0456028926261264, 0.01587413840711502, 0.027043486879760697, 0.4616137758486755, 0.015379260939905217], [0.8839174150277007, 0.032118487594922474, 0.015037350321331454, 0.006925856358194034, 0.04720337993857755, 0.014797510759273986], [0.0358822741264539, 0.0289356589547249, 0.018885291928923506, 0.004991148683157654, 0.8927087877661355, 0.018596838540604493], [0.9110675081880298, 0.030539377492153612, 0.01812441925972055, 0.0049922782674428475, 0.017352320111621498, 0.017924096681031676], [0.8742738417122315, 0.030280231190516635, 0.01471103740352909, 0.005682155202229421, 0.060546711995300415, 0.014506022496192938], [0.6045719781714682, 0.13829603343575922, 0.017006033526029186, 0.03829047965907577, 0.18526384947678812, 0.016571625730879513], [0.8651488781462777, 0.030963674411544205, 0.014719710772415368, 0.005694471046036614, 0.06894288180629389, 0.014530383817432156], [0.9141788647134732, 0.030202540711931184, 0.018101424419761147, 0.004991858835420504, 0.014594757076075684, 0.017930554243338212], [0.927540399570716, 0.020032977939214, 0.017270295767473458, 0.004987356000010731, 0.01300880463698205, 0.017160166085603775], [0.9255345275297192, 0.020972148846371604, 0.019261505596903185, 0.004988082652988551, 0.010096447857671114, 0.0191472875163463], [0.9240221484200629, 0.018108957853855554, 0.019155748622737428, 0.004988006739828495, 0.014681022915582953, 0.019044115447932723], [0.9242430823873986, 0.018000248747840633, 0.019146703558478757, 0.004987928757016861, 0.014589202564553788, 0.019032833984711398], [0.925228128000481, 0.02120435205418738, 0.019297817026009922, 0.004988136575368699, 0.010111025364928165, 0.01917054097902457], [0.9205133636179244, 0.018173653208814353, 0.019164703779636465, 0.004987994583127951, 0.01811470270293568, 0.01904558210756107], [0.020502666649291974, 0.0197167545979998, 0.01910704364148257, 0.004988567789209244, 0.9167715416326734, 0.018913425689343063], [0.017227776707732755, 0.020293137054951525, 0.01917130271337204, 0.004988809085950943, 0.9193519738043756, 0.018967000633617104], [0.01375471826668522, 0.019977541351741922, 0.019130659738499096, 0.004988726440099785, 0.9232040137645722, 0.018944340438401805], [0.021103206182575218, 0.02257557665630358, 0.01943019307279945, 0.004989280253949559, 0.9126753155954875, 0.019226428238884853], [0.9086095781762462, 0.029605246586869912, 0.02014817996893413, 0.0049918822487317605, 0.016741191269776395, 0.019903921749441708], [0.8852429909083389, 0.02537354804815614, 0.011994175657063172, 0.004997755879453138, 0.06058305569459181, 0.011808473812396778], [0.08592475457486477, 0.024741481683607344, 0.012754783449679096, 0.004991625635485952, 0.859088661799194, 0.012498692857168817], [0.882003020471795, 0.02574127709696313, 0.012011499585264455, 0.004997924937928411, 0.06342530277772752, 0.011820975130321546], [0.03960177030717734, 0.022971760117631364, 0.017143068472063778, 0.004988976050448845, 0.8983995076614077, 0.01689491739127084], [0.9209273823815733, 0.019149140909532146, 0.01567827994264362, 0.004986376950783837, 0.02368077634218692, 0.015578043473280243], [0.022729928149215376, 0.018202027795540924, 0.015546060475004241, 0.004986517887274126, 0.9231467278129448, 0.015388737880020402], [0.9171263468834874, 0.02402382458823913, 0.016176999053937567, 0.004988481378452608, 0.02167728242951891, 0.016007065666364492], [0.07714687617672977, 0.024467696884162497, 0.012601513177220316, 0.004991007717630961, 0.8684428795468251, 0.012350026497431194], [0.2612392416881606, 0.025348592209520626, 0.012649014841118965, 0.004991475996517358, 0.6834311235617858, 0.012340551702896578], [0.6997682066068782, 0.023336726930264125, 0.01178305578801988, 0.004997332927947937, 0.24602641379231663, 0.014088263954573417], [0.12480954952020472, 0.0750294861675745, 0.008425963371715027, 0.01543344653294009, 0.12575210076589263, 0.650549453641673], [0.029769414160393585, 0.023624513098408597, 0.012583142640653936, 0.023159454105589374, 0.8959404211235779, 0.014923054871376636], [0.9337681902585967, 0.014752608451198796, 0.015709496038635785, 0.00499686930538985, 0.015284300976379775, 0.015488534969799126], [0.04420196976919196, 0.04266349143727776, 0.023868245823474653, 0.02255027142288568, 0.8565484606881854, 0.01016756085898461], [0.8970940934107937, 0.03741247386140208, 0.021948313670230517, 0.007543826296387205, 0.031012997056340724, 0.004988295704845896]], [[0.8624734349811154, 0.049767407205365904, 0.031099524974121866, 0.009780769218507528, 0.0418874215999324, 0.004991442020957136], [0.8851325878885263, 0.024380008399263544, 0.015958828619904688, 0.011956511050579922, 0.04350205560284883, 0.01907000843887667], [0.6359917093950239, 0.03279951613284113, 0.015074112798606829, 0.005878024054077725, 0.29556284986709963, 0.014693787752350848], [0.39418123639451524, 0.047622918215535916, 0.01642747742203163, 0.03792647588980611, 0.4879248360052315, 0.015917056072879653], [0.8818139034685482, 0.03305543030648249, 0.015100493959947607, 0.007121974964063674, 0.04806253139776121, 0.014845665903196928], [0.13647284254263217, 0.03535417694007758, 0.015612637089287349, 0.005137762278421866, 0.7921955243361787, 0.015227056813402402], [0.8742861690313166, 0.0360719742050992, 0.01736933720177749, 0.008028336615109306, 0.047144608481393804, 0.017099574465303635], [0.8802980666385122, 0.03595125465369898, 0.01737400737300215, 0.007897671050745141, 0.04138027843535537, 0.017098721848686032], [0.9136519919071785, 0.02652506739746266, 0.017937463660938742, 0.004990359725200475, 0.019148874622902524, 0.017746242686317183], [0.920241650220751, 0.026773907966210726, 0.017950011809365063, 0.004990362230372598, 0.012296934975321226, 0.01774713279797939], [0.8725101430906275, 0.029732763603925093, 0.0147074700488714, 0.005522163010805683, 0.06303754159679098, 0.014489918648979378], [0.0788082049230692, 0.029237447885481747, 0.015382097407796058, 0.00499526514432348, 0.8565010828455275, 0.015075901793801963], [0.08894952904676622, 0.02920135687287416, 0.015549873250198352, 0.004994891700974095, 0.8460511205483986, 0.015253228580788378], [0.03165123787384349, 0.025669121268123728, 0.018789092554569925, 0.0049906414801015675, 0.9003943641700077, 0.018505542653353527], [0.021627101881063465, 0.020792013351623593, 0.01742427364839789, 0.004988122879226311, 0.9179390348087049, 0.01722945343098387], [0.9160700868676935, 0.02479385342841164, 0.019635973456447523, 0.004989911784005681, 0.015026220958597467, 0.01948395350484429], [0.9130753242028795, 0.02444269273792422, 0.019607258973633242, 0.004989960492001837, 0.01841850569087627, 0.019466257902684882], [0.02620812470977839, 0.02323058040779956, 0.01957330147878057, 0.004989646827108629, 0.906645588147376, 0.019352758429157034], [0.913603016168379, 0.023589772701090198, 0.0195540218129012, 0.004988981228669306, 0.018839281311693948, 0.01942492677726637], [0.020874664878163855, 0.022196438997451554, 0.019365525071879445, 0.004989069895459415, 0.9134118149971816, 0.01916248615986412], [0.9135040309985984, 0.02364974817286012, 0.019567319163509858, 0.004988980338555631, 0.01885323686032846, 0.019436684466147474], [0.9181996168955603, 0.02128973868345591, 0.019517594977010586, 0.004989098826234142, 0.016633205127997312, 0.019370745489741766], [0.9191988529315731, 0.02054967753029181, 0.019436983780681046, 0.004988859596252578, 0.016511785359630392, 0.019313840801571208], [0.9161586434770322, 0.024724848423557048, 0.019650664632442475, 0.004989874041110602, 0.014980679465196435, 0.019495289960661157], [0.904859603604364, 0.03129623019108332, 0.020368286294126955, 0.004992381316974734, 0.01834069813909811, 0.020142800454352763], [0.034494894003876786, 0.02391352801849812, 0.01734332910026961, 0.004989524271779165, 0.902165502544636, 0.017093222060940362], [0.03329418596794508, 0.02629114423125324, 0.01760838097746108, 0.004989916331057692, 0.9004605477233878, 0.017355824768895106], [0.029428506959198467, 0.023395449240705746, 0.016986828067275292, 0.004989396734078349, 0.9084835903391861, 0.016716228659555975], [0.9146019546734325, 0.025504498146279513, 0.016344326195040653, 0.004989074532001446, 0.022409102464791643, 0.016151043988454107], [0.022973937896182885, 0.018479320187337268, 0.015588629856555632, 0.004986628890661223, 0.9225591813408976, 0.015412301828365301], [0.9235711190629746, 0.019763109945563937, 0.015740248122786637, 0.004986607973472822, 0.020316343874474296, 0.01562257102072772], [0.04148286260484271, 0.02275044807691333, 0.0172426974209417, 0.004988875167085891, 0.8965428739776292, 0.016992242752587133], [0.9207038770127041, 0.024000561307867603, 0.016165946779254876, 0.004988471133634021, 0.018144303817938325, 0.015996839948601103], [0.9199742395892045, 0.027047606737907525, 0.016275947350937084, 0.004989938773116525, 0.015619241425584114, 0.01609302612325012], [0.034666033018505085, 0.020405166404175237, 0.016769902627892592, 0.004988244593124132, 0.9041264704598209, 0.019044182896482163], [0.12865428608325546, 0.07272753549362292, 0.008411453713800754, 0.015393859532031928, 0.12426341164046378, 0.6505494535368251], [0.9292001973624013, 0.016850975871782477, 0.015627593309281543, 0.004997837596614765, 0.012640569271613519, 0.020682826588306467], [0.9409118328361681, 0.014143656147129875, 0.015606515979679755, 0.004996324620882812, 0.008832070363929755, 0.015509600052209738], [0.9186131755347107, 0.013859985000111687, 0.010393734709222, 0.012754144884161935, 0.028064555958891842, 0.016314403912901936], [0.8970940934107937, 0.03741247386140208, 0.021948313670230517, 0.007543826296387205, 0.031012997056340724, 0.004988295704845896]], [[0.8607948584928742, 0.04902211423107409, 0.03440499263160225, 0.009703114442540114, 0.04108347818088887, 0.004991442021020521], [0.040285576167695854, 0.021472894638905567, 0.01577979988756857, 0.01756529578883614, 0.8855338794792085, 0.01936255403778544], [0.863857855047799, 0.033278440239459625, 0.015157738027359898, 0.0058672812489287745, 0.06708401631594071, 0.014754669120512187], [0.768749493738836, 0.0361313977632984, 0.017411966392252547, 0.00801839387343002, 0.15258607212876993, 0.017102676103412998], [0.8922863740348729, 0.031386211666598725, 0.014957470353452297, 0.0070526237160847246, 0.0396051654359003, 0.01471215479309112], [0.3572553603488284, 0.024695711546069168, 0.009232752333655092, 0.04460149560420516, 0.5552390361444136, 0.008975644022828567], [0.9092017502905408, 0.02599473869364957, 0.012949834317702733, 0.00600820791512049, 0.033070594089763906, 0.0127748746932226], [0.9321122875208473, 0.02244425661914964, 0.01303471698582005, 0.007176982873145014, 0.012349912916046053, 0.012881843084991991], [0.030086121534168203, 0.019329326785182833, 0.013960756376808985, 0.004986985704684208, 0.9178717076773174, 0.013765101921838246], [0.932242777197601, 0.019827334721217154, 0.013464922291764122, 0.0049864708810882, 0.016155197119027277, 0.013323297789302224], [0.9373448042379353, 0.02064810412999226, 0.013552533459250032, 0.0049865884631381426, 0.010060736847903791, 0.013407232861780386], [0.9287057982576113, 0.02360601496470668, 0.013682890868791046, 0.004988151285982761, 0.01547771127524502, 0.013539433347663181], [0.9329786763285488, 0.020561436581617732, 0.013013341342728385, 0.006459360887155299, 0.014114949324913707, 0.012872235535036127], [0.9325580078880956, 0.02063656759241325, 0.013027654530666271, 0.006466524435010938, 0.014437443354958716, 0.01287380219885527], [0.9315570869347245, 0.023486488172554002, 0.013665480433269126, 0.004988121903853625, 0.012776094264616194, 0.013526728290982584], [0.9253675794742907, 0.022511533105529936, 0.014779930968787275, 0.004987749228451717, 0.017727222383517264, 0.014625984839423133], [0.031023345964529717, 0.021400855521409492, 0.014595259955016891, 0.00983150545049085, 0.9087938069197382, 0.014355226188814924], [0.9269930511935955, 0.02188173982113451, 0.014697429016443242, 0.004987712685265935, 0.016907322038877525, 0.014532745244683176], [0.9279630840417256, 0.02497650871861981, 0.014837505975334241, 0.0049888210664555555, 0.01255077735051156, 0.014683302847353379], [0.019993123886104438, 0.019364994237063348, 0.0148286549084141, 0.004986781439838363, 0.9262307435929817, 0.01459570193559796], [0.9172923724661701, 0.02561210111828518, 0.017900455882114193, 0.004989835903818415, 0.016452440002556704, 0.017752794627055243], [0.9288499709806246, 0.0201073575233537, 0.01720947832220589, 0.004987706547107819, 0.009632332559756915, 0.019213154066950937], [0.9323282151833693, 0.019338853758294267, 0.017152983609559865, 0.004987786870720063, 0.009121536597658634, 0.01707062398039781], [0.9215228413943546, 0.026435895067128668, 0.017923488722845816, 0.004990282682711584, 0.01140856615148297, 0.017718925981476452], [0.9168754391246257, 0.026700721782081927, 0.017950515768103328, 0.004990336076505133, 0.015730803687869926, 0.017752183560814015], [0.0341801911737069, 0.02191259759327812, 0.014707677382565497, 0.004987250444515202, 0.909724411317473, 0.014487872088461327], [0.9263738271516413, 0.021191175843930602, 0.013599396723478338, 0.0049867615283103305, 0.02039719491706029, 0.01345164383557922], [0.034740527392706895, 0.020321992181340294, 0.0145767265898437, 0.004987232431675879, 0.9110245812343841, 0.014348940170049047], [0.9346607588409536, 0.018014134876008107, 0.013283748434396116, 0.004985431907234082, 0.015879767532509817, 0.013176158408898282], [0.9419828186016314, 0.01453239514162045, 0.013048945065494944, 0.004984641826652015, 0.012498242426859976, 0.012952956937741181], [0.9404959697026769, 0.01654327804840737, 0.013127829669468703, 0.00498472607093074, 0.01181515260797393, 0.013033043900542515], [0.9377388450985827, 0.016106847069668254, 0.013091031287315444, 0.004984535790679079, 0.015079668775960923, 0.012999071977793394], [0.9467954604150766, 0.015203459759852395, 0.012970725057317155, 0.004984332815111132, 0.0071671554482840094, 0.012878866504358842], [0.9471738774707198, 0.015025671989698694, 0.01296225785366491, 0.004984177447817024, 0.006998238202892399, 0.012855777035207175], [0.9412261829896021, 0.014511923123679746, 0.012878301420712474, 0.004984259719473758, 0.01093442605689027, 0.015464906689641544], [0.09959103150608824, 0.05927113546629927, 0.007057850834526195, 0.012728194030519795, 0.11443934325817325, 0.7069124449043933], [0.1041146384221494, 0.059036951124083456, 0.007059985267091047, 0.012728319228005058, 0.11014766101690081, 0.7069124449417703], [0.94335538396906, 0.012973695528542146, 0.014140672109580407, 0.004994527070770466, 0.007843368793268848, 0.016692352528777963], [0.9308195605191673, 0.012428828462929198, 0.009412524162528694, 0.01156109266682116, 0.020951073056010013, 0.014826921132543861], [0.9188471866884586, 0.029223428844956413, 0.017498064065187308, 0.006107373591767603, 0.023337780229480964, 0.00498616658014929]], [[0.8578304053120068, 0.04826348834389109, 0.03872075935340704, 0.009641104824596116, 0.04055280014515756, 0.004991442020941287], [0.8727783999721446, 0.022120276824378223, 0.016109939016475533, 0.010795061540416226, 0.05929438540979879, 0.01890193723678669], [0.043497611349488964, 0.024116124871793553, 0.01303301810140695, 0.019318436712256044, 0.8803242061640186, 0.0197106028010359], [0.9089311801785458, 0.031103428415760262, 0.0174692935795919, 0.009791428565775336, 0.015471516042664874, 0.017233153217661844], [0.8846580655247319, 0.03421867337701537, 0.017203633508524344, 0.007810172105091093, 0.03913424512997103, 0.01697521035466637], [0.9176194706126062, 0.026111003119372235, 0.013326194122753507, 0.013455677492144637, 0.01631948975970196, 0.013168164893421517], [0.9340551772952099, 0.02511539967977842, 0.012983020015276483, 0.006743317673674988, 0.00826338994170379, 0.012839695394356329], [0.9395453727746104, 0.019644928701419616, 0.013430216436621605, 0.004986587412228425, 0.009102132217847295, 0.013290762457272658], [0.9320337862486032, 0.01949828854583321, 0.013431831977366686, 0.004986198041688099, 0.016730301988972372, 0.013319593197536466], [0.01914402817123058, 0.0163017102308013, 0.013129121851442193, 0.004985256627669829, 0.933459456299891, 0.01298042681896514], [0.9367351142255936, 0.01662396657266346, 0.013130919235876724, 0.004984823873484522, 0.015485598570094855, 0.013039577522286927], [0.022843506087638424, 0.01577143440081971, 0.01310381130138301, 0.004984993933286879, 0.9303445067578741, 0.012951747518997955], [0.935771683414529, 0.019773482297493608, 0.013430037168331051, 0.004986547224718623, 0.01275421459417486, 0.0132840353007528], [0.9266381181219828, 0.017050610298136745, 0.00857287741982622, 0.004991166414922159, 0.03429338008253606, 0.008453847662596157], [0.7845549311426431, 0.017484390532561938, 0.0085817625122109, 0.004991283394336309, 0.17593294011442387, 0.008454692303823877], [0.04505670250731947, 0.019311589267581798, 0.01025453533868292, 0.004988193709091567, 0.9103548519590836, 0.010034127218240601], [0.9250093880482539, 0.021941147581643474, 0.01410718814427098, 0.007057037235893175, 0.017966504557553286, 0.01391873443238516], [0.9136226893902731, 0.020734178683526675, 0.010053144651579016, 0.0049940284582073195, 0.04072986816274056, 0.009866090653673283], [0.9081986237634541, 0.021037316258703913, 0.010027180728541583, 0.004994997980060086, 0.04589259629155918, 0.009849284977681136], [0.047060785466722606, 0.018217559278497136, 0.01024039144463137, 0.004987889761032272, 0.9094407038416461, 0.010052670207470525], [0.912417779117723, 0.024939959612159966, 0.017986923178265536, 0.006211938277665299, 0.016362470415790954, 0.022080929398395132], [0.15912709891286006, 0.08697972274675582, 0.010414200381867468, 0.01884614784784594, 0.1572858876511268, 0.567346942459544], [0.8444818379348643, 0.04380635151027873, 0.013166764366222996, 0.03337852211602134, 0.04993778039194888, 0.015228743680663799], [0.921169177103564, 0.02528695512524797, 0.018064444799724477, 0.006286638995589951, 0.011301742925065217, 0.017891041050808458], [0.8756462188770211, 0.029204106823965043, 0.014649394018814906, 0.005508878721202744, 0.06053153375808062, 0.014459867800915596], [0.6468500310670005, 0.017573483902848575, 0.008592308794132808, 0.0049914327984889205, 0.31351993885513557, 0.008472804582393686], [0.9232854025917842, 0.01743695969911981, 0.008593413780250254, 0.004991236291420962, 0.03721952236617858, 0.008473465271246247], [0.9318001433737226, 0.02016803639273759, 0.01347303537054468, 0.004986580440849736, 0.016255107928393964, 0.013317096493751223], [0.02282378907969584, 0.015519701377900956, 0.013064935578880981, 0.00498493637612112, 0.9306731056900476, 0.012933531897353523], [0.9391041013377494, 0.015520553917171206, 0.012996113576102506, 0.004984539899220452, 0.014489178283959868, 0.012905512985796657], [0.018574887124215105, 0.014997343788897109, 0.012981898989849798, 0.004984592572959638, 0.9356124323298087, 0.012848845194269522], [0.017904792935733577, 0.014867092318543822, 0.012921970400590033, 0.004984518601582304, 0.9365247931489576, 0.012796832594592685], [0.9402366880357752, 0.014848715028519914, 0.012927060746125615, 0.0049842182929750725, 0.014158005409183055, 0.012845312487420945], [0.9472472095250857, 0.01494835266954754, 0.012943826490752808, 0.004984180158372955, 0.007031961552615076, 0.012844469603625813], [0.9509059968985636, 0.011342524938410611, 0.012701638471059097, 0.004983538567668781, 0.007415422639159573, 0.01265087848513818], [0.9396316859807269, 0.012508712274143734, 0.014085404484578666, 0.004994786807947074, 0.01208361697764497, 0.016695793474958684], [0.9433590999911652, 0.012346773706555176, 0.014089278467983414, 0.0049943380270101685, 0.008511201825173294, 0.016699307982112714], [0.9466106430909942, 0.012697389830322429, 0.014149075018746193, 0.004994464885870133, 0.007509196274008493, 0.014039230900058541], [0.9085866373336478, 0.017149234536809235, 0.01230983083816728, 0.01851783488461762, 0.03299459676665373, 0.010441865640104256], [0.9199607467584907, 0.02937230095518396, 0.01609940866692173, 0.006118116037143303, 0.023463261002354987, 0.0049861665799054026]], [[0.8653452485062527, 0.044864805812274, 0.03891528516363793, 0.009296154118416822, 0.03658706438090068, 0.004991442018517917], [0.8579425308223866, 0.053650111344134006, 0.029343421965173627, 0.010116067717128373, 0.04395642613039241, 0.004991442020785084], [0.0336872134178263, 0.023757959447383646, 0.014840562351841917, 0.018982487709476657, 0.8893393104345882, 0.019392466638883298], [0.9097581009292065, 0.028694041136682773, 0.017487097568392153, 0.00883035157068341, 0.01800444901012058, 0.0172259597849146], [0.9082062508370186, 0.03020902944237658, 0.017834876213874983, 0.012882988490557332, 0.013219549595749173, 0.017647305420423216], [0.9313329541217067, 0.02252317027770804, 0.013396851703846548, 0.009704292857437381, 0.00977804203829431, 0.013264689001007121], [0.9329713814356702, 0.01986021188036195, 0.013321393821180612, 0.008607655579178457, 0.01205603318921089, 0.01318332409439806], [0.9358875214795795, 0.01974247362182613, 0.013451020472705074, 0.004986565200496415, 0.012627184650681954, 0.013305234574710868], [0.9368940041246206, 0.018738146594334638, 0.01334915141735075, 0.004985799247648593, 0.01279541278858224, 0.013237485827463107], [0.01858291736444413, 0.015818010574569566, 0.01305654308808253, 0.004984973962220432, 0.9346473324936302, 0.012910222517053056], [0.9359160510903395, 0.017160500169669288, 0.013183574036311884, 0.004985095564530155, 0.01566251995167044, 0.013092259187478557], [0.939175373710243, 0.01769769879737969, 0.013219886735099752, 0.004985568396803231, 0.011811466504384978, 0.013110005856089473], [0.937649630912763, 0.022125478993258, 0.013494984000129636, 0.004987766421860463, 0.008374591935286491, 0.013367547736702531], [0.7903915159775037, 0.01706457296232639, 0.008543415356448314, 0.004991157430350372, 0.17057930472568633, 0.008430033547684962], [0.6303001410190001, 0.0680374718761285, 0.00966672550671654, 0.010230475949508409, 0.2724039997845074, 0.009361185864139084], [0.7480997869257517, 0.019238778565486055, 0.009853532734665034, 0.004993686620603443, 0.20806512620691547, 0.009749088946578404], [0.9194927126042165, 0.025137668353225538, 0.014627854269527901, 0.010683452749695677, 0.012925721766732793, 0.017132590256601674], [0.9143236305492912, 0.01912569738867305, 0.00986375616951025, 0.004994536561217829, 0.04194537095118138, 0.009747008380126277], [0.32389039182097745, 0.06886347659934172, 0.006674083727763018, 0.05569351407532097, 0.5357070841194862, 0.009171449657110661], [0.9159723694759685, 0.027637274933126343, 0.014097032520743399, 0.0075753150359644614, 0.015977291979782877, 0.018740716054414474], [0.15931602270716985, 0.09072531869185291, 0.010422813916450606, 0.019059875435044223, 0.15312902670398226, 0.5673469425455002], [0.9253016289349504, 0.019975105617955312, 0.017443911188188437, 0.005358678014674755, 0.010323136560582978, 0.02159753968364817], [0.8470048801780036, 0.04376662789592212, 0.013181139241100925, 0.03346373695197505, 0.04945393169120279, 0.013129684041795566], [0.9179289580679959, 0.02916111476720055, 0.01819095887295742, 0.007226810318280856, 0.009474462099977784, 0.018017695873587453], [0.9076165199364405, 0.03520345293289477, 0.017428723601796987, 0.009113746845022284, 0.013434991386938766, 0.017202565296906593], [0.34779318132423287, 0.10279004809269318, 0.010134294458717157, 0.01644787915032209, 0.5129668790124065, 0.009867717961628348], [0.6504942453895262, 0.017569953419369757, 0.008568837159707465, 0.004991403307625936, 0.3099272825850612, 0.008448278138709575], [0.9360637453983579, 0.022939008758979