{"prediction": [[[0.8842144749344415, 0.03570514043361385, 0.031545410847593304, 0.009999953891010839, 0.0285350660023296, 0.009999953891010839], [0.8767346513410311, 0.03922180919864446, 0.03366679687221667, 0.009999955511769777, 0.030376831564568166, 0.009999955511769777], [0.8766798046343438, 0.04024843370101663, 0.03199651768787916, 0.009999955917401753, 0.031075332141956975, 0.009999955917401753], [0.8720888315073109, 0.04546527782282566, 0.02984392434995559, 0.009999957984898705, 0.03260205035011059, 0.009999957984898705], [0.8634446309964828, 0.0522951524434455, 0.03192665346976528, 0.009999965525555038, 0.03233363203919645, 0.009999965525555038], [0.8618699739833985, 0.05187385617927153, 0.03396121639979994, 0.009999960219959036, 0.03229503299761204, 0.009999960219959036], [0.8581502156472285, 0.049381679681465576, 0.040091227264807024, 0.009999959607521676, 0.032376958191455606, 0.009999959607521676], [0.8611968982228201, 0.05046487048117198, 0.03593688346143104, 0.00999995995858162, 0.03240142791741363, 0.00999995995858162], [0.8690651119742004, 0.04798458799093838, 0.03067153091852923, 0.009999958907202742, 0.032278851301926474, 0.009999958907202742], [0.88146516332831, 0.04262723747727848, 0.024305139708001737, 0.009999956766424024, 0.03160254595356179, 0.009999956766424024], [0.8814849332953593, 0.04165299163095874, 0.02383321165176929, 0.009999960952220647, 0.033028941517471454, 0.009999960952220647], [0.8807073156305321, 0.04104601142185316, 0.02533175394606767, 0.009999960820720305, 0.03291499736010639, 0.009999960820720305], [0.8896322179460904, 0.03811219977173481, 0.02178483643107862, 0.009999954877075981, 0.030470836096944162, 0.009999954877075981], [0.8885974858603577, 0.037876003136451, 0.023075225425610156, 0.009999954823439785, 0.03045137593070169, 0.009999954823439785], [0.8892627705395221, 0.039442191542272236, 0.02106480278932782, 0.009999955191674558, 0.0302303247455289, 0.009999955191674558], [0.8591694591055936, 0.0500960029176606, 0.029582765945291856, 0.01102700423349617, 0.040124776809870366, 0.009999990988087496], [0.8606457473525356, 0.05015898891428832, 0.02817298773853733, 0.01102007359519543, 0.04000221141135589, 0.009999990988087492], [0.8609629276280722, 0.04966832542871361, 0.028684133569500895, 0.010971530845896041, 0.039713091539729836, 0.009999990988087492], [0.863053828431817, 0.04962127516598143, 0.026713117278678616, 0.010930851582378035, 0.03968093655305747, 0.009999990988087487], [0.8615388385251462, 0.050791530856135, 0.026463625008266434, 0.011053191027868631, 0.04015282359449611, 0.00999999098808749], [0.8686317772246873, 0.044911687185737764, 0.02901481876332813, 0.010537555926298653, 0.03690416991186066, 0.009999990988087477], [0.8529559721584328, 0.05415217857539903, 0.030374734412295216, 0.011439514767307295, 0.04107760909847826, 0.009999990988087504], [0.8531185936744793, 0.05388420159274288, 0.03065549546786229, 0.011413630581179734, 0.04092808769564836, 0.009999990988087508], [0.8503131411461686, 0.05278383436594047, 0.03504063783446586, 0.011320011470153936, 0.04054238419518366, 0.00999999098808751], [0.8530179674279191, 0.046783641339299575, 0.042397713123294684, 0.010798116958890594, 0.03700257016250857, 0.009999990988087503], [0.8538955471612589, 0.04658379498393556, 0.04199052829058894, 0.010749842313588455, 0.03678029626254077, 0.009999990988087501], [0.8526180062921199, 0.04681717450921483, 0.04291973419056243, 0.010791121443225214, 0.03685397257679008, 0.009999990988087501], [0.8511184686826417, 0.0469903182473143, 0.04374083937203321, 0.01084725300960768, 0.037303129700315574, 0.009999990988087503], [0.848900366093343, 0.04787805902977788, 0.042931802503970995, 0.01085945141645247, 0.03943032996836821, 0.009999990988087508], [0.8529774734655898, 0.0512406966089736, 0.03513358077948854, 0.011097675669410487, 0.03955058248845016, 0.009999990988087508], [0.8569269857870823, 0.05186193767330299, 0.03017892983490531, 0.011138559212722832, 0.039893596503899176, 0.009999990988087501], [0.854439268237186, 0.05095081620174438, 0.032832652187457484, 0.011135328735912496, 0.040641943649612246, 0.009999990988087503], [0.8559310795073544, 0.051288619533849035, 0.030940290283490435, 0.011156368120555968, 0.040683651566662746, 0.009999990988087501], [0.8579798145458956, 0.0507774957328117, 0.02983414729150012, 0.011101471255756463, 0.04030708018594876, 0.0099999909880875], [0.8537496067890605, 0.04977908690823191, 0.03681156088797006, 0.010950020957180376, 0.038709733469469654, 0.009999990988087504], [0.8531995358907013, 0.047562756094449876, 0.03940446371655243, 0.0107955104109361, 0.03903774289927289, 0.009999990988087504], [0.8531995358907013, 0.047562756094449876, 0.03940446371655243, 0.0107955104109361, 0.03903774289927289, 0.009999990988087504], [0.8648912438830881, 0.04161758020762326, 0.0376763714257752, 0.010225623888714055, 0.03558918960671203, 0.009999990988087484], [0.8665363789574785, 0.04082524780130969, 0.03738865284426307, 0.010144850552728806, 0.035104878856132324, 0.009999990988087477], [0.8645870495549541, 0.04231133349548367, 0.03837793701986864, 0.01025403198190712, 0.03446965695969901, 0.009999990988087478]], [[0.8843498619718336, 0.03517108989169288, 0.031146350835045182, 0.009999953868511005, 0.029332789564406308, 0.009999953868511005], [0.3026385695191501, 0.14346750865857974, 0.04131105720813927, 0.022020847136085816, 0.48008893341828124, 0.010473084059763835], [0.4783280824243915, 0.02678459642877871, 0.34576822952577735, 0.023854228050298656, 0.11201695513714582, 0.013247908433607848], [0.6801980755162468, 0.028955007351237055, 0.13880001377826456, 0.024726550624153982, 0.11428465729518313, 0.01303569543491455], [0.41892839019178874, 0.08576691360714175, 0.06511817501178249, 0.022467751168081567, 0.39771877466460226, 0.009999995356603182], [0.14333211431107828, 0.362357149737527, 0.0719622806716646, 0.02984950582670602, 0.3824989532258023, 0.009999996227221966], [0.43055408540341966, 0.373638344750642, 0.09560782461653178, 0.029951052907820557, 0.06024869736671435, 0.00999999495487164], [0.47020449839273976, 0.07751489235996106, 0.3448154370319921, 0.03993576719357905, 0.05592557109094051, 0.011603833930787478], [0.19513123319725922, 0.35528932631608673, 0.04159397692052108, 0.020911129980669036, 0.37707433760698916, 0.00999999597847494], [0.7148882214796927, 0.04880437694229013, 0.041610012989773786, 0.03654108811634704, 0.14282956124212573, 0.015326739229770701], [0.5198739928046631, 0.04645178581703228, 0.0396192781499228, 0.25038701799568297, 0.1279275983565983, 0.015740326876100694], [0.734614573454689, 0.04556891851412932, 0.03975411099811076, 0.03552546369375285, 0.12879801628433382, 0.01573891705498434], [0.5104269397818306, 0.04748302819515313, 0.038463160835456055, 0.03411629484244482, 0.35398271121645686, 0.01552786512865852], [0.04648525344575471, 0.39789842652235524, 0.035846784785400244, 0.027148280789267173, 0.48014241232008065, 0.012478842137142041], [0.7138438360259172, 0.027588491412190073, 0.10486177455873334, 0.02215188420606772, 0.11790170994658998, 0.013652303850501618], [0.06368660961446489, 0.21808992739929245, 0.04340097279203661, 0.03608332772853755, 0.6222962111044164, 0.01644295136125218], [0.6553658806510745, 0.04713509805294651, 0.0377475646140092, 0.042569573105233516, 0.1971950459373524, 0.01998683763938381], [0.65629387497429, 0.04671884033803582, 0.037701319923722776, 0.04242065164726353, 0.19687610406130057, 0.01998920905538735], [0.11374745372063465, 0.1703100448331082, 0.04279503478331552, 0.0290309570402722, 0.6302513260408162, 0.01386518358185315], [0.6556718204089812, 0.04682907224532906, 0.038014336317814736, 0.04248639765339429, 0.1970287361033427, 0.019969637271137968], [0.6788172999618699, 0.025373639107268902, 0.10932773186248167, 0.02824435317351425, 0.13991377840015454, 0.018323197494710772], [0.6410697103704581, 0.032428226951628635, 0.14302950504267145, 0.028893557160655756, 0.13673959651809112, 0.017839403956494942], [0.10057458805977301, 0.24852926143926632, 0.055552383915031145, 0.03636935386256837, 0.5435763558517868, 0.015398056871574368], [0.5982317867436444, 0.03611030310090524, 0.17113827752465058, 0.03150545077717558, 0.14586570096133833, 0.0171484808922858], [0.6300562701917747, 0.08019909331879599, 0.06473023652016714, 0.05757441786140472, 0.147137493922703, 0.020302488185154656], [0.8350517753769608, 0.05410870764550085, 0.04926163078180734, 0.011599285228622391, 0.03997860997902112, 0.009999990988087534], [0.8331940900619631, 0.05443847381229337, 0.05065057876258482, 0.011651097608315647, 0.040065768766755674, 0.009999990988087541], [0.8387863975715835, 0.05203894984946587, 0.04535693594682492, 0.011355428999556575, 0.042462296644481694, 0.009999990988087534], [0.6387873404268838, 0.029305966749063973, 0.11664047343458973, 0.02863182758426476, 0.16901290940524005, 0.01762148239995773], [0.04998837663327541, 0.2380458248646175, 0.04667728636561341, 0.03634172902884566, 0.6127391132213571, 0.01620766988629086], [0.05176371056914317, 0.24591819913661364, 0.04412830198675285, 0.03586783255642709, 0.6062465009427229, 0.01607545480834046], [0.6371928766961182, 0.03264021209962629, 0.1459354363712834, 0.029020045517155448, 0.13743244228135792, 0.017778987034458633], [0.638448330262209, 0.03220194764699309, 0.14544958690186074, 0.028896514362606485, 0.13722339856701543, 0.017780222259315193], [0.11325753978487356, 0.1949554204920338, 0.050231167722575604, 0.029103637016149254, 0.599011492647195, 0.013440742337172748], [0.626563289425861, 0.05134350640868266, 0.0397481298670537, 0.04269794788163204, 0.22018219244340925, 0.0194649339733612], [0.1117292085492137, 0.1667205067484202, 0.04387582365996332, 0.02859407291213259, 0.6351927293090033, 0.0138876588212669], [0.8547091769434217, 0.046771357684650766, 0.036946022677664316, 0.010769149878072388, 0.040804301828103524, 0.00999999098808751], [0.6715371115023666, 0.04297574793244308, 0.0353523859332469, 0.04045548341034629, 0.1895502946947068, 0.020128976526890358], [0.8468320611973851, 0.04214029957873523, 0.03509971333996668, 0.011517439926751196, 0.05375194566636264, 0.01065854029079916], [0.8559655683266357, 0.04514291119748689, 0.040507790430812804, 0.010550325474130063, 0.03783341358284714, 0.0099999909880875]], [[0.8859231407116424, 0.03647530642074225, 0.027606755109088377, 0.009999954287699923, 0.02999488918312721, 0.009999954287699923], [0.727138533539081, 0.024230139263704452, 0.1089301387518915, 0.02184336372547966, 0.10406023272904784, 0.013797591990795504], [0.6258008401692967, 0.05710196262544623, 0.016610152632019547, 0.009999990965837199, 0.27595359386407503, 0.014533459743325332], [0.5421133132957808, 0.31825756423674395, 0.015702300649128018, 0.022490815439261676, 0.08664855174904497, 0.014787454630040662], [0.05886749188928961, 0.1786078041491592, 0.015746384417090295, 0.026393871572030655, 0.7054681759597725, 0.01491627201265762], [0.06291546996526784, 0.18393978311060302, 0.015766952895796653, 0.026662526084967504, 0.6958426264916671, 0.014872641451697925], [0.2603653687508858, 0.42952515672813707, 0.011671853783834294, 0.13723322091658133, 0.15057369941044724, 0.010630700410114343], [0.09689565488800095, 0.11187325942646309, 0.017410104863606037, 0.04042169292855918, 0.7179059748901646, 0.015493313003206121], [0.5583496632581517, 0.28783010681391874, 0.014841615422606327, 0.04461515101245514, 0.0798834571927127, 0.0144800063001554], [0.7962649717063458, 0.05409604027003108, 0.014741196432861588, 0.03561172312904137, 0.08481227992997732, 0.01447378853174289], [0.5692685565350235, 0.27505179025379034, 0.014754485237283314, 0.03961202101251804, 0.08688656153495347, 0.014426585426431418], [0.7704803211609651, 0.06590017295722275, 0.014649006115651082, 0.0401241408146946, 0.09455562207588891, 0.014290736875577597], [0.620740911732904, 0.281642739715767, 0.01508430366395012, 0.009999991764879469, 0.057795351491849674, 0.0147367016306498], [0.33954860334719966, 0.1236720638400653, 0.015231426292096752, 0.01060621609907822, 0.4961411600654273, 0.01480053035613262], [0.8380129279764562, 0.059126310626445154, 0.015188973373413718, 0.009999991035850817, 0.06309953611248978, 0.014572260875344401], [0.8258548455767647, 0.059730152277795434, 0.019097861875910147, 0.009999991498333449, 0.06656681357130052, 0.018750335199895735], [0.8347496146553424, 0.05512258193430785, 0.019018244475461032, 0.009999991311410104, 0.06236161395193438, 0.018747953671544262], [0.8330857634352054, 0.048209269769964216, 0.018884436559368226, 0.009999991433154559, 0.07119636778716046, 0.018624171015147094], [0.7569609984444059, 0.059715359638785166, 0.01917347224548994, 0.04164001201501713, 0.10360802703135073, 0.01890213062495118], [0.8416664385446312, 0.04398918995739507, 0.018822288439458407, 0.009999991208181711, 0.06694124118382645, 0.018580850666507297], [0.8412399215161435, 0.04432680111006454, 0.01911379929000265, 0.009999991031531277, 0.06674484157056128, 0.018574645481696715], [0.820099340839913, 0.05828475240178704, 0.01938420080313379, 0.009999991344143382, 0.07350678771103603, 0.01872492689998688], [0.12076388593915577, 0.15596455858893013, 0.020227725891100883, 0.013447430058546012, 0.6699435328762726, 0.019652866645994665], [0.6932403702609814, 0.1315907061830209, 0.0210105321571821, 0.028989101941099236, 0.10600578867817953, 0.019163500779536793], [0.738636676132453, 0.07886263081229289, 0.05765682283138509, 0.05096374020603514, 0.05643291198830934, 0.017447218029524623], [0.6465464742655861, 0.13221190673331598, 0.09438217346883002, 0.041847643977280385, 0.07251603150921838, 0.012495770045769178], [0.8319485021910896, 0.06178042837968842, 0.042437502427208056, 0.012323427520867779, 0.041510148493058646, 0.00999999098808754], [0.6283857633477492, 0.033157396058650646, 0.1523496637613155, 0.029563982142730285, 0.13897021537054885, 0.017572979319005633], [0.055329122820964305, 0.248784646048811, 0.04973191675583881, 0.03625647087557277, 0.5939368925265796, 0.01596095097223357], [0.12149338573665251, 0.16891207997332505, 0.020209483445300006, 0.014325696268266332, 0.655566531560928, 0.019492823015528085], [0.12277800336903683, 0.1649735858992231, 0.020131435924278962, 0.014193179631538443, 0.6583252037916294, 0.019598591384293318], [0.7895288842844614, 0.0890975786520061, 0.020008540261432218, 0.009999993181586592, 0.07222414206820241, 0.019140861552311254], [0.8020737051734345, 0.07448504123785958, 0.019797788342627225, 0.009999992279255862, 0.0747370824291064, 0.018906390537716564], [0.7987955282003837, 0.07510908535461434, 0.019384431532798254, 0.009999992205946972, 0.07781519673390265, 0.018895765972353967], [0.0752782541317177, 0.1433527259809412, 0.02141043095268525, 0.012915441628623037, 0.7267360229247888, 0.020307124381244074], [0.6440284575125419, 0.03179529249287193, 0.1408776389988676, 0.028361175914933173, 0.13701276883463673, 0.01792466624614859], [0.8499334856110464, 0.05478377887074917, 0.029829534659749125, 0.011530896689635155, 0.043922313180732774, 0.009999990988087518], [0.65671500010294, 0.05579867806702051, 0.04836588818984401, 0.04253580500420879, 0.17630278416530873, 0.02028184447067787], [0.04478464594662269, 0.07059881284103928, 0.024760343472695553, 0.010602025023322885, 0.8379448380940234, 0.011309334622296227], [0.8452156529063708, 0.050443611908030705, 0.043847509654813245, 0.011080642754108685, 0.03941259178858901, 0.009999990988087515]], [[0.8788449958441883, 0.04054652610368275, 0.02752400923437607, 0.009999960667261165, 0.03308454748323063, 0.009999960667261165], [0.7207708611590484, 0.024534128871648464, 0.11264105909075056, 0.022244263104175887, 0.10607766416511266, 0.01373202360926404], [0.09642718301745232, 0.1333531331630338, 0.015858062620808404, 0.010629579821255798, 0.7286311466101658, 0.015100894767283964], [0.07848649428005912, 0.10868350045688994, 0.01582037586297927, 0.04023249897772649, 0.741285970831309, 0.015491159591036198], [0.48896164208130455, 0.2196938569139147, 0.01124109038072427, 0.10974292603674822, 0.15945141436687443, 0.010909070220433751], [0.7113556233996738, 0.14861452080530124, 0.01559324689610156, 0.05029989096656322, 0.05880196466797685, 0.01533475326438344], [0.5026618391939714, 0.35995023493738115, 0.015615019700383558, 0.04987388487521697, 0.05654224891857829, 0.015356772374468551], [0.7775207261413575, 0.092560490657038, 0.015024417053864533, 0.021982591004628696, 0.07811066760992613, 0.014801107533185188], [0.8504627847907964, 0.053442499593517975, 0.014674099338829811, 0.00999999112547454, 0.056899305983700244, 0.014521319167681063], [0.8019191577444287, 0.05087699229641935, 0.014613891009591942, 0.03575620334135847, 0.08232807079572588, 0.014505684812475604], [0.5679385068885466, 0.05928913495576203, 0.014512063760928279, 0.03912202722132938, 0.3047737177142367, 0.014364549459196912], [0.7789094780465603, 0.09036717454320875, 0.015012412976204932, 0.021928680238400063, 0.0789907532286178, 0.014791500967008146], [0.0715243393265306, 0.1694616557851655, 0.015517934937425933, 0.026248026634586707, 0.7020723594322152, 0.015175683884076006], [0.5061554343844685, 0.3566692979426426, 0.01565313808904088, 0.048922664730217724, 0.05718614728946639, 0.01541331756416378], [0.8193217529936958, 0.11251715338404797, 0.015466060977578322, 0.017039607945983387, 0.020368637360156264, 0.015286787338538332], [0.8077818237602163, 0.06956692240535384, 0.019037745042346524, 0.009999992116033045, 0.07478320453792198, 0.018830312138128347], [0.8054949216004555, 0.06986008780368234, 0.019063073194740182, 0.009999992068680304, 0.07672817794662005, 0.0188537473858217], [0.09030861281400353, 0.1420563154268211, 0.0203483776683117, 0.012964471922588676, 0.7141730254079891, 0.020149196760285946], [0.8301110647723277, 0.05464171854088589, 0.018847657086962153, 0.009999991392961077, 0.06767030631324156, 0.018729261893621656], [0.8333341547533174, 0.05483903336369828, 0.018857317162265415, 0.009999991247862394, 0.06424568125354625, 0.018723822219310175], [0.8300249208272112, 0.055754766803167134, 0.018880715190126476, 0.009999991298211025, 0.06660400696362996, 0.01873559891765412], [0.08372962780570178, 0.14601779931827072, 0.020372919745459458, 0.013183630118902738, 0.7165306573484008, 0.020165365663264555], [0.11334670190114846, 0.17788555804769296, 0.020244636630085296, 0.014096824697926351, 0.654931301132189, 0.019494977590957946], [0.6256768309811833, 0.10603623238051536, 0.12296368801605026, 0.054906007540476885, 0.07489797544636902, 0.015519265635405163], [0.43318245181903, 0.09474304291670793, 0.1141108020086794, 0.08350866458331062, 0.2632641015247301, 0.011190937147541888], [0.801153912301122, 0.0860042363056469, 0.03328695471127785, 0.014559749148818758, 0.05499515654504689, 0.009999990988087567], [0.6016597182497111, 0.08525393474744786, 0.06443540843802878, 0.059283643715898546, 0.16967911778362832, 0.01968817706528548], [0.6020270181283279, 0.038678307534579064, 0.15122464803329633, 0.033719228862767125, 0.15695576033566097, 0.017395037105368702], [0.7895886006355958, 0.0782140184392686, 0.019827383746034703, 0.009999992501858847, 0.08348951302888528, 0.018880491648356774], [0.7484473409642918, 0.15647193407868015, 0.020084560884281445, 0.02240457803316366, 0.032791049379856926, 0.01980053665972617], [0.06658913826230725, 0.2206910443061913, 0.019770882552863286, 0.03354541682844572, 0.6400961385694262, 0.01930737948076633], [0.6450922769229177, 0.1823456056251615, 0.020368498407086155, 0.06463510883848286, 0.06754976795568993, 0.020008742250661685], [0.720035999243281, 0.11790808369416803, 0.019550923391675544, 0.02843297781018244, 0.09484753379266733, 0.019224482068025683], [0.8073134233083896, 0.07013855837804552, 0.019063082724911046, 0.00999999228485034, 0.07462682094742719, 0.01885812235637636], [0.7992620292042019, 0.07357255190713442, 0.019682817841831006, 0.009999992332920019, 0.07859251369465838, 0.018890095019254247], [0.6184938530907814, 0.0380007474716279, 0.14133703757294097, 0.03311296953728106, 0.15148356966813634, 0.017571822659232263], [0.8489308428758475, 0.06426204942049443, 0.021531758345599356, 0.01237514981564083, 0.042900208554330424, 0.009999990988087508], [0.8347275724199051, 0.06161811525828523, 0.036412078151065355, 0.012230178623490365, 0.04501206455916632, 0.009999990988087541], [0.6190830693472742, 0.06323401282033649, 0.05868140806900353, 0.04747786294796899, 0.19184960380024738, 0.0196740430151695], [0.8505342641121028, 0.052252018581633364, 0.035707875649604884, 0.011267463995378335, 0.04023838667319313, 0.009999990988087508]], [[0.8861965709792278, 0.03767943604933288, 0.025614654894916274, 0.009999954786723197, 0.03050942850307673, 0.009999954786723197], [0.49499672547364937, 0.026841924495241358, 0.325629502390815, 0.022116553732857692, 0.11686116555840455, 0.013554128349032094], [0.6167762109669601, 0.27665060472725733, 0.01616272594662956, 0.00999999120648942, 0.06584607576044002, 0.014564391392223456], [0.07506565366147903, 0.32549167787410105, 0.01582648884219946, 0.0401346048180081, 0.5279831210082031, 0.015498453796009216], [0.05204566664350184, 0.38538247671805054, 0.015315662314816847, 0.02623360122017131, 0.5060370181377871, 0.014985574965672308], [0.06027637631605091, 0.1712988028521818, 0.01537260640123138, 0.02591740912118808, 0.7121003366904977, 0.01503446861885008], [0.15110727671965962, 0.05338342279575789, 0.013237433369667559, 0.02653613037523563, 0.7427194386922095, 0.013016298047469893], [0.8468750573309688, 0.0537858943684423, 0.014688242956894464, 0.009999990999408981, 0.06012902234122813, 0.014521792003057329], [0.8511601532690006, 0.0526623314479611, 0.014674393228576794, 0.009999990922714787, 0.05698392454755017, 0.01451920658419645], [0.7916646887912598, 0.05253276305667015, 0.014503240861082983, 0.036248654937733576, 0.09065522642898438, 0.014395425924269071], [0.7758232699613988, 0.06888571869372469, 0.014578824196385533, 0.04492076417276405, 0.08135821374013039, 0.014433209235596512], [0.7800300494398964, 0.09179451628270113, 0.015003632404767313, 0.02220333123142516, 0.07619132847305665, 0.014777142168153283], [0.276557128092682, 0.4319574398885774, 0.01127225232196195, 0.11232654973147684, 0.1569349235527599, 0.01095170641254203], [0.5104014426334224, 0.3570027384515762, 0.015669119456315467, 0.04979602489123685, 0.05169817180473726, 0.015432502762711992], [0.06153972185050722, 0.37967090898181305, 0.015352370831058232, 0.02587449680405539, 0.5025655932919737, 0.014996908240592419], [0.7133343427850543, 0.11894379921855532, 0.01944128682148857, 0.0282428478082189, 0.10088132634122175, 0.019156397025461073], [0.7839476761518733, 0.12718215148159823, 0.020164283022212754, 0.019682588154769438, 0.02908646603023569, 0.019936835159310586], [0.8033869995988676, 0.07021474769984093, 0.019047859161706565, 0.009999992176163116, 0.0784914273096908, 0.018858974053730927], [0.12394710325664665, 0.16686793548813783, 0.019784627245045098, 0.013510227254491554, 0.6563539718733334, 0.019536134882345495], [0.8038864713570745, 0.0712463084468794, 0.019079729206378803, 0.009999992145106697, 0.07692283392432095, 0.018864664920239665], [0.7948244384876585, 0.07354617237185344, 0.01905428148144261, 0.009999992072135633, 0.0837344593558292, 0.018840656231080593], [0.8056555503657848, 0.0660051240635203, 0.018941301643340354, 0.009999991720863856, 0.08061534367188608, 0.018782688534604484], [0.7906922932897519, 0.07754666862780427, 0.019427704396863466, 0.00999999228102867, 0.0834762338969243, 0.018857107507627466], [0.5758703085698943, 0.21048724715610811, 0.08698277592818172, 0.04004475173911101, 0.07512420333631237, 0.011490713270392435], [0.7982741067330335, 0.09256979075240153, 0.02661998827990619, 0.014868294845165747, 0.05766782840140561, 0.009999990988087556], [0.6785764959838425, 0.123371508107202, 0.07316918534641884, 0.03977873531621376, 0.07355613591421116, 0.011547939332111713], [0.7766602645172573, 0.07723907490306434, 0.05778634684247706, 0.016151754781229998, 0.061436669626125914, 0.010725889329845329], [0.1298991461849245, 0.06253906809132607, 0.018104387584951795, 0.03516631856764076, 0.7371783801579832, 0.01711269941317362], [0.7095905534133051, 0.1156348071656665, 0.01936114859180172, 0.02825674249265098, 0.10659168002418735, 0.020565068312388208], [0.06100074303661497, 0.20528159769480417, 0.01970250644078311, 0.0331116623498193, 0.6615661056720735, 0.019337384805904974], [0.6303733188518633, 0.18872527013104357, 0.020259580238817118, 0.06520442326710994, 0.07551533046669645, 0.019922077044469532], [0.33854602215223234, 0.27649609732513447, 0.014867652398522804, 0.1202607917726634, 0.23538349541438663, 0.014445940937060232], [0.7133515403397979, 0.11890584112310053, 0.019434865430275762, 0.02885608015155736, 0.10029951720395931, 0.01915215575130908], [0.7054147909688255, 0.09046023531358274, 0.01887115656904549, 0.05855512737470724, 0.10801687213526126, 0.018681817638577892], [0.10713134217640957, 0.08038362883612583, 0.01579951925082514, 0.042250793774176246, 0.7389941929788235, 0.015440522983639708], [0.7433627478723503, 0.08352847240099488, 0.03944765783762605, 0.05224839891395233, 0.06415591777152481, 0.017256805203551488], [0.798588626833895, 0.0908662327106419, 0.026166326177934317, 0.014909973257016207, 0.059468850032425226, 0.009999990988087558], [0.7319211523907436, 0.08061226190714707, 0.05859960503866018, 0.05120972045867251, 0.0602967506907248, 0.017360509514051735], [0.6166798529327225, 0.06389781195563064, 0.05916626379727416, 0.0479005198913702, 0.19266960040366057, 0.0196859510193419], [0.8505342641121028, 0.052252018581633364, 0.035707875649604884, 0.011267463995378335, 0.04023838667319313, 0.009999990988087508]], [[0.8767028791544441, 0.04003938057416627, 0.03230385307429255, 0.009999955834639977, 0.030953975527817163, 0.009999955834639977], [0.04801100049148849, 0.18761620376871133, 0.04117597085531338, 0.0277013196462519, 0.6832530724771406, 0.012242432761094327], [0.07003502580738045, 0.4196660831772598, 0.04355642773822468, 0.029072702534569155, 0.4259586838970847, 0.011711076845481222], [0.8307793639692652, 0.06237365001654427, 0.01520897411626617, 0.009999991301219065, 0.06708479275199031, 0.014553227844714925], [0.32907769611400906, 0.14402690681468938, 0.014980042343009056, 0.011218875979244215, 0.48596758995746386, 0.014728888791584465], [0.6175008329843064, 0.2747235781137013, 0.014710409642598886, 0.009999991061515091, 0.0685106650698085, 0.014554523128069749], [0.6212573834801342, 0.27202531288252124, 0.01467904562495363, 0.009999990986919682, 0.06751681928447191, 0.014521447740999258], [0.8587207379658461, 0.04886219968211992, 0.014609049638605867, 0.009999990568572845, 0.05332525068962803, 0.014482771455227205], [0.8651978603037329, 0.042783898431671186, 0.014530233546847704, 0.009999990393103363, 0.05305618605663086, 0.014431831268013917], [0.04767318652478866, 0.055214093761897794, 0.012081321078147649, 0.0304668486970166, 0.842595331777549, 0.011969218160600427], [0.7743902306515653, 0.060200353422701344, 0.014411334045523331, 0.03944359753885254, 0.09728236023338514, 0.01427212410797243], [0.7870394292438254, 0.0889973957437604, 0.015062117033489864, 0.02185840849875152, 0.07221558973710206, 0.01482705974307068], [0.7323353600375144, 0.13684691209734362, 0.015702341661957386, 0.049264087048503505, 0.05040028652542427, 0.015451012629256779], [0.7273697705676456, 0.139277329158578, 0.015653756272019544, 0.04982729096903704, 0.05245704906274629, 0.015414803969973436], [0.5197782254994774, 0.20440582418371392, 0.011195308144372338, 0.11676612791508517, 0.1369896001892111, 0.010864914068139962], [0.7137169950190563, 0.11981946888824636, 0.0194439459585835, 0.028742110847385195, 0.09912364814129901, 0.01915383114542977], [0.7673654972700796, 0.14390594349450697, 0.020041989339450506, 0.022107976402836137, 0.02677781930461855, 0.019800774188508015], [0.7153345634220495, 0.11891207066765926, 0.019463668842181352, 0.028306644909567174, 0.09879730274011428, 0.01918574941842854], [0.7085748894055374, 0.1212998051412075, 0.01948903353775551, 0.029112216224619823, 0.10234660760364941, 0.01917744808723035], [0.6962314135014809, 0.12514544042386172, 0.019418989753623113, 0.02863579515973114, 0.11144534733566068, 0.019123013825642424], [0.12810436669348735, 0.1599840765348854, 0.019859497755540335, 0.014167772520249254, 0.6582789647162371, 0.01960532177960056], [0.08561715428578258, 0.15459743840983806, 0.020243250812478537, 0.013622088092069193, 0.7059050291088963, 0.020015039290935368], [0.7883649559309146, 0.0774862218490162, 0.01939982513546242, 0.009999992268890683, 0.08588987705944397, 0.018859127756272197], [0.2157920770511087, 0.10713069274724495, 0.07062096952870299, 0.03130112728879482, 0.5636773689805967, 0.011477764403551746], [0.7986092371398024, 0.09284736680394298, 0.02549062913684197, 0.01485262545877942, 0.05820015047254585, 0.009999990988087558], [0.5767681420172537, 0.20095673433221065, 0.10261558800868331, 0.03953171946528161, 0.06864156696403367, 0.011486249212537129], [0.7111092966336137, 0.12201544418757551, 0.018533777615737677, 0.06699982689255464, 0.06392114893470298, 0.01742050573581558], [0.7668104853796779, 0.1419960239872124, 0.02003917348871127, 0.022278859803020818, 0.027623555531563485, 0.021251901809814164], [0.18333599784891588, 0.14724837467876184, 0.01336916393753806, 0.024771655932489586, 0.15751290270167895, 0.4737619049006157], [0.3786671607049003, 0.2691028955528631, 0.014939185275940167, 0.10156426513818516, 0.21973203549786408, 0.015994457830247208], [0.6326522809637636, 0.1887090800173552, 0.020278186862753723, 0.0651839474375022, 0.07324902470183398, 0.019927480016791375], [0.07452956918609083, 0.21522556272258087, 0.01992509694216398, 0.033574806387306554, 0.637337217421263, 0.019407747340594663], [0.7122966897847647, 0.11928503897190741, 0.019480489396287524, 0.02830900568734753, 0.10145206616861198, 0.019176709991080763], [0.8077371221456561, 0.06938067544337341, 0.01905158674957821, 0.009999992466721074, 0.07498182354235028, 0.01884879965232086], [0.7038062108810572, 0.09220679924033207, 0.018995059046934628, 0.059096427333800106, 0.10720790784416279, 0.01868759565371323], [0.7462628842732101, 0.08439455666289084, 0.03663311614397307, 0.05271394760538456, 0.06272197160166872, 0.0172735237128727], [0.37040300195847736, 0.11046089245174154, 0.11467683623912046, 0.10373582687186007, 0.2907234449441993, 0.009999997534601306], [0.6347373031263295, 0.13716259021473817, 0.09043450763928339, 0.042894434255340605, 0.08225714564452553, 0.01251401911978284], [0.08819449503663009, 0.09131449661399826, 0.03371989651575444, 0.011747880484609357, 0.7637449978663667, 0.011278233482641167], [0.8518706254931857, 0.052973028319512346, 0.033405098386906175, 0.011310804382955663, 0.040440452429352645, 0.00999999098808751]], [[0.8631793448631466, 0.04569986096271458, 0.039448252752908634, 0.009999958083750588, 0.03167262525372915, 0.009999958083750588], [0.8613986596257789, 0.051230611100108035, 0.03426875680135572, 0.009999960183822619, 0.033102052105112134, 0.009999960183822619], [0.4574716096219014, 0.036118376862184186, 0.1420809818953179, 0.028427763381834736, 0.32280220134078347, 0.013099066897978236], [0.6923253565851275, 0.033703068487425936, 0.09696675332102431, 0.026562801685630067, 0.13693985809206521, 0.013502161828726968], [0.11185739569297216, 0.3474692923764123, 0.015492756508815361, 0.011320162696507194, 0.4990051010406009, 0.014855291684691983], [0.06081418055346449, 0.11959865402362416, 0.015650193955058046, 0.010685093747917632, 0.7777794153795332, 0.015472462340402405], [0.06144938611708923, 0.11226302719577967, 0.015725086732714975, 0.01020030904653335, 0.7847919563064002, 0.015570234601482633], [0.8569588885195913, 0.04274567079836303, 0.014513496741706391, 0.009999990549387062, 0.06139472312355311, 0.01438723026739914], [0.6517107688806268, 0.04276318285264007, 0.014529839399215665, 0.009999990392653152, 0.26656477863408096, 0.014431439840783326], [0.04718377767581801, 0.0552770219566274, 0.01208092236994588, 0.030379672176070294, 0.8431092000391642, 0.01196940578237427], [0.7748888857958507, 0.05980923523547188, 0.014399849960787314, 0.039230657907956316, 0.09740440441611758, 0.01426696668381629], [0.8546798351874845, 0.05187520914703474, 0.014683204378854807, 0.00999999107306667, 0.054233450871086976, 0.014528309342472269], [0.6675060834673134, 0.14051126050828405, 0.014376123346306353, 0.03036619199202681, 0.13301350399400672, 0.014226836692062534], [0.10815343538441365, 0.101997145473635, 0.010298589393288734, 0.03486554762147131, 0.7345953875234646, 0.010089894603726746], [0.7305853761357178, 0.13668250404313845, 0.015688310394829, 0.049276125926776, 0.05232520194957782, 0.015442481549961027], [0.7134880904548679, 0.11849658567878221, 0.01943890694861368, 0.028417113791068205, 0.10100034753593498, 0.01915895559073287], [0.16052702754950568, 0.067526214129324, 0.0172392138827041, 0.03475906666561009, 0.7029590597305742, 0.01698941804228196], [0.7124958520377376, 0.11795206346133374, 0.0194062591457032, 0.02900102741886149, 0.10200552090182981, 0.019139277034534368], [0.3069607935662839, 0.08141567075393717, 0.01584196406815142, 0.1747779166846714, 0.4056578650836417, 0.015345789843314332], [0.09028120723707574, 0.13941016830391192, 0.0204972158859986, 0.05238366765720809, 0.677340544535793, 0.02008719638001269], [0.12494857959224996, 0.18266021535677227, 0.01948185391540597, 0.014708363716169553, 0.63897549865307, 0.019225488766332215], [0.08714023292567288, 0.1612351885174987, 0.020128735764990805, 0.014229206834250668, 0.697374892328962, 0.019891743628624937], [0.7962196166151126, 0.07385606619659235, 0.01960237917107469, 0.0099999921333594, 0.08146158828770157, 0.01886035759615938], [0.6126996778032515, 0.04811951920140471, 0.14520965828800703, 0.03966618882607636, 0.1364883032736643, 0.017816652607596267], [0.7995213849995839, 0.09498348323501946, 0.023108473338907448, 0.015008097645560792, 0.0573785697928408, 0.009999990988087548], [0.47536948919568134, 0.0968881918991093, 0.11636706438374335, 0.08039554280140093, 0.21979629384673038, 0.0111834178733348], [0.7432712723977932, 0.08334260183113663, 0.040990126304764604, 0.05208684078907771, 0.06302065355990495, 0.017288505117322925], [0.7692032850977224, 0.14201651237469254, 0.02030148467068742, 0.022216852545192473, 0.02647358049728202, 0.019788284814423282], [0.7130832374826503, 0.11507050586972863, 0.019359085719563816, 0.0281538730145585, 0.10375151386570378, 0.020581784047794895], [0.06469667749325433, 0.20562192432256018, 0.019725775251484102, 0.03331259669698649, 0.6558090532217741, 0.020833973013940882], [0.6430981261512112, 0.17685544620223853, 0.02026316385693781, 0.0637047433019368, 0.07605336243219882, 0.0200251580554768], [0.7551814819972908, 0.15151252397697273, 0.020072948960336408, 0.02233210988851803, 0.031077305552736342, 0.019823629624145557], [0.7979196108929922, 0.0727336155637904, 0.019029969859551223, 0.009999992158425997, 0.08148268418169916, 0.018834127343540955], [0.8051729204598558, 0.06979042729480765, 0.01906286170297256, 0.009999992193718612, 0.07712221644644514, 0.018851581902200435], [0.7067277294306606, 0.07990398893034319, 0.018708532610827545, 0.051597694768618814, 0.12456901748886191, 0.01849303677068786], [0.7209131837381386, 0.11799173404531545, 0.01962528640203892, 0.028592472396384152, 0.09366838924497743, 0.01920893417314541], [0.7563297625851355, 0.10657990160923952, 0.01471261953902322, 0.04869149583025008, 0.0596177994620357, 0.01406842097431592], [0.7438203838023371, 0.11562960164150551, 0.015004427154908295, 0.04959831393437149, 0.0618232038649271, 0.014124069601950586], [0.6103680282585823, 0.0657459479545404, 0.06016741405261082, 0.04870231313748267, 0.1954455382000365, 0.019570758396747406], [0.8534306133468096, 0.05335139866769438, 0.03122619451527943, 0.011361947254447826, 0.04062985522768135, 0.009999990988087504]], [[0.8706331815957453, 0.0414362332943039, 0.03860689947362024, 0.009999956667514331, 0.029323772301302013, 0.009999956667514331], [0.8022945996665655, 0.05938469803041198, 0.044102116359415716, 0.03854426878310077, 0.042308596603174486, 0.013365720557331316], [0.8326717834109016, 0.0668386901555091, 0.03768283741514467, 0.011295655675578307, 0.04151104328756399, 0.009999990055302308], [0.09478938631454767, 0.09878998494495536, 0.038512376615295885, 0.030225528898304956, 0.7276827270268136, 0.009999996200082599], [0.07423305463449217, 0.43024878455879134, 0.024873926273257664, 0.03039655559346041, 0.42858499592147936, 0.011662683018519056], [0.05902351077329345, 0.1152438241874024, 0.016073370016390878, 0.01066452242710447, 0.7834698178898853, 0.015524954705923518], [0.06103374458356258, 0.10970660371762708, 0.015764762738607673, 0.010102236715539918, 0.7877839176168591, 0.015608734627803695], [0.8576048278838163, 0.047791295790315345, 0.01460554601476798, 0.00999999056835967, 0.055515183579650414, 0.014483156163090285], [0.8501193366548239, 0.05288655557971998, 0.014675989755165481, 0.00999999085052916, 0.057797239155711076, 0.014520888004050436], [0.8477223062492255, 0.0533040318958754, 0.014656466086295054, 0.009999990961876122, 0.05981103367579331, 0.01450617113093462], [0.8513326724905801, 0.06058643578075835, 0.01485017869144154, 0.009999991525776087, 0.04853703418249356, 0.014693687328950513], [0.8531531977025866, 0.05244510692857059, 0.014702524449462578, 0.009999990951049982, 0.05516547289733207, 0.014533707070998181], [0.6673502525307472, 0.12190553552715715, 0.014195817782477669, 0.026559104083739116, 0.15594023626179415, 0.014049053814084724], [0.0704773092271643, 0.06647177803132999, 0.012118486151404963, 0.03429943239248003, 0.8046802534266801, 0.011952740770940627], [0.8486274857385692, 0.06097149934669237, 0.014855779781717596, 0.009999991618570524, 0.05083764499802061, 0.014707598516429774], [0.8062964210348156, 0.06927260764158023, 0.01896154650841105, 0.009999992089734793, 0.07667293074412795, 0.018796501981330465], [0.11838599736464889, 0.13678191979669607, 0.009999991402950131, 0.015034032166690909, 0.7087556242469883, 0.011042435022025692], [0.7524318639683472, 0.10650883029493219, 0.014237288224052696, 0.04812153821127234, 0.06461796515896125, 0.01408251414243446], [0.7123580105241653, 0.11936222722481676, 0.019453317892651464, 0.02908435572358399, 0.10059830992858279, 0.01914377870619973], [0.6975429016378676, 0.12364407080182549, 0.01939187465867368, 0.028667292727515514, 0.1116450546023165, 0.01910880557180124], [0.14495151647204152, 0.06458320939930487, 0.017289476925458954, 0.035829057180993364, 0.7203082655760266, 0.017038474446174727], [0.14540177153377618, 0.1696064823738247, 0.01951366193992242, 0.014747816883976066, 0.6314846677831746, 0.019245599485325997], [0.7870339915868865, 0.08831609569170948, 0.019526341113940755, 0.009999993149602041, 0.07602214845482415, 0.019101430003037097], [0.2411937722171309, 0.10967097655856417, 0.05266567083639968, 0.03155528268669894, 0.5535859454196053, 0.011328352281600944], [0.5739833782749119, 0.2067422035225632, 0.09271374721925739, 0.03973678881034613, 0.07541276343228594, 0.011411118740635483], [0.7988323796981602, 0.091172132181247, 0.027624745853435863, 0.014763059677650701, 0.05760769160141869, 0.009999990988087563], [0.1705588862437922, 0.1400324552490928, 0.07060222794555363, 0.03744098286906696, 0.5698428638252327, 0.011522583867261791], [0.27942953868268516, 0.10627805702378344, 0.06107865465244026, 0.030597885160068783, 0.5117217783976504, 0.01089408608337198], [0.7791385009633125, 0.1266994596073041, 0.020730373595537373, 0.020008303497897256, 0.03207264226672544, 0.021350720069223297], [0.1696680214600847, 0.13713918198107436, 0.013406634469116026, 0.024484932407734375, 0.18153932477780405, 0.4737619049041865], [0.10752722188268433, 0.16290545134427215, 0.020024646843627866, 0.014440188645454223, 0.673878741607527, 0.02122374967643449], [0.1232144443151312, 