{"prediction": [[[0.8566295600717956, 0.04162863864462162, 0.0408743420665884, 0.010912046051152726, 0.03995542688496367, 0.009999986280878144], [0.8588351489775836, 0.04087476483360608, 0.03972224499867599, 0.010816529134658802, 0.039751325774597335, 0.009999986280878144], [0.8596371079694038, 0.04067894689991257, 0.038799642568494004, 0.010790370806684565, 0.040093945474626795, 0.009999986280878144], [0.8582624463164039, 0.040381106630629354, 0.0395254144455062, 0.010829663396695194, 0.041001382929887004, 0.009999986280878158], [0.8639256520952632, 0.038949673702634385, 0.038185647523275794, 0.010665050416968034, 0.03827398998098062, 0.009999986280878092], [0.8488327400207852, 0.04387983390970787, 0.04294223835406757, 0.011205791445033014, 0.04313940998952814, 0.00999998628087828], [0.8488804348671425, 0.04403968499300032, 0.043178699434389296, 0.01123063289507546, 0.04267056152951411, 0.009999986280878274], [0.8490752157986977, 0.04597996343262845, 0.041356857169133676, 0.011356504496284187, 0.04223147282237761, 0.009999986280878292], [0.8486508374978141, 0.0463175419863184, 0.040860465790555654, 0.011426217619337539, 0.04274495082509605, 0.009999986280878292], [0.8531423722886866, 0.04735120120099981, 0.0347235419243061, 0.011521760205345481, 0.043261138099783804, 0.009999986280878248], [0.8613106739322892, 0.04649425931964961, 0.030156004511670456, 0.011400485126050353, 0.040638590829462196, 0.009999986280878158], [0.8634467787159303, 0.04710725988886098, 0.026919664480038893, 0.011432684947754772, 0.041093625686536864, 0.009999986280878123], [0.8715226050580299, 0.0431594309546618, 0.025439186289392395, 0.010998380920273604, 0.03888041049676435, 0.009999986280878], [0.8716261277578105, 0.04330058916797135, 0.025109926417085763, 0.011012297977241256, 0.03895107239901321, 0.009999986280878], [0.8659739055101362, 0.044096604182217385, 0.02730490340658988, 0.011137774559158806, 0.04148682606101988, 0.009999986280878094], [0.8661489250789818, 0.044217617571432874, 0.026931263088710557, 0.011150659088033067, 0.04155154889196358, 0.009999986280878089], [0.866318017304824, 0.04433829991468769, 0.026564159553844884, 0.011163463212376384, 0.041616073733388936, 0.009999986280878089], [0.8721375818393793, 0.04303835933779393, 0.02502506808359168, 0.011001962722949761, 0.03879704173540742, 0.009999986280878006], [0.8723268842327033, 0.04331817538904953, 0.02438584411273767, 0.011029469121583344, 0.03893964086304825, 0.009999986280878002], [0.8715140265293793, 0.043216967974910515, 0.025435054045235488, 0.011025979847645476, 0.03880798532195124, 0.009999986280878021], [0.8650486331078882, 0.04465249228535433, 0.027649985593051308, 0.011202049195776536, 0.041446853537051485, 0.009999986280878104], [0.8648497315632611, 0.04552967003490708, 0.027800058508388795, 0.011228289251811812, 0.040592264360753194, 0.009999986280878108], [0.8646623205727157, 0.04540349334353402, 0.028191837764037803, 0.011215022311240561, 0.040527339727593766, 0.00999998628087811], [0.8646739751542029, 0.044404311526273686, 0.02843300401858592, 0.01117559711963111, 0.04131312590042828, 0.009999986280878111], [0.8710522096899102, 0.04265140740013658, 0.026810339803303513, 0.010969668628941076, 0.038516388196830766, 0.009999986280878023], [0.8661489250789818, 0.044217617571432874, 0.026931263088710557, 0.011150659088033067, 0.04155154889196358, 0.009999986280878089], [0.864170230235907, 0.04341987549999892, 0.029898227822553615, 0.011062916657331187, 0.04144876350333112, 0.009999986280878113], [0.8609905288178946, 0.04257123673201403, 0.03429409081118931, 0.010986327399469852, 0.04115782995855414, 0.00999998628087815], [0.864954820279755, 0.040104399264127226, 0.03622560155993929, 0.010740484100300703, 0.03797470851499953, 0.009999986280878078], [0.859200110396308, 0.04152073933412676, 0.03758061996686953, 0.010908354822624682, 0.04079018919919303, 0.009999986280878165], [0.8593406287524559, 0.041415775530620653, 0.037602106710566824, 0.01089633298553147, 0.040745169739947074, 0.00999998628087816], [0.8598900280410137, 0.04222486789556977, 0.03604519498241712, 0.010969238229270284, 0.04087068457085089, 0.00999998628087816], [0.8688329343027621, 0.041541591547800905, 0.03051542147705493, 0.01086585578646285, 0.03824421060504133, 0.00999998628087804], [0.8727229465707064, 0.042707554473352914, 0.024956577757732804, 0.010947142983425804, 0.03866579193390413, 0.009999986280877983], [0.8727229465707064, 0.042707554473352914, 0.024956577757732804, 0.010947142983425804, 0.03866579193390413, 0.009999986280877983], [0.8727229465707064, 0.042707554473352914, 0.024956577757732804, 0.010947142983425804, 0.03866579193390413, 0.009999986280877983], [0.871692651458089, 0.042477794651992994, 0.026371012362857993, 0.010946235385486506, 0.03851231986069547, 0.009999986280878002], [0.860008305918015, 0.04238023845426824, 0.035685274948853596, 0.010985654728898746, 0.04094053966908624, 0.00999998628087816], [0.8579957170936204, 0.04180009963394979, 0.03880380526243862, 0.010941961779748254, 0.04045842994936475, 0.009999986280878169], [0.8560995742787727, 0.04320310396082992, 0.03941213432243752, 0.011035581137744112, 0.040249620019337747, 0.009999986280878172]], [[0.8587392292441941, 0.04048319189370606, 0.039596160157822725, 0.010827453723435054, 0.04035397869996384, 0.009999986280878144], [0.03701001110227751, 0.0830239416094859, 0.01885317298603939, 0.009999988366586691, 0.8398477077143948, 0.01126517822121567], [0.035744422704990286, 0.08282388972443291, 0.018839721855860667, 0.009999988436053155, 0.8412744367052357, 0.011317540573427187], [0.6367672348584209, 0.05452346711494865, 0.14046142805382203, 0.03696153478294615, 0.11277988136088453, 0.018506453828977743], [0.7922684702588362, 0.10726939152361162, 0.03865885831293566, 0.01644256547359576, 0.02722479115984982, 0.01813592327117095], [0.849972568024528, 0.04304925031400818, 0.04198985124492674, 0.011178359461768338, 0.043809984673890384, 0.009999986280878304], [0.10178487244211855, 0.2527976555495541, 0.02439668285140652, 0.030275275735877957, 0.5724269976377203, 0.018318515783322553], [0.71102811118237, 0.1599820857412858, 0.05873731842825246, 0.018427895171711037, 0.03455820922111016, 0.017266380255270587], [0.10552132292222433, 0.2863931970398429, 0.026567477092007744, 0.029650348986568233, 0.5342959494981243, 0.01757170446123244], [0.5470643398829376, 0.07701635400948925, 0.2051694954128423, 0.039460786500771006, 0.11489521564790023, 0.01639380854605976], [0.5549903760039318, 0.07354801846652587, 0.20949929812715842, 0.039710935885622044, 0.10572084945144243, 0.01653052206531937], [0.7107680249086492, 0.0958162713955435, 0.07466952151852897, 0.022211293588616392, 0.08572034997159744, 0.010814538617064348], [0.7435541965171152, 0.07779174013620317, 0.057315094354241494, 0.021836971097799925, 0.08846095976401784, 0.011041038130622374], [0.7446821609421, 0.07724690581903122, 0.05685102319594335, 0.021819498273158777, 0.08831783962469836, 0.011082572145068137], [0.6334283646623111, 0.05648581518925123, 0.14010616706105605, 0.037619376440353555, 0.11390642630628126, 0.018453850340746845], [0.03933613968955552, 0.08804868277143346, 0.0181467793517895, 0.009999988659445787, 0.8331183005069794, 0.011350109020796327], [0.8044527557807837, 0.09456233817245048, 0.03390360118362281, 0.014316509695393982, 0.03429813839257022, 0.018466656775178756], [0.8085316629143351, 0.09402391937823426, 0.034662586993049666, 0.014369222381111081, 0.029920238559976418, 0.01849236977329351], [0.8097091466159363, 0.0945106334469966, 0.03494454281721054, 0.014425557600626781, 0.0279339718043613, 0.018476147714868506], [0.8067425203957519, 0.09493695538392014, 0.03524701802846184, 0.014468681028592468, 0.030113638022801537, 0.018491187140472154], [0.7919389495474225, 0.10370565786806506, 0.03485399188313624, 0.014540951676777616, 0.036573405562564956, 0.01838704346203366], [0.025079082710194437, 0.23158683793317025, 0.017851751633587265, 0.030019575690903792, 0.6766598990361316, 0.018802852996012667], [0.026870090353753755, 0.23081106024593528, 0.017604956262117964, 0.029984281958381005, 0.6759152999551835, 0.018814311224628462], [0.8033617512261719, 0.09584246128547708, 0.03436125191118899, 0.01446444862473046, 0.0334703782199775, 0.018499708732453986], [0.8090996651588049, 0.0930835154039889, 0.03472713201034588, 0.014365211863143403, 0.030197811452163513, 0.018526664111553515], [0.6577608145806737, 0.0475949627533086, 0.12608822226522828, 0.03213740010521022, 0.11735397816205415, 0.01906462213352499], [0.03867848403541463, 0.07034681243864316, 0.018705979729959663, 0.009999988600779218, 0.8508554853604704, 0.011413249834732906], [0.7610481142413599, 0.061429969851707615, 0.05062696569690758, 0.018024956396891684, 0.09768394780291238, 0.011186046010220916], [0.8696522553604248, 0.03891982866713487, 0.0325953172458194, 0.010627581799128183, 0.038205030646614756, 0.00999998628087803], [0.8648643556561508, 0.041087701644533146, 0.03128243936114919, 0.010888739030428222, 0.04187677802686054, 0.009999986280878132], [0.03892974768417857, 0.0691265671201513, 0.018063117261919864, 0.00999998853283539, 0.8525376164858278, 0.011342962915086982], [0.6576193059696744, 0.046799079216391655, 0.12488854271325561, 0.031911844664529586, 0.11967461309867518, 0.019106614337473782], [0.661487817749207, 0.0467645722751827, 0.12556572026578902, 0.03200500709415278, 0.11505895280278058, 0.019117929812887933], [0.7671587630730745, 0.06364083521014294, 0.049962892458512466, 0.018437958842657122, 0.08951927495054522, 0.01128027546506776], [0.7672930256685474, 0.06381204801905312, 0.04953198473797248, 0.018443103249185418, 0.08966967143168587, 0.011250166893555732], [0.6594887910579117, 0.04761510920651343, 0.12595221772043205, 0.032310515432782703, 0.11555946540194488, 0.01907390118041522], [0.6557511376795514, 0.047995660745969705, 0.12742865120489846, 0.032330106481366035, 0.11741826070450553, 0.019076183183708764], [0.659305528207628, 0.04700588341470494, 0.12521069700705503, 0.031923965283179194, 0.11742791270285309, 0.01912601338457978], [0.039446776402122734, 0.06942973263301157, 0.018790091729388152, 0.009999988592460249, 0.8509390766151195, 0.011394334027897765], [0.8578564588951368, 0.04190583051234763, 0.03878123262856028, 0.010954044419929684, 0.040502447263147494, 0.009999986280878174]], [[0.8591634940268318, 0.040862658254191504, 0.03840425207053033, 0.01084789258155257, 0.040721716786015855, 0.009999986280878158], [0.862627157279406, 0.03952921855270109, 0.0363114453382405, 0.0107092259933922, 0.04082296655538214, 0.009999986280878153], [0.8632278890341774, 0.040754130895584766, 0.033307936149979976, 0.010822883143894636, 0.04188717449548511, 0.009999986280878169], [0.863522969680702, 0.04204689213196301, 0.030667389491460303, 0.010987294309528044, 0.04277546810546856, 0.009999986280878153], [0.8901774236901387, 0.03227533454411558, 0.024808448005471447, 0.009999937639316466, 0.03273891848164135, 0.009999937639316466], [0.8870386192537727, 0.03710277694612294, 0.02192229711083086, 0.009999939317081393, 0.03393642805511088, 0.009999939317081393], [0.8809455919515445, 0.04119134577065454, 0.02328068226670037, 0.009999940913975706, 0.034582498183149235, 0.009999940913975706], [0.8562359327245225, 0.0563379383648387, 0.024740339543225038, 0.010963073942364588, 0.04172272996312045, 0.009999985461928897], [0.1425875896903641, 0.08070483340893374, 0.04623733999540137, 0.026205183161409393, 0.6942650617072742, 0.00999999203661726], [0.689184254480637, 0.17796523902060982, 0.015393721082089393, 0.023754916608056682, 0.07950206279313927, 0.01419980601546781], [0.13619478136144278, 0.19877639906256314, 0.01533008813202645, 0.00999998754042163, 0.6254194017693256, 0.014279342134220234], [0.8345554122940058, 0.09958971451962542, 0.014894484540818988, 0.014197655052469187, 0.022241422896420133, 0.01452131069666047], [0.8540214542986777, 0.08171133888947729, 0.015013081141988608, 0.013866634137014095, 0.020663613448975594, 0.014723878083866769], [0.8547116198061352, 0.0810071923293171, 0.015016646306910077, 0.013791213942762314, 0.020740137398302078, 0.014733190216573353], [0.8532747755133319, 0.08063142729053012, 0.015350921424062745, 0.013794155859816607, 0.022175083221657635, 0.014773636690600904], [0.8491804946923055, 0.0811419237154193, 0.014877225015184358, 0.013648500377923057, 0.026405034480897017, 0.014746821718270735], [0.03772220362086091, 0.171482415534156, 0.01521836780263885, 0.009999985587526313, 0.7506086262319874, 0.014968401222830384], [0.7715293735697598, 0.1309099472716444, 0.01447419705775142, 0.00999998990171513, 0.058790816517674975, 0.014295675681454277], [0.7724475765121916, 0.13180710156056588, 0.014472125771354063, 0.009999989956683707, 0.0569827079161328, 0.01429049828307185], [0.7028481364884819, 0.17474176484212284, 0.01834396634981533, 0.011238358875588694, 0.0747164380410412, 0.01811133540295006], [0.04096839676261674, 0.22934161096318276, 0.019350118878366965, 0.00999998645687122, 0.6813463199331032, 0.01899356700585913], [0.04060255514486369, 0.23104270219826772, 0.019251418921032958, 0.009999986543704549, 0.6801408905961367, 0.01896244659599448], [0.6997734709327416, 0.17450280014240657, 0.01831267106769784, 0.011243526143580962, 0.07801226480260591, 0.018155266910967124], [0.04514833700714695, 0.22790156174972132, 0.019355544991916194, 0.009999986414143541, 0.6785933724963598, 0.019001197340712105], [0.724388760595628, 0.16072824699395813, 0.018717597717666616, 0.0111911117989568, 0.06650993081312817, 0.018464352080662366], [0.8280697544267198, 0.08945860267349127, 0.019562367143826535, 0.014991519098554442, 0.028905309831644327, 0.01901244682576365], [0.825007214331611, 0.08865523580630708, 0.019508647770727052, 0.014904912896611599, 0.03167323574704724, 0.02025075344769616], [0.6706807831683378, 0.047226702479724325, 0.11375955619501724, 0.032200563411944653, 0.11669251845992107, 0.019439876285055026], [0.6741972238623523, 0.04587314384347733, 0.1223836138850592, 0.031663809587771825, 0.10642339146963063, 0.019458817351708863], [0.8154972107507539, 0.08912593592723932, 0.033123834170073224, 0.014006792704064084, 0.029701413600102193, 0.018544812847767288], [0.8711882614951187, 0.04318098450297268, 0.022703219158967194, 0.011008725200144323, 0.04191882336191907, 0.009999986280878038], [0.03826908690394688, 0.08606077981462336, 0.018020673460967893, 0.00999998854771021, 0.8362699466181495, 0.011379524654602131], [0.8243574708028402, 0.09129405084292366, 0.019612286399368736, 0.014904166423419116, 0.0308774483454668, 0.018954577185981605], [0.8301485835137511, 0.09023245903011352, 0.019187765206645186, 0.014938233612292634, 0.026567475154531988, 0.018925483482665612], [0.8327010200804357, 0.09413223993836363, 0.009999943209205926, 0.009999943209205926, 0.042268241940661797, 0.010898611622127038], [0.8236372128517219, 0.09230050904787997, 0.019482270323740884, 0.0150157044692272, 0.03061460611607516, 0.018949697191355027], [0.04780824752924981, 0.22114785673182405, 0.019789354716610034, 0.009999986459696478, 0.682138808704157, 0.019115745858462665], [0.7260068725634267, 0.15051344184065765, 0.019257309578218113, 0.00999999075408312, 0.07566105269603123, 0.018561332567583202], [0.8095390209544987, 0.09178438696319763, 0.033797056622486554, 0.014131557982766225, 0.03222522756120834, 0.018522749915842494], [0.8595950650465924, 0.0426144356001413, 0.03588944701896474, 0.01101504410381311, 0.04088602194961022, 0.009999986280878167]], [[0.8648778856676059, 0.040727608909, 0.035674616422337393, 0.010797573759561077, 0.03792232896061761, 0.009999986280878092], [0.6435848155156431, 0.05498768465675583, 0.14164505463910623, 0.037533084376924375, 0.10356280126898437, 0.018686559542586006], [0.6432213833929005, 0.055648972262328254, 0.14102857300623595, 0.03769637874035087, 0.10372129704122153, 0.018683395556962988], [0.8778721568062233, 0.04434022576042149, 0.01678869480872078, 0.011072766219818559, 0.03992617012393799, 0.009999986280877888], [0.8063657124274463, 0.108634686685837, 0.035751607351763144, 0.013462149596118769, 0.021913585126358544, 0.013872258812476208], [0.02512158712858755, 0.3878928729850388, 0.01374556667354184, 0.023179424127406333, 0.5357413939293427, 0.014319155156082869], [0.08836237828908611, 0.23187009749299925, 0.015683985098327243, 0.023658028072625015, 0.6268437156973907, 0.013581795349571617], [0.7742968275126569, 0.056005141267030885, 0.03214340574901977, 0.032000734229981974, 0.09324513018035442, 0.01230876106095611], [0.28642918915570476, 0.322659012105887, 0.06967518543093576, 0.14061330698966745, 0.1706233113070387, 0.009999995010766361], [0.5619954517626703, 0.35500820365915065, 0.014611412298646854, 0.009999988561024393, 0.044070815136771545, 0.014314128581736234], [0.7192963969969391, 0.19775738257541395, 0.01335566199214355, 0.01103337466298306, 0.045321710569479104, 0.013235473203041193], [0.8311732471277276, 0.10012723716755065, 0.014597326676786026, 0.01433505583137476, 0.02524381234061023, 0.01452332085595086], [0.8429834141957312, 0.09133391073194425, 0.014680701884288602, 0.013839410337373938, 0.02254984926760352, 0.014612713583058592], [0.7890313679525153, 0.12073363754769238, 0.01457005760598001, 0.00999999010760933, 0.051163595793499675, 0.014501350992703228], [0.7921092707756952, 0.12075738248766407, 0.014622180337274858, 0.009999990069954718, 0.04795912163902858, 0.014552054690382541], [0.7887423597341318, 0.12089684618746781, 0.014572356152320103, 0.009999990057293578, 0.051285677593983385, 0.014502770274803555], [0.7811828229036464, 0.12417527639299376, 0.01452767566351574, 0.009999990078618405, 0.05566192295648812, 0.014452312004737546], [0.03831814668545571, 0.17280766108608503, 0.015032786004491667, 0.00999998562045469, 0.7489349667407745, 0.014906453862738395], [0.03354594403645345, 0.16834176415155058, 0.01516455271755134, 0.00999998562891778, 0.7579041231041614, 0.01504363036136541], [0.04269551736151687, 0.22277238027055962, 0.019258856296384297, 0.009999986507419767, 0.6861774769723247, 0.019095782591794848], [0.04455008036805875, 0.2244715089809413, 0.019242859951989225, 0.00999998653718971, 0.6826644141229095, 0.019071150038911664], [0.7003934368084083, 0.1722076222760257, 0.01828524332248605, 0.011303705046493303, 0.07963557508504535, 0.01817441746154132], [0.04698039838887805, 0.22054934300765125, 0.019328578181523847, 0.009999986538373425, 0.6839892133091995, 0.019152480574374044], [0.7068398456826227, 0.16773655468239992, 0.018364517163181247, 0.011194273068627188, 0.07760941210627464, 0.01825539729689444], [0.7275237391644804, 0.1570623738825712, 0.018587648205917795, 0.011402133135070264, 0.06692242375128817, 0.018501681860672196], [0.8158776823117545, 0.0987507221760218, 0.018898607634187173, 0.01732731334742127, 0.027746128944420204, 0.021399545586195123], [0.17060126196734113, 0.09007877378937737, 0.012870136275724664, 0.021185882656315838, 0.17313132523216287, 0.5321326200790782], [0.8295867631255587, 0.08457604323888326, 0.019471126343004495, 0.014858207624716006, 0.029910405406430418, 0.021597454261407106], [0.8262336509654756, 0.0891469465311952, 0.019588102382923533, 0.015011153487188414, 0.031027792611894405, 0.018992354021322922], [0.8148178788190448, 0.09318193803689258, 0.029602572861306693, 0.014231658748297741, 0.02960928977254813, 0.018556661761910034], [0.8759685925890637, 0.04586806359989935, 0.015016887033610668, 0.011184313509143834, 0.04196215698740465, 0.009999986280877891], [0.786399419542065, 0.11430639530703875, 0.030362069340989256, 0.01666282308274419, 0.03412316645378598, 0.018146126273376566], [0.7267705118698001, 0.16000115509202034, 0.018640334586121077, 0.011310350034253031, 0.06481532277016856, 0.018462325647636897], [0.817116757462337, 0.10093876127815801, 0.018927775125379263, 0.017392947710860085, 0.026781451368465867, 0.018842307054799688], [0.817028192941407, 0.10100578407492498, 0.018873492699482828, 0.01739645680172342, 0.026884832120951534, 0.018811241361510214], [0.728446323367636, 0.1566086184569596, 0.018601541550022103, 0.01135597522851689, 0.06647620032785466, 0.018511341069010666], [0.7107240050647584, 0.16531022527916658, 0.018386043604289342, 0.011195282035686207, 0.07609432431080904, 0.018290119705290476], [0.043364060571522256, 0.2276280502560323, 0.0193542215673784, 0.009999986389126097, 0.6806393049498282, 0.01901437626611266], [0.8053077742365379, 0.09515517130455205, 0.03492035412626689, 0.014416591521009083, 0.03170267032535899, 0.018497438486275074], [0.8689027054545414, 0.042645907119873726, 0.029129759548541995, 0.01097676974260185, 0.03834487185356301, 0.009999986280878063]], [[0.8601253102263594, 0.042534997958077775, 0.035327446865463755, 0.011001972109577561, 0.04101028655964333, 0.009999986280878158], [0.6360181461075564, 0.05478126998642258, 0.13997231445426092, 0.03722104488279147, 0.11342377410443608, 0.01858345046453283], [0.6375745373319847, 0.05577004923576829, 0.13944822682898278, 0.03744170852722546, 0.1111082742659791, 0.018657203810059697], [0.7893606385429447, 0.11471549328450786, 0.03315562177559227, 0.016907432136338302, 0.027706056131083272, 0.018154758129533623], [0.8064160406812985, 0.11121010437491073, 0.033134011046456656, 0.01347325979247186, 0.02180860071192061, 0.013957983392941709], [0.16019966602181293, 0.3997000513480809, 0.014284991632465946, 0.00999998755957647, 0.4018860771102653, 0.013929226327798637], [0.37347953017939073, 0.4599009652043145, 0.014745897341293489, 0.018484567883862275, 0.11889764080597742, 0.014491398585161611], [0.36409901392477606, 0.4991262623129736, 0.015216796326912514, 0.018726901186530538, 0.08798775868401504, 0.014843267564792158], [0.3720940546426216, 0.3054488671187755, 0.01559434508148622, 0.019416826193815746, 0.272225267231908, 0.015220639731393145], [0.37888303269000406, 0.49078100113678474, 0.015663119436308416, 0.019214198240968594, 0.08002229543456044, 0.015436353061373852], [0.7307143946025535, 0.17672396267253893, 0.013611170186177643, 0.010318659348832469, 0.05514562854489665, 0.013486184645000801], [0.06507009877388431, 0.057867071229819544, 0.010764125348928457, 0.024494817515593365, 0.8311180864038651, 0.010685800727909077], [0.04527592502748991, 0.05140149197720125, 0.010730105124986705, 0.023896671900481108, 0.8580405284087366, 0.01065527756110444], [0.8523999261324918, 0.07908805017777289, 0.014829767394898906, 0.013908040621388583, 0.025011535769512712, 0.01476267990393502], [0.7887485783440522, 0.12095589492487546, 0.01457260715818111, 0.009999990052797864, 0.05122038698188632, 0.014502542538207153], [0.7757815479466238, 0.13825499358107704, 0.014343782606846161, 0.009999989899040093, 0.04734246115425442, 0.014277224812158354], [0.7739849182892405, 0.12912963502274916, 0.014366606101427943, 0.009999990033697262, 0.058227527412808296, 0.014291323140076714], [0.7699254388460568, 0.13112238164215392, 0.014339369095245686, 0.009999990056998982, 0.060352956896971836, 0.014259863462572658], [0.035170677009972284, 0.17097934636749773, 0.01512045790463818, 0.009999985660655618, 0.7537364963201358, 0.014993036737100255], [0.044581804811019185, 0.22272113031022708, 0.01925531840836713, 0.009999986532813976, 0.684353495557368, 0.019088264380204646], [0.7003443745706864, 0.17319658061793977, 0.018244009689387844, 0.01141970880713955, 0.07865686742704454, 0.018138458887801873], [0.04596853129895863, 0.242296550175319, 0.01893192519596978, 0.009999986445905256, 0.6640546133497157, 0.018748393534131647], [0.7074118324889175, 0.1656009132103728, 0.01835819308979614, 0.011298316748884813, 0.07905301971533002, 0.01827772474669878], [0.0498731290009516, 0.2161440979171942, 0.019344332500233572, 0.00999998649943173, 0.6841831405651927, 0.02045531351699621], [0.8128821302509769, 0.09979733379131538, 0.018932767050008324, 0.017295379009771693, 0.030945971459710907, 0.020146418438216723], [0.17711176699187342, 0.089257380604054, 0.012878712882285837, 0.021101432789028138, 0.16751808663124848, 0.5321326201015101], [0.17846436008841357, 0.08686869469309001, 0.01285526670099746, 0.02109702382215688, 0.16858203465435267, 0.5321326200409895], [0.1627456943836949, 0.08859608987447014, 0.012866509289633178, 0.021095378470968873, 0.18256370791265789, 0.5321326200685751], [0.05372062477291645, 0.065115275445563, 0.013637093775985909, 0.029781910984852666, 0.8230230823566058, 0.014722012664076226], [0.7877260421922874, 0.11372940267852237, 0.03198066556009715, 0.016813472680347767, 0.03157504283728025, 0.018175374051465108], [0.8751761671611321, 0.046738804572174386, 0.013753901371399943, 0.01127697756376284, 0.0430541630506529, 0.009999986280877872], [0.03906738587221591, 0.08955599498543693, 0.012962499514068453, 0.009999988693110112, 0.8370671122512288, 0.011347018683939971], [0.8054240561280864, 0.10646561459111076, 0.018880332828382848, 0.017378049138638302, 0.03312273320108405, 0.018729214112697578], [0.7276380564617265, 0.15782191816385685, 0.01858928663401494, 0.011390735806351042, 0.06606955368685594, 0.018490449247194667], [0.73199565775192, 0.15699300537557992, 0.01864857582926687, 0.011428030411550707, 0.062372749929912374, 0.018561980701770186], [0.7250146233338994, 0.15949456889439173, 0.01855374047385293, 0.011396851963220397, 0.06708092082337715, 0.01845929451125834], [0.7080024771434693, 0.16783135086343512, 0.01833894897147945, 0.011271173181141838, 0.07631543902766041, 0.018240610812813998], [0.040618258093215245, 0.2263238872068125, 0.019412565306912617, 0.009999986452341769, 0.6845826522291751, 0.01906265071154273], [0.7680221794930915, 0.12294851304807933, 0.03806032303781653, 0.016934880135954178, 0.035990310341368306, 0.018043793943689986], [0.8627331276729909, 0.044828438455569206, 0.029882539844856615, 0.011227549660841116, 0.04132835808486421, 0.00999998628087814]], [[0.8661489250789818, 0.044217617571432874, 0.026931263088710557, 0.011150659088033067, 0.04155154889196358, 0.009999986280878089], [0.0387880676454943, 0.0872948160764832, 0.019114025288183057, 0.00999998864705232, 0.833430628009468, 0.011372474333319038], [0.8050794544323473, 0.10669276834607103, 0.019399182278548234, 0.017446357947483917, 0.032623773003268575, 0.018758463992281], [0.7247169774454171, 0.16026985046351833, 0.018591369182158736, 0.011428681066287458, 0.06655657433355239, 0.018436547509065933], [0.5779078598147279, 0.33709446632010687, 0.014267905081287465, 0.009999990228019829, 0.0466195188347992, 0.014110259721058716], [0.5394853442106017, 0.36930631311571877, 0.013616795587136564, 0.010210647172044557, 0.05389531007892917, 0.013485589835569346], [0.22274362183954358, 0.4787183088410562, 0.016431260628969394, 0.021260847164721115, 0.24472582702580448, 0.016120134499905275], [0.24602655293588704, 0.4767424390664369, 0.016353246345440303, 0.021474604629032987, 0.22335643915090314, 0.01604671787229961], [0.5339210302870903, 0.29833703063010336, 0.015648958729948904, 0.04228183967447212, 0.09435523577344956, 0.015455904904935923], [0.5402370000856483, 0.3572314265067627, 0.010616528228835166, 0.028389604071009752, 0.053004138224630404, 0.01052130288311367], [0.8109299407717031, 0.11989675152558311, 0.014416845383954852, 0.016352792923072023, 0.02410658885261317, 0.014297080543073735], [0.8372649275418576, 0.09596752657913134, 0.014630004380395231, 0.014352692909190242, 0.02322565990994401, 0.014559188679481711], [0.8461378599544203, 0.08434167738307373, 0.014772468053570449, 0.014469354420586767, 0.025578226951709273, 0.014700413236639516], [0.8396398497153598, 0.09605654440419566, 0.014647583265936414, 0.014262960270071281, 0.020818440713977853, 0.014574621630459056], [0.7689941182402407, 0.14408738205646712, 0.014226237620665322, 0.009999990155639255, 0.04853830569668323, 0.014153966230304548], [0.05995047493674766, 0.18326946371920255, 0.014869824993695373, 0.00999998735777295, 0.7171524622547344, 0.014757786737847159], [0.05861769027535028, 0.18782194745359265, 0.014798516612792656, 0.009999987357377518, 0.7140900419103121, 0.014671816390574813], [0.7530360211104459, 0.15552147452942472, 0.013978780312672221, 0.00999999020511505, 0.053571854436685835, 0.013891879405656305], [0.5623267386814323, 0.3364408519230101, 0.014049025745804786, 0.009999990612505972, 0.0632317906729994, 0.01395160236424734], [0.6793420998759453, 0.20450926321159196, 0.01775318107891722, 0.011625977278419516, 0.06913458332212828, 0.01763489523299761], [0.6829089941273848, 0.20253221595720844, 0.017781785989196316, 0.01163541197276349, 0.0674726978087977, 0.01766889414464925], [0.6941053555754477, 0.19510050073186336, 0.018038076074342057, 0.011529995689398177, 0.06331156938025435, 0.01791450254869433], [0.6924642713841169, 0.19116794733579612, 0.017935035980201002, 0.011460074465972973, 0.06782760399266659, 0.0191450668412464], [0.15857944368431848, 0.09495534084398344, 0.012888606151949446, 0.021434530544410132, 0.1800094586556556, 0.5321326201196829], [0.8102385835316189, 0.100034111470396, 0.018864292384219165, 0.01765333432314814, 0.030541394579167137, 0.022668283711450504], [0.1808611545987457, 0.08802664186099228, 0.012876421982044766, 0.02103669281658287, 0.16506646864680571, 0.5321326200948286], [0.1677505518752123, 0.08746335325584163, 0.0128584926303722, 0.021104302734468085, 0.17869067944689138, 0.5321326200572145], [0.8131249963538065, 0.09803211761248225, 0.018922442222678904, 0.017205265952813593, 0.03129079543319696, 0.021424382425021753], [0.8116521108154253, 0.1022318074703528, 0.01896303475522746, 0.017479952334757663, 0.030855409650975343, 0.018817684973261584], [0.7903435204127952, 0.11499754735636254, 0.030356343896560844, 0.016840647218621108, 0.029272069207681817, 0.018189871907978446], [0.875433730392858, 0.04684194125123428, 0.013243476699200491, 0.011277028073851779, 0.04320383730197766, 0.009999986280877855], [0.650943276862362, 0.06006347519588718, 0.11049409408459755, 0.039192784366676794, 0.12030040448246648, 0.01900596500801003], [0.038113655500814865, 0.08960699245579543, 0.012975910604800304, 0.009999988797420954, 0.8379042517923425, 0.01139920084882582], [0.8099838628263528, 0.10390487678424179, 0.018970423473360833, 0.01748484258756314, 0.030870515226904312, 0.018785479101577098], [0.8006300091720582, 0.11883880717284484, 0.01872933581446777, 0.017361990023769085, 0.025802648354148437, 0.018637209462711694], [0.7215166903452607, 0.1599645056139662, 0.018557592071574154, 0.011372875155756577, 0.07012399549614222, 0.018464341317300282], [0.046102613232602986, 0.22472546916191286, 0.01922211390469906, 0.00999998646725209, 0.6808926635310074, 0.019057153702525545], [0.03841788131209986, 0.22680685589567612, 0.01933479398548814, 0.00999998650382348, 0.6863748195973901, 0.019065662705522287], [0.024970389422725465, 0.23168614021210035, 0.017836327681288552, 0.030026280525514377, 0.676679838482749, 0.01880102367562216], [0.8625130288618188, 0.04570869522424664, 0.0300503725374435, 0.01125350568018177, 0.04047441141543133, 0.00999998628087814]], [[0.8640610789525119, 0.04403179001005748, 0.029661503705770486, 0.011135337108799768, 0.0411103039419823, 0.00999998628087812], [0.7802045098464373, 0.11318782803393254, 0.0383597237950651, 0.016665139740965753, 0.03343917911677264, 0.018143619466826685], [0.048566427746346265, 0.22364229206063949, 0.019404031306450287, 0.009999986430868156, 0.6793276321336884, 0.019059630322007297], [0.7081302171095907, 0.18327863364326527, 0.018220105170298085, 0.01124958546794348, 0.06099598694337463, 0.018125471665527887], [0.7689052604801825, 0.14888226119480308, 0.014227797812506429, 0.009999990268800862, 0.04383535317561766, 0.014149337068089596], [0.7212944060327291, 0.19723903586205374, 0.013366721496765956, 0.011033904245953454, 0.04381406963245151, 0.01325186273004634], [0.7450540681632147, 0.16612220075535797, 0.014564333470355571, 0.014274087896330691, 0.045597670961158916, 0.014387638753582078], [0.2526671664957543, 0.5305729519907464, 0.014604610190925443, 0.10527498499642511, 0.08258799478285403, 0.01429229154329479], [0.17243237323319965, 0.17339418138854493, 0.01568399186963621, 0.019690447679456238, 0.6033606720089542, 0.0154383338202088], [0.6064723026458925, 0.3249095345310609, 0.014210376967521905, 0.01795993360730791, 0.02235019254510007, 0.014097659703116673], [0.7605590175920393, 0.15581306967611638, 0.0140493670241497, 0.0099999906283115, 0.045612595021072566, 0.013965960058310689], [0.7694772897046905, 0.14809598052687115, 0.014199634365127497, 0.009999990323413468, 0.04410164236645535, 0.01412546271344201], [0.7692294125891271, 0.1483427935729603, 0.014184849858075313, 0.009999990341777483, 0.044135719973615095, 0.014107233664444595], [0.7415763457869613, 0.1718983999797694, 0.013729491849241436, 0.010141701402428096, 0.049039465231153795, 0.013614595750446023], [0.7386119397936453, 0.17217873751366358, 0.013693676393564651, 0.01007661624990781, 0.05186361984135478, 0.013575410207863743], [0.71583854747415, 0.19677129505357227, 0.013318003149182708, 0.010800019082308, 0.050058570883312184, 0.013213564357474722], [0.1641927140538649, 0.38839823508184884, 0.014295572264817764, 0.00999998748328573, 0.4089661634182925, 0.014147327697890368], [0.7238404059374695, 0.17887251011242652, 0.013542354527056015, 0.009999997732671177, 0.060313692875008505, 0.013431038815368255], [0.05898486921279655, 0.1901465735070194, 0.014704340316931252, 0.009999987462139816, 0.7115795345804696, 0.01458469492064333], [0.6554099599196206, 0.22701934774700092, 0.017340111156060167, 0.012720930068449977, 0.07032251118437433, 0.01718713992449406], [0.658016129573069, 0.22553913078442242, 0.017386908252899548, 0.012659879218439219, 0.06915619297324767, 0.01724175919792205], [0.21009971478062336, 0.27434987102882863, 0.017656894859465547, 0.009999988271269982, 0.47046016098825333, 0.017433370071559016], [0.6675305439924214, 0.21414205599197542, 0.017535191094689845, 0.012532994123835505, 0.06953724355381007, 0.018721971243267823], [0.175181782450828, 0.0991156411034646, 0.012891430937719748, 0.02178937726013814, 0.1588891481185988, 0.5321326201292508], [0.17379388769707182, 0.0910746671951168, 0.012856682754770461, 0.021437750746462807, 0.16870439155121927, 0.5321326200553588], [0.17267787426664444, 0.09276812249411459, 0.012899222881613387, 0.02127860144790698, 0.16824355875910366, 0.532132620150617], [0.724360598944686, 0.15469761642948224, 0.018576250245705535, 0.011384718604718723, 0.06990405587008455, 0.021076759905323133], [0.04941747400428416, 0.21660188467781682, 0.019371134104019607, 0.009999986436439297, 0.6854046694634148, 0.019204851314025165], [0.7211241126405975, 0.16304175732749984, 0.01858312902779595, 0.01137003203172177, 0.06747148342729876, 0.018409485545086188], [0.7893305731667042, 0.11761223615844775, 0.030176519304897488, 0.016996461613216367, 0.027681655185504157, 0.01820255457123011], [0.7908863133581681, 0.11628413584639379, 0.029852192827356024, 0.017049716593276844, 0.027812819913615276, 0.018114821461190023], [0.8676542480159812, 0.05193458242343633, 0.013082092309038037, 0.011775127134041122, 0.04555396383662548, 0.009999986280877915], [0.6192336025447502, 0.07304098492364873, 0.1457495543056409, 0.03929522551993529, 0.10445503723089085, 0.018225595475134023], [0.7541247231442235, 0.14521285549711288, 0.03814678629775706, 0.017474012841202265, 0.02731562055640357, 0.017726001663300704], [0.6989159310963153, 0.19145238157011696, 0.018151772105620783, 0.011582257708870848, 0.061929325100185034, 0.017968332418891005], [0.06994377490811153, 0.2400253951574101, 0.018930768352340196, 0.009999988230097047, 0.6423258309386332, 0.018774242413408023], [0.6839698301255925, 0.1990235574852894, 0.017866679404352926, 0.011443947644640937, 0.06993584699870896, 0.017760138341415172], [0.6897583456023815, 0.1849318624016501, 0.018103210136967605, 0.011611247232300316, 0.0776601868579343, 0.01793514776876615], [0.026769341824402243, 0.23148997656325998, 0.017000288577609404, 0.030026661745260166, 0.6759147491064805, 0.018798982182987648], [0.8637724507787681, 0.04612392765134643, 0.02795741461185677, 0.011292373285728635, 0.04085384739142198, 0.00999998628087812]], [[0.8629014736846226, 0.043749094440952575, 0.03145481015557045, 0.011108991367322876, 0.04078564407065352, 0.009999986280878134], [0.7727377156429159, 0.12044997976532626, 0.037879459677749264, 0.016751245266155727, 0.03410405767809635, 0.01807754196975649], [0.7058493705929162, 0.1716351898448582, 0.018417556981124596, 0.011185135933091134, 0.07472537059680663, 0.018187376051203297], [0.7117859540184069, 0.16722798554426074, 0.01832232494203264, 0.011314640007419791, 0.07311979533675231, 0.018229300151127587], [0.5755365427529273, 0.3372406263376678, 0.014193318887074891, 0.009999990211721588, 0.04891697118375616, 0.014112550626852221], [0.5504251916227783, 0.3608928710304987, 0.01374109843786301, 0.010037025904834155, 0.051269462863250535, 0.013634350140775485], [0.561236877106291, 0.35380809293129245, 0.014542226287009774, 0.009999989855745071, 0.046053460674251055, 0.01435935314541074], [0.5628132368176564, 0.35468998027484494, 0.014520749324516352, 0.009999988398261621, 0.04363519203452519, 0.014340853150195482], [0.5629570450634054, 0.35247174754264676, 0.01452811486812549, 0.009999988161596052, 0.045693022946463185, 0.014350081417763146], [0.5488836223866966, 0.36180620625754606, 0.013706228060364171, 0.010104907161209533, 0.05190399304812281, 0.013595043086061019], [0.7657574879681446, 0.1516336522062979, 0.014167818093025582, 0.009999990344699698, 0.044353629255263184, 0.014087422132569048], [0.5944004658669361, 0.31454363495888293, 0.014498707426929403, 0.009999990179729853, 0.05212878843612682, 0.014428413131394814], [0.7621182429032352, 0.15028264572290218, 0.014124884860663113, 0.009999990305240014, 0.049428281497339806, 0.014045954710619783], [0.7268709198877579, 0.17895972607264066, 0.013528563987845422, 0.010015259824025345, 0.05721721879682577, 0.013408311430904858], [0.6964690174727485, 0.16625569168303145, 0.014570462131162453, 0.03631598806826615, 0.07201564960756421, 0.014373191037227279], [0.7275018489505236, 0.16564147401757662, 0.014554263348895658, 0.029824115231395262, 0.04811589519471338, 0.014362403256895374], [0.5509786795186864, 0.3556374488923024, 0.014553182530315626, 0.01427044619596025, 0.05019956916965737, 0.014360673693077943], [0.14563196695592143, 0.388955260608972, 0.014341304985120838, 0.009999987497470187, 0.4268862932646387, 0.01418518668787677], [0.5622265680236249, 0.15829996172209848, 0.013997950365072214, 0.009999990561526655, 0.24156092948472785, 0.013914599842949972], [0.6591568306164189, 0.22488649243312817, 0.01737678100199118, 0.012683149466905541, 0.06866644616642205, 0.017230300315134207], [0.6492119654328027, 0.21183779020237092, 0.01856387212585758, 0.036058125320048755, 0.065979769366976, 0.018348477551944183], [0.1813241311990676, 0.22911740157862892, 0.02005434784256933, 0.026307588648055, 0.5235440293057162, 0.019652501425962966], [0.656017897913945, 0.21231397255534168, 0.01851087058772743, 0.02691081758180321, 0.06662071468278506, 0.01962572667839748], [0.16527502778513892, 0.1000656317844405, 0.012901697585787858, 0.02179407473723843, 0.167830947961173, 0.5321326201462213], [0.7038878165392282, 0.18372630083145633, 0.01812464234058776, 0.011560746340449301, 0.06206882027997027, 0.020631673668308047], [0.7265937444590667, 0.15988597490069695, 0.01857318412716512, 0.01150672950771226, 0.06366960489349302, 0.019770762111865913], [0.70991432371686, 0.1660417775882861, 0.018328588312183633, 0.011397670464558075, 0.07606783299695147, 0.018249806921160787], [0.04395250962222792, 0.22590757942157336, 0.0192277526929128, 0.009999986434381027, 0.68187139415524, 0.019040777673664886], [0.709144710971921, 0.16853819154181465, 0.018325144519008893, 0.011295859027744066, 0.07447365672002813, 0.018222437219483193], [0.707229735952131, 0.18418992869121303, 0.01861097452621148, 0.011351434286963153, 0.06049164360939137, 0.018126282934089