{"prediction": [[[0.9679695662696957, 0.00994095129770662, 0.001213484707413946, 0.00994095129770662, 0.00994095129770662, 0.000994095129770662], [0.966594222995719, 0.00994173505065932, 0.0025863983472372747, 0.00994173505065932, 0.00994173505065932, 0.000994173505065932], [0.9637680585713997, 0.014320671675707851, 0.0009959668069496597, 0.009959668069496597, 0.009959668069496597, 0.0009959668069496597], [0.9351933435410823, 0.034893461143944905, 0.008991157310723398, 0.009962875240118777, 0.009962875240118777, 0.0009962875240118777], [0.9280212596852538, 0.04403087050074865, 0.007024909778353683, 0.009963314302687614, 0.009963314302687614, 0.0009963314302687614], [0.9064221458627452, 0.05690810417824144, 0.013644579169105836, 0.00998129323567714, 0.012045748230662843, 0.0009981293235677138], [0.9380450692292907, 0.031894133203612084, 0.009138613047092663, 0.009962945009526047, 0.009962945009526047, 0.0009962945009526047], [0.943197510371609, 0.0272855041836982, 0.00859479573653641, 0.009962947480074563, 0.009962947480074563, 0.0009962947480074563], [0.9375405844727088, 0.035914048194734295, 0.005623133083753583, 0.009962968689906393, 0.009962968689906393, 0.0009962968689906392], [0.9142482768144544, 0.05370605989615629, 0.008740085470088954, 0.009981358679873521, 0.012326083271439437, 0.0009981358679873522], [0.9350898803663301, 0.0392775688288336, 0.004709164443121674, 0.009963517315102319, 0.009963517315102319, 0.0009963517315102319], [0.9340406598415654, 0.036346087685609964, 0.008691575007883588, 0.009962703554733936, 0.009962703554733936, 0.0009962703554733936], [0.9634884996993088, 0.014655941279240938, 0.000993434500975019, 0.00993434500975019, 0.00993434500975019, 0.000993434500975019], [0.9682614043870255, 0.009918311129054584, 0.0009918311129054583, 0.009918311129054584, 0.009918311129054584, 0.0009918311129054583], [0.9683098946073105, 0.009903157935215479, 0.000990315793521548, 0.009903157935215479, 0.009903157935215479, 0.000990315793521548], [0.968192102615, 0.009939967932812578, 0.0009939967932812578, 0.009939967932812578, 0.009939967932812578, 0.0009939967932812578], [0.9681956463059096, 0.009938860529403282, 0.0009938860529403282, 0.009938860529403282, 0.009938860529403282, 0.0009938860529403282], [0.9681943979774975, 0.009939250632032045, 0.0009939250632032045, 0.009939250632032045, 0.009939250632032045, 0.0009939250632032045], [0.9681572998381163, 0.009950843800588681, 0.000995084380058868, 0.009950843800588681, 0.009950843800588681, 0.000995084380058868], [0.9538571828249256, 0.024229259198808428, 0.0009960708171030028, 0.009960708171030027, 0.009960708171030027, 0.0009960708171030028], [0.9454654095512006, 0.032619740778311694, 0.0009961295304767182, 0.009961295304767182, 0.009961295304767182, 0.0009961295304767182], [0.9165997138572096, 0.0514566110037056, 0.00587816502832444, 0.00998122487323754, 0.015086162750199236, 0.000998122487323754], [0.9429662831298703, 0.03418367525619209, 0.0019275674903779193, 0.009963082915980888, 0.009963082915980888, 0.0009963082915980888], [0.9509250315288096, 0.02575286128050737, 0.0024001693237302563, 0.009962827555691918, 0.009962827555691918, 0.0009962827555691919], [0.9675347045258308, 0.01055384775539795, 0.0009959748963077873, 0.009959748963077872, 0.009959748963077872, 0.0009959748963077873], [0.968306234303181, 0.009904301780256015, 0.0009904301780256015, 0.009904301780256015, 0.009904301780256015, 0.0009904301780256015], [0.9683120765311057, 0.009902476084029478, 0.0009902476084029477, 0.009902476084029478, 0.009902476084029478, 0.0009902476084029477], [0.9681958028677972, 0.009938811603813423, 0.0009938811603813424, 0.009938811603813423, 0.009938811603813423, 0.0009938811603813424], [0.9681958028677972, 0.009938811603813423, 0.0009938811603813424, 0.009938811603813423, 0.009938811603813423, 0.0009938811603813424], [0.9681958028677972, 0.009938811603813423, 0.0009938811603813424, 0.009938811603813423, 0.009938811603813423, 0.0009938811603813424], [0.9681958028677972, 0.009938811603813423, 0.0009938811603813424, 0.009938811603813423, 0.009938811603813423, 0.0009938811603813424], [0.9681958028677972, 0.009938811603813423, 0.0009938811603813424, 0.009938811603813423, 0.009938811603813423, 0.0009938811603813424], [0.9681958028677972, 0.009938811603813423, 0.0009938811603813424, 0.009938811603813423, 0.009938811603813423, 0.0009938811603813424], [0.9681958028677972, 0.009938811603813423, 0.0009938811603813424, 0.009938811603813423, 0.009938811603813423, 0.0009938811603813424], [0.9681958028677972, 0.009938811603813423, 0.0009938811603813424, 0.009938811603813423, 0.009938811603813423, 0.0009938811603813424], [0.9681958028677972, 0.009938811603813423, 0.0009938811603813424, 0.009938811603813423, 0.009938811603813423, 0.0009938811603813424], [0.9681958028677972, 0.009938811603813423, 0.0009938811603813424, 0.009938811603813423, 0.009938811603813423, 0.0009938811603813424], [0.9681958028677972, 0.009938811603813423, 0.0009938811603813424, 0.009938811603813423, 0.009938811603813423, 0.0009938811603813424], [0.9681958028677972, 0.009938811603813423, 0.0009938811603813424, 0.009938811603813423, 0.009938811603813423, 0.0009938811603813424], [0.9681958028677972, 0.009938811603813423, 0.0009938811603813424, 0.009938811603813423, 0.009938811603813423, 0.0009938811603813424]], [[0.9662345908153483, 0.009940951223426649, 0.0029484603920292315, 0.009940951223426649, 0.009940951223426649, 0.0009940951223426648], [0.8722312132541471, 0.051224154097108704, 0.05357982726702507, 0.00999152465643934, 0.011974128259635957, 0.0009991524656439341], [0.22115446434912978, 0.0822457168649721, 0.08241726270201605, 0.012869121335045395, 0.6003136021200903, 0.000999832628746411], [0.580849372486318, 0.10019100376953137, 0.10353841353974795, 0.01629176880278512, 0.19812960877699223, 0.0009998326246255054], [0.07730340705722158, 0.14264938349352835, 0.17415053556427063, 0.01850096000239934, 0.5863958812627433, 0.000999832619836814], [0.2673878016271931, 0.15824773008948612, 0.17002973563058119, 0.020109666938666424, 0.3832252330951645, 0.0009998326189087443], [0.47048969112559785, 0.1323535280111398, 0.16954282579261584, 0.0174795346124915, 0.20913458784078162, 0.000999832617373328], [0.7624805255769204, 0.09058265359959976, 0.09880461915028514, 0.015507014936815878, 0.03162535411089521, 0.0009998326254835118], [0.24254060236625438, 0.13833900591362228, 0.16694772528493848, 0.01764312534800675, 0.4335297084686902, 0.0009998326184879652], [0.43245688840672775, 0.16179803726818484, 0.16697290834978137, 0.01947833580567652, 0.21829399755274329, 0.0009998326168862716], [0.07439260410262212, 0.140126903899131, 0.16828478367931893, 0.018093391408649077, 0.598102484292446, 0.000999832617833156], [0.7485134337762853, 0.10186501510515622, 0.10059615402836315, 0.015522511781568677, 0.03250305268360916, 0.0009998326250174037], [0.3342726830558332, 0.06974411830921795, 0.0691445686301062, 0.011063828002764287, 0.5147750882623515, 0.000999713739726845], [0.8889640807276348, 0.04491118411093596, 0.04455759422310904, 0.00997798890515816, 0.01059135314264625, 0.000997798890515816], [0.30528402550412614, 0.033382608869279344, 0.03537196667403738, 0.009968523738099993, 0.6149960228406472, 0.0009968523738099993], [0.020475820699313262, 0.029226482728628718, 0.0212873849117559, 0.009981299742813714, 0.918030881943207, 0.0009981299742813712], [0.1875797768992233, 0.03793947437561835, 0.03879599221730973, 0.009981533096191385, 0.7247050701020382, 0.0009981533096191386], [0.8820194928942225, 0.04923007538201124, 0.04528575198657833, 0.009992648614397517, 0.012472766261350783, 0.0009992648614397517], [0.813305900229604, 0.07034385882185608, 0.07706706033762467, 0.012164749509472087, 0.02611859847265412, 0.0009998326287891453], [0.7685298230995782, 0.08665753913033088, 0.09613107417410588, 0.01484086481718327, 0.03284086615296918, 0.0009998326258326424], [0.4795598420571291, 0.13260247036295317, 0.16146880153448684, 0.01698561468725765, 0.2083834387411226, 0.000999832617050694], [0.2634490866684965, 0.1529396259770647, 0.16170459714795873, 0.01968366829858345, 0.4012231892914801, 0.0009998326164166068], [0.6461674459349366, 0.13259385279508276, 0.16170948190485862, 0.016984510826319105, 0.041544875921758116, 0.0009998326170449644], [0.599448090202779, 0.0881412759989864, 0.09645797948369449, 0.015543909092938266, 0.19940891259579757, 0.0009998326258044076], [0.8038157112546538, 0.08072398287882153, 0.07569369569964804, 0.012444396225498252, 0.02632238131200017, 0.000999832629378273], [0.032005901086014005, 0.05020101930777518, 0.03983440148074822, 0.009985611669624556, 0.8669745052888757, 0.0009985611669624556], [0.9146922931028945, 0.03676454839071135, 0.02763859547448924, 0.009954553824716782, 0.009954553824716782, 0.0009954553824716782], [0.1864968025736215, 0.031690554266413665, 0.0200629953922682, 0.009981371009610133, 0.7507701396571256, 0.0009981371009610133], [0.7648957065349703, 0.030696801651458664, 0.018324499544577637, 0.009981334793891475, 0.17510352399571308, 0.0009981334793891475], [0.01929229935214878, 0.025694241921795764, 0.012088902426689665, 0.009981238721350257, 0.9319451937058806, 0.0009981238721350257], [0.017425992029751976, 0.02155624402476615, 0.01091448985783999, 0.009981248696769394, 0.9391239005211955, 0.0009981248696769394], [0.9469824170642805, 0.019515686517810577, 0.012575236890409928, 0.009965075965475806, 0.009965075965475806, 0.0009965075965475804], [0.9435133145395137, 0.018222356472798767, 0.01733955034801402, 0.009964180304606456, 0.009964180304606456, 0.0009964180304606457], [0.7729611638220425, 0.024631819670912207, 0.016803096502999503, 0.009981192318993595, 0.17462460845315292, 0.0009981192318993595], [0.020927392766293247, 0.036937731059644895, 0.03738218373380369, 0.009981511889532483, 0.8937730293617725, 0.0009981511889532483], [0.8945887779609605, 0.04240972542871187, 0.04204322793577004, 0.009980127940265614, 0.009980127940265614, 0.0009980127940265615], [0.8810299376542481, 0.04560180917749061, 0.050327872078379535, 0.009989976203984525, 0.012051407265498781, 0.0009989976203984526], [0.6914998471525788, 0.053053430236703836, 0.0610485791955752, 0.010717383160488743, 0.18268092762523278, 0.0009998326294205725], [0.8812845260588233, 0.04807740677046611, 0.047558926207731396, 0.009989382443857584, 0.012090820274735813, 0.0009989382443857584], [0.968193211550177, 0.00993962139056975, 0.0009939621390569748, 0.00993962139056975, 0.00993962139056975, 0.0009939621390569748]], [[0.9665966029394005, 0.009940951238925569, 0.0025864482199302896, 0.009940951238925569, 0.009940951238925569, 0.000994095123892557], [0.6744262071249898, 0.06497881458573117, 0.06525501969219126, 0.011531650108637288, 0.18280847585822352, 0.0009998326302270986], [0.06097828286021782, 0.17038163792824657, 0.017380407532973513, 0.01357539670022457, 0.7366844423508837, 0.0009998326274539993], [0.7088998842903603, 0.21130755819359132, 0.018810906744203947, 0.016696813603867443, 0.043285004545206986, 0.000999832622770222], [0.635067384192033, 0.2646962889238398, 0.019501550242087287, 0.022145917371797465, 0.057589026644731846, 0.0009998326255107205], [0.4521018263959347, 0.37073580915710136, 0.01426463360488703, 0.02836389793002962, 0.13353400028530818, 0.0009998326267390222], [0.6508052586705956, 0.2521779248619892, 0.01634613089187565, 0.021965379006384282, 0.057705473943449284, 0.0009998326257061043], [0.7369708091385693, 0.1868502378143441, 0.016557832567394622, 0.015973642231772466, 0.04264764562404097, 0.0009998326238786126], [0.4908112435460269, 0.24578312926891654, 0.01778293769577751, 0.02112544686884878, 0.2234974099949237, 0.0009998326255066157], [0.46193579569035154, 0.356482203763909, 0.011665479029176678, 0.02712823936533665, 0.14178844952427333, 0.0009998326269528481], [0.2732377533585741, 0.25114031329434716, 0.014637803495029493, 0.023047082367413287, 0.4369372148595627, 0.0009998326250734053], [0.7146625672596714, 0.20576816274507848, 0.01724297517361809, 0.016738399354973354, 0.04458806284387875, 0.0009998326227800846], [0.8067032148687392, 0.14320118102920917, 0.011938444228583901, 0.011641281004924415, 0.025516165130898893, 0.000999713737644637], [0.8556956888235577, 0.10442722005865054, 0.01402993384319003, 0.009995918231248528, 0.014851647220228345, 0.0009995918231248528], [0.7407193793719075, 0.08294062281849889, 0.013468280810307839, 0.009968584399129603, 0.15190627416024322, 0.0009968584399129604], [0.9018561507755524, 0.0754289924561885, 0.0015217981753073468, 0.009981328662039008, 0.010213597064708837, 0.0009981328662039008], [0.8927415058541891, 0.08260639802735878, 0.00226901127892042, 0.009981548331547182, 0.011403381674829958, 0.0009981548331547182], [0.6832041375531591, 0.2824583876018125, 0.0038743371933661363, 0.011598206739290354, 0.01786509828221891, 0.0009998326301529907], [0.6215360020418348, 0.1631576883680975, 0.004406425994905588, 0.013156915176929547, 0.1967431357908859, 0.000999832627346612], [0.734780504798387, 0.19561828227732025, 0.007790418227591307, 0.016516596794413533, 0.044294365277602124, 0.0009998326246856797], [0.49082388186109316, 0.2543016399564497, 0.007633142483785919, 0.021747081079192973, 0.2244944219924351, 0.0009998326270431294], [0.462108991017038, 0.35274449983420175, 0.011213087794085643, 0.028195545080864217, 0.14473804364765955, 0.0009998326261507608], [0.6650984368657611, 0.24563903596199685, 0.009691401678629037, 0.021282855298744022, 0.05728843756842266, 0.0009998326264463165], [0.5724720962245613, 0.19047672544439154, 0.00890003696248725, 0.016393233893924206, 0.21075807484985729, 0.0009998326247786392], [0.22889764150531416, 0.1684041548935603, 0.005088607855477962, 0.013635472906974842, 0.5829742902108002, 0.0009998326278727724], [0.8584440401854009, 0.11308206492875311, 0.001547531773159452, 0.010222813263705752, 0.015703836108120085, 0.0009997137408607557], [0.30525671661782644, 0.07798801823142582, 0.0035519738642853195, 0.00996854847314131, 0.6022378879660071, 0.000996854847314131], [0.8959375564291083, 0.0791877727765061, 0.0011491330183267068, 0.009981310109807835, 0.01274609665527046, 0.0009981310109807835], [0.018834371089013206, 0.06868290097468681, 0.009963044372643927, 0.009963044372643927, 0.8915603347537479, 0.0009963044372643928], [0.9136070320840138, 0.0632814165995542, 0.002167560920974025, 0.009973328759741898, 0.009973328759741898, 0.0009973328759741897], [0.9182561836487512, 0.050909562352243275, 0.009946533548066351, 0.009946533548066351, 0.009946533548066351, 0.000994653354806635], [0.9245450446871272, 0.04462651885317497, 0.009944656922483204, 0.009944656922483204, 0.009944656922483204, 0.0009944656922483204], [0.921733477178207, 0.0531501535452139, 0.004192107950205559, 0.009963933964939902, 0.009963933964939902, 0.0009963933964939903], [0.18691216303305308, 0.07254107300992749, 0.011013661027819742, 0.009981526249465248, 0.7185534240547881, 0.0009981526249465248], [0.7179489925384401, 0.0855840029935768, 0.009063288747603447, 0.009981586622780009, 0.17642397043532163, 0.0009981586622780007], [0.683097652667552, 0.1127042931632867, 0.009983106469391047, 0.010476516823720652, 0.016523947712015964, 0.16721448316403364], [0.8000311126968379, 0.15374534537971324, 0.009335404334137425, 0.01134932867052655, 0.024538976292647365, 0.000999832626137619], [0.6166206591520781, 0.16042037077373117, 0.01493444962825431, 0.012565140170979464, 0.19445954764916568, 0.000999832625791253], [0.22097116024710856, 0.08180866302771582, 0.08152121441214899, 0.012565840736164107, 0.6021332889481825, 0.000999832628679976], [0.9637643334151221, 0.014324396765047574, 0.000995966809992292, 0.00995966809992292, 0.00995966809992292, 0.000995966809992292]], [[0.968187881153624, 0.009941287139492529, 0.000994128713949253, 0.009941287139492529, 0.009941287139492529, 0.000994128713949253], [0.03622152963345345, 0.055950675948593154, 0.04882841652176886, 0.009993297241177179, 0.8480067509308898, 0.000999329724117718], [0.6092397388588042, 0.33366343146820127, 0.01845615559604968, 0.012549783865887058, 0.02509105758482951, 0.000999832626228379], [0.7466340482901235, 0.18299125354195586, 0.017695239864147793, 0.01766573114281598, 0.034013894536313996, 0.0009998326246428478], [0.2547709805105342, 0.24748874427582365, 0.018156073909014005, 0.021323112423074258, 0.4572612562541495, 0.0009998326274045085], [0.6398368718702755, 0.26053833067228377, 0.016589819762740498, 0.02251412096686397, 0.05952102410251876, 0.000999832625317535], [0.5179112696503668, 0.23090334077310154, 0.015201107573081232, 0.019816879696273475, 0.21516756968216616, 0.0009998326250106608], [0.7653309128988746, 0.16578797616079954, 0.013831543704843094, 0.01750212452052912, 0.03654761008906378, 0.0009998326258898428], [0.688665619559697, 0.2280964948750608, 0.014925898283405173, 0.019629886597585567, 0.04768226805998133, 0.0009998326242703433], [0.5965331308256309, 0.3031016502889826, 0.0190029898538148, 0.02220996641797528, 0.058152429990143015, 0.0009998326234533458], [0.5960460485805904, 0.3031771569634254, 0.016629243815025584, 0.0235198536094422, 0.05962786440803436, 0.0009998326234820073], [0.506403925350309, 0.4089409317493137, 0.015972139301071542, 0.020343418698792456, 0.04733975227692634, 0.0009998326235870199], [0.3456195156769623, 0.15118774377679367, 0.009719595812755373, 0.014956524233901307, 0.4775169067610833, 0.000999713738504132], [0.5408515193257131, 0.13217722640986362, 0.0037960240750612422, 0.011822758971042853, 0.3103527574793466, 0.000999713738972719], [0.7407831148602086, 0.08861531569429056, 0.00411874075914066, 0.009996999074812392, 0.15548612970406658, 0.0009996999074812392], [0.193002396756463, 0.07773078679083785, 0.004400390501468641, 0.010025256462516542, 0.7138413368575034, 0.0009998326312106688], [0.8925854977553798, 0.08098766154399281, 0.003033732488954409, 0.009997973027470637, 0.012395337881455266, 0.0009997973027470637], [0.8571868261005922, 0.11317170493486574, 0.0014982495856441375, 0.012267697144187033, 0.014875689605135509, 0.0009998326295754833], [0.2272065139795923, 0.16155325792580602, 0.0032131684615541328, 0.014660460757604514, 0.5923667662469173, 0.0009998326285259264], [0.23658234790288343, 0.1848227789735173, 0.0021272368100509623, 0.01752880477580011, 0.557938998910542, 0.0009998326272062136], [0.6878512871716461, 0.23923462592117872, 0.004290110577853043, 0.020147169546013054, 0.04747697415739769, 0.0009998326259113679], [0.6649653042612389, 0.24554068299181292, 0.008569996798733173, 0.02159340917432635, 0.05833077414746844, 0.0009998326264202585], [0.6960870688680353, 0.2287057895212553, 0.008527068982486395, 0.018870104780820567, 0.04681013522248819, 0.0009998326249141638], [0.6014219441448136, 0.17303234729094422, 0.005825762299691691, 0.016326847706608534, 0.2023932659310829, 0.0009998326268591483], [0.22687438199503768, 0.15718038299593398, 0.005416506320870075, 0.01444525186889782, 0.595083644191281, 0.0009998326279795245], [0.5891424590861928, 0.09931284519912024, 0.0017947334568430234, 0.010400198480414086, 0.2983500500371972, 0.0009997137402328825], [0.31017749354548035, 0.07602692791872068, 0.002639425304894046, 0.009983621599799012, 0.600174169471126, 0.0009983621599799013], [0.19563935987043493, 0.0870402272835579, 0.0015230324805698445, 0.01018399275187633, 0.7046135549806791, 0.0009998326328818248], [0.7257235904905796, 0.08162573019361662, 0.003711017675277548, 0.009987103477816976, 0.1779538478149277, 0.0009987103477816976], [0.9006859961266308, 0.06842825154489354, 0.009963145912411544, 0.009963145912411544, 0.009963145912411544, 0.0009963145912411544], [0.9235722080853046, 0.05221886212775812, 0.003254233772746632, 0.009978426673424216, 0.009978426673424216, 0.0009978426673424216], [0.9238268438132672, 0.05223638393204621, 0.0029820083477702184, 0.009978459003293597, 0.009978459003293597, 0.0009978459003293597], [0.9150874574376451, 0.058449498797884324, 0.004991456107017974, 0.009981471699373945, 0.010491968788141544, 0.0009981471699373945], [0.8893916334075368, 0.08206912713990865, 0.00598034498273805, 0.00998988223797084, 0.011570024008048739, 0.0009989882237970839], [0.6864078689102125, 0.10600063419824826, 0.009983152472270091, 0.011897459894212625, 0.01849517001729371, 0.1672157145077628], [0.6146505774887429, 0.16531641638058178, 0.008572885263461245, 0.013593144835633545, 0.030367711273757477, 0.16749926475782312], [0.7656967463576791, 0.17503376837918214, 0.00790114003081104, 0.01595453376020028, 0.03441397884547713, 0.0009998326266505465], [0.2511392630577253, 0.20946199857520942, 0.01641681846254484, 0.018285038354033178, 0.503697048921412, 0.0009998326290754167], [0.75969885112093, 0.09458605038058418, 0.0979487335498541, 0.015041921995199332, 0.03172461032713569, 0.0009998326262964923], [0.9510273767915133, 0.02586967289213, 0.002181653763342386, 0.00996252216810215, 0.00996252216810215, 0.000996252216810215]], [[0.9681927359108994, 0.009939770027843966, 0.0009939770027843965, 0.009939770027843966, 0.009939770027843966, 0.0009939770027843965], [0.022508045121874317, 0.047442701807402336, 0.04714596477978274, 0.009981594785277173, 0.8719235340271358, 0.0009981594785277172], [0.668825013203419, 0.28819505974206, 0.013264699497862967, 0.01154843217152139, 0.017166962756154085, 0.0009998326289825789], [0.7615816798459919, 0.17361253476130847, 0.01727818631269002, 0.01564103445351096, 0.03088673200144382, 0.0009998326250549544], [0.0706341087847061, 0.18798829273758533, 0.016559971034354127, 0.01794143663632118, 0.7058763581812062, 0.000999832625827139], [0.09273704502191896, 0.21682030305049932, 0.01628738735417405, 0.019956846619062538, 0.6531985853275578, 0.0009998326267872885], [0.7488239478010981, 0.17623904669685347, 0.016983082613900413, 0.018151214542761366, 0.03880287572038475, 0.0009998326250020334], [0.5650737197542873, 0.18643850251076957, 0.013410554237336909, 0.019089869085528934, 0.214987521788061, 0.0009998326240162564], [0.7328445789927969, 0.18656271408511244, 0.01355311001831819, 0.017919154871309198, 0.048120609408371436, 0.0009998326240919996], [0.49523721423326034, 0.2395272526206676, 0.01740889434850576, 0.021551061573882774, 0.2252757445978428, 0.000999832625840879], [0.30548920495271875, 0.5078515787848064, 0.010286724992333079, 0.028038944346017985, 0.14733371429619094, 0.000999832627932859], [0.4882694522718264, 0.41105339212565195, 0.01809054940222366, 0.022308236802084384, 0.05927853677219429, 0.0009998326260195723], [0.3655004587981612, 0.16927040395842075, 0.009390478663672378, 0.015707486195193816, 0.43913145864533415, 0.0009997137392177332], [0.8215398713576038, 0.1314658701902783, 0.004348993617574099, 0.012764999763351298, 0.0288805513330433, 0.0009997137381493667], [0.58279700392982, 0.09502336522365885, 0.0033147171161172456, 0.013214197689343286, 0.3046510023009969, 0.000999713740063732], [0.89514844782748, 0.07527502502347418, 0.0014453106208793536, 0.012110863447064385, 0.015020520450024543, 0.0009998326310776406], [0.028252674319849493, 0.24115834800246433, 0.0009996758118799877, 0.011978792827268572, 0.7166108332266578, 0.0009996758118799877], [0.8691150637657701, 0.09966297950131471, 0.0009996636609193269, 0.01326461711570161, 0.01595801229537511, 0.0009996636609193269], [0.2166336141896238, 0.1273878774927556, 0.0014166608437018425, 0.016017648218240144, 0.637544366626468, 0.0009998326292106569], [0.7711955797319925, 0.1755660534477748, 0.0009996642565013108, 0.016135046491423437, 0.03510399181580675, 0.0009996642565013108], [0.23934657041012708, 0.1749490015778837, 0.0034721471512537227, 0.01775763126759433, 0.5634748169648747, 0.0009998326282666056], [0.745110889529655, 0.18245385798447428, 0.007997078517970773, 0.01696678660805551, 0.04647155473548303, 0.000999832624361555], [0.7792596813901582, 0.1590101295422316, 0.006617790237417858, 0.016081462442448548, 0.038031103760599275, 0.0009998326271445303], [0.7872546991769592, 0.15711640181326852, 0.005733444365170462, 0.015143867238513907, 0.03375175477911083, 0.0009998326269771505], [0.8436898447154663, 0.11428939346151655, 0.003652368681004854, 0.015380039076405087, 0.021988521436496482, 0.0009998326291109324], [0.8821486668204155, 0.08694256240307895, 0.0022490958561722837, 0.01264225299492445, 0.015017708185335727, 0.0009997137400732136], [0.8523560692071156, 0.1123820852882396, 0.0016658811918214894, 0.013616509507820262, 0.01897974106520353, 0.0009997137397995735], [0.21039926856360924, 0.11487732121053575, 0.002723747114570458, 0.01477697754177824, 0.656222852940005, 0.0009998326295014793], [0.19823593131851347, 0.10298617643476325, 0.002456522106455265, 0.01331700564004055, 0.682004531870127, 0.0009998326301005806], [0.8892688949350784, 0.07733168033008847, 0.004038488500304297, 0.012730932078218987, 0.015630171525711816, 0.0009998326305980844], [0.9128558112040632, 0.053365178565878406, 0.00997190224593679, 0.00997190224593679, 0.01283801551359123, 0.000997190224593679], [0.750454786021185, 0.049622427878684656, 0.009969152999309016, 0.009969152999309016, 0.1789875648015814, 0.0009969152999309016], [0.7435139732086721, 0.05315284729531573, 0.010568473996131639, 0.011100237629266037, 0.18066463524055293, 0.0009998326300616081], [0.8735237268077543, 0.08612930129483803, 0.009981275459477607, 0.013269196158535316, 0.016098372733446963, 0.0009981275459477607], [0.8098165655701374, 0.13880971597584235, 0.005983575391952774, 0.014191660923000554, 0.030198649511230885, 0.0009998326278361758], [0.7726166774480622, 0.16511628445716325, 0.00852981493908426, 0.01586367052821162, 0.036873720001186, 0.000999832626292929], [0.6763663072064672, 0.24306122631334964, 0.012774518870050933, 0.019086640697673792, 0.047711474286467735, 0.0009998326259907215], [0.6455804319389554, 0.26063605822073266, 0.012343570962080455, 0.02189403646376528, 0.05854606978688826, 0.0009998326275781275], [0.4692750042554858, 0.13675066983389716, 0.16631862771395295, 0.01727841487089015, 0.20937745070759264, 0.0009998326181814424], [0.9444664330387812, 0.03215941471668803, 0.0024519378206728612, 0.009962959249456194, 0.009962959249456194, 0.0009962959249456196]], [[0.9679872863181284, 0.009940951298465275, 0.0011957646566294812, 0.009940951298465275, 0.009940951298465275, 0.0009940951298465276], [0.9004573482928822, 0.03657512526218707, 0.04200770592809329, 0.009980866912779827, 0.009980866912779827, 0.0009980866912779828], [0.8598855758678253, 0.10160205076300326, 0.01698475380048082, 0.009983821508448867, 0.010545415909396937, 0.0009983821508448866], [0.653788244803299, 0.2956151836739151, 0.017026427494748538, 0.013508968539340712, 0.019061342861332372, 0.0009998326273643382], [0.061772564283591326, 0.1636143316385064, 0.015125354241557979, 0.01576400673635462, 0.7427239104739932, 0.0009998326259965992], [0.08819695117117882, 0.1745596071747111, 0.014202774582124635, 0.017988709014666874, 0.7040521254318907, 0.0009998326254279447], [0.09163482892915757, 0.2314203453451408, 0.014309711127698788, 0.0210777383667573, 0.6405575436056304, 0.0009998326256150719], [0.49511929444015423, 0.2363878159593369, 0.016423707409854462, 0.022682857610443086, 0.22838649195417113, 0.0009998326260402775], [0.6947748935867075, 0.21883037554560278, 0.013811103260853209, 0.020618204014258235, 0.0509655909676064, 0.0009998326249717443], [0.2593951479479254, 0.22354059068249418, 0.010443375398128358, 0.01993150173108708, 0.4856895516137451, 0.0009998326266199055], [0.6721257655732014, 0.23600374882520667, 0.007989340439314674, 0.021921863008638628, 0.06095944952698104, 0.0009998326266577383], [0.5368985413226254, 0.21833550083169145, 0.007557761983251445, 0.019431321849645654, 0.21677704138670692, 0.0009998326260791776], [0.6668758503701893, 0.13776116160133184, 0.0028063539600365495, 0.014667424035014852, 0.1768894962952587, 0.0009997137381689575], [0.8312016899320553, 0.12526884226744617, 0.0018189749980048635, 0.012941983176783377, 0.02776879588669718, 0.0009997137390132364], [0.883306654939556, 0.08469172013265067, 0.0024948738582581485, 0.01250266050847493, 0.016004376821411623, 0.0009997137396487216], [0.890963770717868, 0.0786975213252727, 0.0009996652496712696, 0.012428730212005542, 0.01591064724551125, 0.0009996652496712696], [0.19676319749741228, 0.07152334546399154, 0.0016566071928092144, 0.011016118454708505, 0.718040898759421, 0.0009998326316575953], [0.7140478167605533, 0.2553394873416627, 0.0009996636628265743, 0.01282800027508364, 0.01578536829704716, 0.0009996636628265743], [0.20146458622338073, 0.10190400680540962, 0.001441605083818545, 0.013805986365449318, 0.6803839828922247, 0.0009998326297172356], [0.8350377796029917, 0.12383180046673549, 0.0009996649734692413, 0.015820409336294167, 0.023310680647040203, 0.0009996649734692413], [0.8021577867182816, 0.14676216310647716, 0.0026747145535731425, 0.015122706293651518, 0.03228279670047721, 0.0009998326275395676], [0.7989874201142819, 0.14664396622922038, 0.003955986036306863, 0.014676953319490347, 0.03473584167388532, 0.0009998326268152754], [0.8119478315711428, 0.13849572274207883, 0.002948935433170233, 0.014118356634077697, 0.03148932099250472, 0.0009998326270255137], [0.2189052756797634, 0.11125026926789294, 0.00859856408684833, 0.015764374504599755, 0.64448168383152, 0.0009998326293756087], [0.6890395050220924, 0.10296719851334929, 0.0032453847825944294, 0.014608767719740201, 0.18913931133373882, 0.0009998326284850092], [0.5467402775145579, 0.12276949205914303, 0.003135965186387132, 0.013023408816451228, 0.31333114268466467, 0.0009997137387961958], [0.8128708856923782, 0.14114667205594028, 0.0011195080031637826, 0.013465403649244529, 0.03039781686091473, 0.0009997137383585494], [0.23305622373928112, 0.1631106379220621, 0.001858886733774381, 0.015803439734594256, 0.5851709792415828, 0.00099983262870545], [0.826002092812737, 0.1319785008242745, 0.002182059246417251, 0.015903585786895727, 0.022933928701351417, 0.000999832628324337], [0.2011162083937182, 0.09830221217286624, 0.004175871403760894, 0.013754352730982954, 0.6816515226693064, 0.0009998326293653719], [0.8980486126488334, 0.06833519854687867, 0.004974069014813709, 0.011998076499626548, 0.015644210659474765, 0.00099983263037292], [0.9146446008328162, 0.05061060812555003, 0.009971151608191743, 0.009971151608191743, 0.01380537266443126, 0.0009971151608191744], [0.905501169099256, 0.056565428869078706, 0.009952237698614474, 0.011693281733875982, 0.015288049969437775, 0.000999832629737011], [0.21833460130476093, 0.11101036597100579, 0.00998146996081196, 0.015682452435536263, 0.643992963331804, 0.000998146996081196], [0.793075490443694, 0.1513994264099038, 0.005491684771699472, 0.014808958318360866, 0.034224607429766955, 0.000999832626574973], [0.2594549083760168, 0.2061510719703605, 0.012037489222201027, 0.01844454210229588, 0.5029121557010781, 0.0009998326280477785], [0.4890297776030045, 0.253008358249965, 0.009711226465148505, 0.02186563574881246, 0.05888573675201276, 0.16749926518105668], [0.2874045693625249, 0.36537949942880765, 0.015902526494451223, 0.028738754579972714, 0.30157481750702236, 0.0009998326272211621], [0.2667143955127847, 0.15516632456731977, 0.17068066144046828, 0.020641094778571227, 0.38579769108262396, 0.0009998326182321337], [0.919269188150826, 0.04868614910769267, 0.0077018122145446925, 0.00998128670287662, 0.013363435153772312, 0.000998128670287662]], [[0.9681958028677972, 0.009938811603813423, 0.0009938811603813424, 0.009938811603813423, 0.009938811603813423, 0.0009938811603813424], [0.18712751306702244, 0.026054898425592582, 0.019809832638386163, 0.009981315082740293, 0.7560283092779847, 0.0009981315082740294], [0.8907608408920853, 0.07526084369814698, 0.01226624079207573, 0.009981511724045062, 0.01073241172124245, 0.0009981511724045061], [0.21358490926588355, 0.1270502932093187, 0.014145071467322126, 0.0132068004808408, 0.6310130929482469, 0.0009998326283880898], [0.7498449230279521, 0.1811112756390032, 0.01502615746055793, 0.01632603710766187, 0.03669177413715846, 0.000999832627666496], [0.10242765704821416, 0.20666842648316924, 0.015027721735509893, 0.01901012867273691, 0.6558662334359507, 0.0009998326244192337], [0.12324720331609358, 0.23742127397701263, 0.01372029466852881, 0.023198617478410906, 0.6014127779353378, 0.000999832624616301], [0.30639200015270807, 0.5077676720739307, 0.005205729706609136, 0.029058965865747004, 0.1505757995734905, 0.0009998326275146897], [0.5001659286530764, 0.23100869806677662, 0.01503928719113709, 0.02376977531236576, 0.22901647815072307, 0.000999832625921161], [0.5724951224145813, 0.18754635683413587, 0.00556441216663392, 0.017934633731844334, 0.21545964222777955, 0.0009998326250251364], [0.5801420090364572, 0.18118124008584885, 0.003904688200566713, 0.01819657965175967, 0.21557565040016122, 0.0009998326252063704], [0.7834079882370827, 0.15528368833450623, 0.002855743151151709, 0.01727479822946954, 0.040177949420065945, 0.0009998326277238791], [0.819294251410694, 0.1318545191926764, 0.0018807312286005346, 0.013973796157440058, 0.03199698827201675, 0.0009997137385721942], [0.7209052567963717, 0.1002423712710728, 0.0011685009228434577, 0.013600332770898347, 0.16308382449848663, 0.0009997137403271], [0.02979552104880241, 0.08009982465101036, 0.0012455695563773465, 0.011550407982370375, 0.8763089630201687, 0.0009997137412709146], [0.729559120956508, 0.07473892374846577, 0.0009996636635417732, 0.011930751194329734, 0.18177187677361317, 0.0009996636635417732], [0.7401072271564695, 0.23209023368857445, 0.0009998177485051327, 0.010857457432042712, 0.014945446225903148, 0.0009998177485051327], [0.8981550669083901, 0.07326574431586277, 0.0009996636629841327, 0.011458806459354695, 0.015121054990424114, 0.0009996636629841327], [0.034464516567601834, 0.0792232630374798, 0.0015914154441691404, 0.012908474024871733, 0.8708124982945518, 0.0009998326313258308], [0.877405315138008, 0.09132271854806914, 0.0009996640195942745, 0.01317155203029196, 0.01610108624444236, 0.0009996640195942745], [0.8743628037162543, 0.08887526524364701, 0.0023400800855139774, 0.01450161638719422, 0.018920401938119884, 0.0009998326292706221], [0.8550869042168713, 0.10094411199129627, 0.004575928250213052, 0.015020901071076571, 0.023372321841451993, 0.0009998326290907914], [0.7127636680836683, 0.08406931564427063, 0.0034443216703055417, 0.013842226263049864, 0.18488063570940474, 0.0009998326293009013], [0.8592730821042186, 0.0991730871208778, 0.0029865573104286627, 0.014684448241599412, 0.02288299259387457, 0.0009998326290009921], [0.8013580464879445, 0.1425036594905662, 0.005828601671056255, 0.014490337752361247, 0.034819521970619924, 0.0009998326274520243], [0.5310049775035006, 0.13079171534852055, 0.0026941507012741357, 0.014779615942447895, 0.3197298267656168, 0.000999713738640051], [0.7771330933461575, 0.1615768479394873, 0.002562830857546386, 0.01571775563463432, 0.04200975848533694, 0.0009997137368376635], [0.24556201346785103, 0.16603799981681594, 0.0015330706032557, 0.01816492322006302, 0.5677021602632686, 0.000999832628745801], [0.777737592483868, 0.1685104629250248, 0.0009996636565514348, 0.016366245100502497, 0.035386372177501936, 0.0009996636565514348], [0.22043154770344134, 0.11467077388587964, 0.0042757135074982505, 0.01628783029262155, 0.643334301980261, 0.0009998326302982767], [0.8786100935703025, 0.08220776148770051, 0.00998122177064566, 0.012548418356762491, 0.01565438263752454, 0.000998122177064566], [0.9101368786297945, 0.05824587535148483, 0.00528488448480253, 0.010574017884976035, 0.014758511019369532, 0.000999832629572503], [0.7197666206381887, 0.07561201157341588, 0.009981138660077563, 0.012060138244161555, 0.18158197701814854, 0.0009981138660077563], [0.8473977977807222, 0.10744751081375503, 0.005788149981792063, 0.015304164467311587, 0.023062544327490147, 0.0009998326289289185], [0.7843131605555129, 0.15813236661902524, 0.006097907744009693, 0.01527695352266984, 0.03517977893210475, 0.0009998326266776525], [0.7641661141591478, 0.17198453883784784, 0.0066008804819932786, 0.017188036901606602, 0.039060596993069095, 0.0009998326263354874], [0.5094348756587667, 0.24640724596972827, 0.007243936946672274, 0.020759866397516622, 0.04865481113551048, 0.16749926389180572], [0.6462211687263217, 0.2637300858648856, 0.006337595089313685, 0.023442988171805134, 0.059268329521055124, 0.0009998326266186003], [0.46957363728693174, 0.13596208650264616, 0.1651345598213212, 0.018628755717038824, 0.20970112805433633, 0.0009998326177257672], [0.94460468924186, 0.032165109891245845, 0.0023079354417309774, 0.009962983535792077, 0.009962983535792077, 0.0009962983535792076]], [[0.9681958028677972, 0.009938811603813423, 0.0009938811603813424, 0.009938811603813423, 0.009938811603813423, 0.0009938811603813424], [0.9264715651223858, 0.02674362118332875, 0.02585984611861683, 0.009964270274127962, 0.009964270274127962, 0.0009964270274127962], [0.8798904856065586, 0.08135075127180387, 0.016924825489711172, 0.009981528143440253, 0.010854256674142282, 0.0009981528143440251], [0.6781236326461938, 0.2777742775959071, 0.01704422794707271, 0.011900897078066913, 0.01415713210499579, 0.0009998326277638266], [0.22750912039518129, 0.16192857466089577, 0.017135155090239766, 0.015685250121887144, 0.5767420671062846, 0.0009998326255114252], [0.24563011099166082, 0.17308801832824652, 0.014348595346498962, 0.01819680504929252, 0.547736637657882, 0.0009998326264191696], [0.09026880250197156, 0.3957647638510761, 0.013961381554892285, 0.02112534043928967, 0.47787987902647217, 0.0009998326262984703], [0.6624807704658005, 0.23723338256167198, 0.013075660508180086, 0.023408487120722268, 0.06280186671786968, 0.0009998326257555368], [0.09417294209109245, 0.2248781249787144, 0.0046603939604752545, 0.021599851772127185, 0.6536888545698711, 0.0009998326277196982], [0.6082355151081287, 0.16584155047364435, 0.0011449477362596647, 0.01731040131627155, 0.20646775273811657, 0.0009998326275793593], [0.24092347272019748, 0.15695059307439685, 0.0029559253017574895, 0.01608548633047787, 0.5820846899450368, 0.0009998326281335523], [0.6371297970223778, 0.31201198716838696, 0.0022875921043432196, 0.015322431179146423, 0.03224835989786768, 0.000999832627878071], [0.8622026232616125, 0.10181234414813807, 0.000999621403686465, 0.013774488903512945, 0.020211300879363778, 0.000999621403686465], [0.3165930625124373, 0.08601703231472045, 0.0009994262276708358, 0.011808993429275667, 0.5835820592882252, 0.0009994262276708358], [0.029192100598853226, 0.0735759358144351, 0.0009994262305509987, 0.011043705013260742, 0.884189406112349, 0.0009994262305509987], [0.8858756735421263, 0.08345058766244842, 0.0009996636634713393, 0.012836011140584403, 0.015838400327898367, 0.0009996636634713393], [0.03546395143933905, 0.07601715432675898, 0.00185805119375408, 0.013001427382019494, 0.8726595830264054, 0.0009998326317229584], [0.7149922972490126, 0.08675279924923816, 0.0011838888935442476, 0.013295492037894433, 0.18277568994046153, 0.0009998326298490893], [0.8686090981456374, 0.09525267352291031, 0.0011950608411795563, 0.014915515968237553, 0.019027818892188728, 0.0009998326298464827], [0.22081242779026367, 0.11481228544530742, 0.0014090266346379605, 0.016088738388734248, 0.6458776891114295, 0.0009998326296273704], [0.6997476234610389, 0.09848064403410763, 0.0009996647191105317, 0.014382300487815107, 0.18539010257881716, 0.0009996647191105317], [0.7181771731728951, 0.08390288469544965, 0.0016984025931675907, 0.012715027463602481, 0.18250667944543117, 0.0009998326294540175], [0.70907572079021, 0.0875213821391151, 0.002884266956508432, 0.014180610884573466, 0.18533818660042747, 0.000999832629165796], [0.8113531918983, 0.1367021926422459, 0.004217701186732974, 0.014767566923838949, 0.03195951472132494, 0.0009998326275572644], [0.7890498811373883, 0.14896935893814736, 0.005399523295026266, 0.01625018557929261, 0.03933121842262934, 0.0009998326275161213], [0.46174890347277175, 0.18756959071056883, 0.00304997963786924, 0.01748495417966056, 0.3291468582610786, 0.000999713738051002], [0.7171810