{"prediction": [[[0.8622935436594815, 0.04168789077946899, 0.03739659994161088, 0.010867905736042271, 0.037754073602518375, 0.009999986280878096], [0.8641337099905658, 0.04039766274370243, 0.03694108077927433, 0.010755720286850571, 0.03777183991872881, 0.009999986280878085], [0.8670797271817549, 0.04095594943949156, 0.032970296711452164, 0.010798560924759833, 0.03819547946166357, 0.009999986280878054], [0.871692651458089, 0.042477794651992994, 0.026371012362857993, 0.010946235385486506, 0.03851231986069547, 0.009999986280878002], [0.8706328914869149, 0.04223617410254281, 0.027908082177724104, 0.010927298907015005, 0.03829556704492522, 0.009999986280878023], [0.8621889501590511, 0.04311664365773212, 0.03266223889129441, 0.011054019918047393, 0.04097816109299695, 0.00999998628087814], [0.8593518021328677, 0.04217597062757474, 0.036815424128981575, 0.010968088499521904, 0.040688728330176, 0.009999986280878172], [0.859678565470228, 0.04242109374983243, 0.036914309188797165, 0.01094674600050067, 0.04003929930976363, 0.009999986280878163], [0.8578500346402146, 0.04137245730539319, 0.038909030359498206, 0.01090591291865153, 0.0409625784953642, 0.009999986280878172], [0.8568144312106646, 0.04199150764161153, 0.038871863807819436, 0.010957443876113328, 0.041364767182913174, 0.00999998628087819], [0.8538174522283516, 0.04305803302705321, 0.0416423464573543, 0.011095046809884225, 0.0403871351964783, 0.00999998628087822], [0.8415896063357128, 0.047517733178179984, 0.04690943439127063, 0.011586225595195758, 0.04239701421876238, 0.00999998628087831], [0.8415620832012024, 0.04757986253234718, 0.046875693841373633, 0.011591937218731184, 0.0423904369254672, 0.009999986280878314], [0.8418915103611707, 0.04796941756436792, 0.04640486382932904, 0.011619845462841272, 0.042114376501412906, 0.009999986280878307], [0.8365572575633531, 0.049018777132196927, 0.04826442704184994, 0.01175237654671666, 0.04440717543500505, 0.00999998628087832], [0.8380483273807746, 0.05159259857079412, 0.04422527154745531, 0.011933377061818806, 0.044200439158278884, 0.009999986280878323], [0.8520535504083054, 0.04955667855574324, 0.03348700697654887, 0.011683094998420062, 0.04321968278010411, 0.009999986280878252], [0.8612100223955547, 0.04515020974565637, 0.03092438430859485, 0.011263329440785905, 0.04145206782853013, 0.009999986280878158], [0.8625191601795635, 0.04556808516844794, 0.028759436539695385, 0.011303347921676574, 0.04184998390973862, 0.009999986280878143], [0.8637914632563783, 0.04510874167738999, 0.02819817301909745, 0.011252654501482466, 0.04164898126477373, 0.009999986280878123], [0.8646623205727157, 0.04540349334353402, 0.028191837764037803, 0.011215022311240561, 0.040527339727593766, 0.00999998628087811], [0.8626851237967579, 0.044722725826393216, 0.030904962178426882, 0.011156087536903768, 0.040531114380640144, 0.009999986280878132], [0.861009943543239, 0.04392469355190833, 0.03351486425404413, 0.011088191040118555, 0.04046232132981203, 0.009999986280878156], [0.8584057091419162, 0.041623400108215844, 0.038513934703681085, 0.010919720052128925, 0.04053724971317981, 0.009999986280878167], [0.8584372756870715, 0.04098322479141404, 0.039241077751865173, 0.010861690476624327, 0.04047674501214677, 0.009999986280878163], [0.8579051805154432, 0.04290323921070622, 0.03753041663616164, 0.011013346540034738, 0.040647830816776045, 0.009999986280878188], [0.857885124444845, 0.043124208188875364, 0.037732426617981846, 0.011023177487612926, 0.04023507697980684, 0.009999986280878182], [0.8493526461200448, 0.04717707928048373, 0.040056809778422464, 0.011453125239564876, 0.04196035330060597, 0.009999986280878292], [0.8394835107995329, 0.05233404413677355, 0.041724941440400294, 0.011993414961665696, 0.04446410238074939, 0.009999986280878314], [0.8448208527308677, 0.053810453349249755, 0.03397697865908772, 0.01212827999226471, 0.04526344898765192, 0.009999986280878255], [0.8409138757801499, 0.051466839233537204, 0.04087692280166019, 0.011969109014143192, 0.04477326688963126, 0.009999986280878293], [0.8428570495241037, 0.05203510606041072, 0.037873111643524235, 0.01202418702017932, 0.045210559470903716, 0.009999986280878276], [0.8429260800686801, 0.053493156194213534, 0.036498237935153284, 0.012098242779119028, 0.04498429674195564, 0.009999986280878278], [0.8553562206074284, 0.051312309563538674, 0.02851566528933968, 0.011769272239803811, 0.04304654601901113, 0.00999998628087822], [0.8639936472190287, 0.04591521230575009, 0.027926597240366037, 0.011265044659511104, 0.04089951229446602, 0.009999986280878117], [0.8654115118119522, 0.0450442764809125, 0.026350361524423858, 0.01124028827594476, 0.04195357562588846, 0.009999986280878097], [0.8728218037772665, 0.042846355724103606, 0.024635680067551156, 0.010960843700217989, 0.038735330449982876, 0.009999986280877983], [0.8686318193948817, 0.041347283059175226, 0.030656409808772576, 0.010836272506639738, 0.03852822894965287, 0.009999986280878033], [0.8641686571695752, 0.04071014085878662, 0.03633359756554096, 0.010786307706020053, 0.03800131041919898, 0.009999986280878085], [0.8621473871409673, 0.04179130904374675, 0.037373072686068806, 0.01087991562725652, 0.03780832922108243, 0.009999986280878097]], [[0.8641686571695752, 0.04071014085878662, 0.03633359756554096, 0.010786307706020053, 0.03800131041919898, 0.009999986280878085], [0.6962208279326134, 0.12068576806307005, 0.05366637841607427, 0.02305134760388079, 0.09456553710699749, 0.011810140877363949], [0.6925430446524543, 0.1193956245036681, 0.052228019862721554, 0.022859355544400883, 0.10116667416344785, 0.011807281273307355], [0.6834409276090635, 0.06504471305927749, 0.09695599866191547, 0.02620208240224861, 0.1151206709646588, 0.01323560730283607], [0.6858341802422738, 0.06461845050034161, 0.09694217879984683, 0.026208103809433513, 0.11313928526718939, 0.013257801380914844], [0.6844584248566962, 0.06397019828228147, 0.09575966434886493, 0.02595775068298263, 0.1165813255263686, 0.013272636302806166], [0.03377213720209865, 0.089289379466472, 0.05743664884845126, 0.01779636542907143, 0.7904686291833303, 0.01123683987057649], [0.6885160933257346, 0.06265970016478845, 0.09417156792829463, 0.02561661451469165, 0.11574883528789373, 0.013287188778597046], [0.03484617106159435, 0.0874229250205883, 0.05618019300875974, 0.017528684736997813, 0.7928250527990319, 0.011196973373027903], [0.8605849265197507, 0.03868649656393919, 0.037993679431623295, 0.010692050243856725, 0.04204286095995192, 0.009999986280878167], [0.6726380986780433, 0.14415195575243997, 0.06761684973091704, 0.022623323020488202, 0.08145433494287237, 0.01151543787523912], [0.6402484824160194, 0.1578390625547231, 0.077999638852007, 0.024455931333031818, 0.08828291751744743, 0.011173967326771254], [0.8039656501002811, 0.0584762286103149, 0.064251906157639, 0.012725486592289436, 0.05058074225859689, 0.009999986280878618], [0.8049334662015383, 0.05912963702850291, 0.06228392844805529, 0.012852098248287848, 0.05080088379273717, 0.009999986280878618], [0.8038728519748222, 0.06027068961652559, 0.06134334167723525, 0.012930452484571253, 0.05158267796596717, 0.009999986280878607], [0.13572258070866447, 0.12743320883544876, 0.09333623746949891, 0.035884510223787795, 0.5915208173876877, 0.01610264537491246], [0.0875845613493782, 0.12752894909884568, 0.08290783660778815, 0.03552698702756851, 0.649764187011102, 0.016687478905317465], [0.5276119863670851, 0.21561814225884357, 0.06450148115780463, 0.02705692463919542, 0.1477396264181391, 0.01747183915893215], [0.5288617651976332, 0.2166388437932939, 0.061777316977904895, 0.02711984751746949, 0.14810021552430355, 0.017502010989394894], [0.09078296689045887, 0.11354582830653702, 0.0683601535353952, 0.03539229044770137, 0.6749332043299919, 0.01698555648991563], [0.5459806315257999, 0.20591662927673068, 0.06568905462240336, 0.027477724362290235, 0.1368860851808331, 0.018049875031942723], [0.081437461715391, 0.11304737907191036, 0.072815259495587, 0.035431142266456356, 0.6802122307059087, 0.01705652674474657], [0.07986905190536797, 0.111240076153889, 0.07237146775274196, 0.03530944937620545, 0.6841597302108335, 0.017050224600962106], [0.8618595886632363, 0.042158765261305416, 0.0341281751517307, 0.010960306105061383, 0.0408931785377881, 0.009999986280878172], [0.559192302920192, 0.19684266006842574, 0.06378719003199157, 0.026858180758984763, 0.13504065022209016, 0.01827901599831572], [0.032703417908873655, 0.09112683446966914, 0.0579743758150222, 0.017920074950789705, 0.7890547340419909, 0.011220562813654328], [0.08618321629263703, 0.10779751286384553, 0.07085386779335548, 0.03454884664864632, 0.6835830334002353, 0.01703352300128025], [0.5066259425274685, 0.24441516203725247, 0.07848432690807558, 0.025873606590197468, 0.1278252594190503, 0.016775702517955588], [0.3124993955031697, 0.1172032725329061, 0.08402396282924914, 0.03279888878728507, 0.43861022053799953, 0.014864259809390438], [0.23634471727434467, 0.16403163315451455, 0.12343640377396324, 0.033758709503701946, 0.4322437862374718, 0.010184750056003654], [0.48932175139869105, 0.17858174417875827, 0.17168197514706535, 0.06711941915865746, 0.07930940717446407, 0.013985702942363728], [0.5099978060596118, 0.18092629647539676, 0.1551022193250605, 0.07042260916606151, 0.06951587369722857, 0.014035195276640823], [0.33910128637493564, 0.11553751788394176, 0.0781192953098298, 0.03233340347071761, 0.42044610645488056, 0.014462390505694516], [0.10255122907001196, 0.12972340728745826, 0.07282354249035064, 0.0359431890858823, 0.6421347319138488, 0.016823900152447942], [0.08915016822856468, 0.11208689472482103, 0.06804176937052728, 0.035272210065926145, 0.6784403809368851, 0.01700857667327577], [0.6794934487666027, 0.06684285669950295, 0.09852745481025567, 0.0265633443412729, 0.11534647773691606, 0.013226417645449623], [0.6892860591664927, 0.06616447975512713, 0.09853008061711727, 0.026662498742737586, 0.10603354392994949, 0.013323337788575746], [0.7159564622205757, 0.054004706520017695, 0.086138880996269, 0.022458613334099296, 0.10777455605295412, 0.013666780876084092], [0.7149786004573893, 0.05365581121915767, 0.08746164219799313, 0.022391890221747167, 0.10790853326020222, 0.013603522643510602], [0.8637229196206341, 0.040324933174806524, 0.03747602793691097, 0.01076732911334061, 0.03770880387342977, 0.009999986280878094]], [[0.8661990856413527, 0.04164378060586706, 0.03272346357172707, 0.010875749560876672, 0.03855793433929841, 0.009999986280878071], [0.6911043689988424, 0.06545773872214967, 0.09819335027236381, 0.026474319050123884, 0.10542975593702848, 0.013340467019491776], [0.7925280999416163, 0.08083694951148815, 0.017604071067972314, 0.03307878147104355, 0.059296946251839275, 0.01665515175604037], [0.0332150168294272, 0.09238049807290702, 0.05632376083309318, 0.018071747156709873, 0.7887215263766045, 0.011287450731258208], [0.683919048896856, 0.06472018954463495, 0.09533048989338565, 0.02606190017649594, 0.11670061111512413, 0.013267760373503466], [0.033465745648789354, 0.08922760652007682, 0.055926040104913484, 0.017727485334244633, 0.792402075810976, 0.01125104658099968], [0.6900561430068247, 0.0625596749985822, 0.09299930437404899, 0.02554141463219522, 0.11553356021077689, 0.013309902777572102], [0.862999751209613, 0.039056186839606356, 0.03589669867683998, 0.010662966996632982, 0.04138440999642941, 0.009999986280878156], [0.8625238736336799, 0.038279498747535445, 0.03645544080712818, 0.01062639732567437, 0.04211480320510389, 0.009999986280878153], [0.6764865430766752, 0.1400411326106879, 0.06350063319978104, 0.021923336212801847, 0.08652960997949327, 0.011518744920560752], [0.8585519563867251, 0.04106267161592577, 0.038305858778373954, 0.010916982727071535, 0.04116254421102551, 0.00999998628087818], [0.6124600309251995, 0.19524104854554908, 0.08158862819212122, 0.02804814483468811, 0.07185892529967575, 0.010803222202766359], [0.8089080176528451, 0.062100714371096565, 0.05425467073090048, 0.013022676275155165, 0.05171393468912422, 0.009999986280878588], [0.32384973498241193, 0.1432796217679848, 0.1882128871249839, 0.06954409120473816, 0.26501155326957404, 0.010102111650307142], [0.5369655208724537, 0.17991409488944676, 0.1589087795130688, 0.045024608362969995, 0.0651976785861293, 0.013989317775931343], [0.44865636583293245, 0.31390421125020984, 0.08094400475616478, 0.03068966163180728, 0.11093838639547646, 0.014867370133409098], [0.6858671256048974, 0.23797927261084412, 0.01850704288058507, 0.009999988301179187, 0.029858675661189174, 0.01778789494130505], [0.03759168334093733, 0.25930809971721863, 0.02002847717487426, 0.04819127834492971, 0.6153510658206792, 0.019529395601360897], [0.03704477122846079, 0.23705002804457073, 0.02044310125364382, 0.048327331422880204, 0.6371259701241399, 0.020008797926304518], [0.7292392260054947, 0.18959907489543001, 0.019037567377720832, 0.00999998814760884, 0.033435807604626305, 0.018688335969119146], [0.7164931741407086, 0.2110911433891632, 0.018596648314847055, 0.009999987657082253, 0.025559290084201165, 0.01825975641399791], [0.7316675879573226, 0.18866951015720906, 0.01917425854317851, 0.00999998789642598, 0.03181789682314792, 0.018670758622715902], [0.07961497818080894, 0.11884590479521927, 0.04974974000261689, 0.03641457515239, 0.6979252607994705, 0.017449541069494354], [0.5389237363565194, 0.2109618369187993, 0.060220637770528156, 0.02656447081698997, 0.14563445314691537, 0.017694864990247937], [0.866683546894175, 0.042294081029456414, 0.027475544127249264, 0.010997644590699912, 0.042549197077541255, 0.009999986280878113], [0.8672568254478504, 0.04367554673548185, 0.024973454930182357, 0.011099553831379833, 0.04299463277422759, 0.009999986280878101], [0.8684232300641868, 0.04336250554420153, 0.024921337408324567, 0.011050703473921937, 0.04224223722848722, 0.009999986280878085], [0.5071874221222852, 0.24710422689497208, 0.07706936955924554, 0.02591056918143233, 0.1259511862321699, 0.01677722600989515], [0.22848380279855482, 0.28231892490963983, 0.01955807192084899, 0.046864767374797105, 0.4044682119473474, 0.018306221048811827], [0.5864946319228982, 0.28258008021975634, 0.019416792676078754, 0.026606860228547743, 0.066370687614362, 0.018530947338356966], [0.21548124170211289, 0.4686084684830633, 0.014121283210959255, 0.09538573402234468, 0.19353521904404256, 0.012868053537477395], [0.6020619750489145, 0.2777997973687408, 0.019634960139405862, 0.0224090386771016, 0.05943977038156064, 0.018654458384276665], [0.20509329278770286, 0.28809677173027043, 0.018970395433910672, 0.04757287816899748, 0.42191264815575913, 0.01835401372335942], [0.7044729752457338, 0.22045218728917987, 0.018481739408418803, 0.009999987976609838, 0.028496928245387427, 0.01809618183467034], [0.7266031134074246, 0.2017506941310106, 0.018750477824749017, 0.0099999876843868, 0.024490907676282078, 0.018404819276146994], [0.7481421260432283, 0.1774068216040086, 0.019315390271514885, 0.009999987866885711, 0.02629771981744281, 0.01883795439691983], [0.7934133595860879, 0.08203173971821079, 0.017145505226387643, 0.03335102758506011, 0.05736696268467463, 0.016691405199578815], [0.7919759354847478, 0.08127741566498045, 0.01740242138191801, 0.0332466235295133, 0.059445285817060205, 0.01665231812178005], [0.7074979555012029, 0.053989251265698465, 0.08505617006835214, 0.02230420817203343, 0.11759283595539542, 0.013559579037317731], [0.860008305918015, 0.04238023845426824, 0.035685274948853596, 0.010985654728898746, 0.04094053966908624, 0.00999998628087816]], [[0.864908320601991, 0.04467401425010184, 0.027458852960912394, 0.011201359245681258, 0.041757466660435574, 0.00999998628087811], [0.6805728237694002, 0.06619477629112315, 0.09847953646488598, 0.026344748180450458, 0.1151891345662866, 0.013218980727853527], [0.7279611195901415, 0.20065645159418782, 0.019319493646873014, 0.009999987864728142, 0.02367225816148531, 0.018390689142584255], [0.5544154650184477, 0.20688801762412984, 0.05707972115869073, 0.02735084860328397, 0.13602549585362358, 0.018240451741824194], [0.8733271022868077, 0.04539304033468005, 0.01758580996240662, 0.011189827579516903, 0.04250423355571086, 0.009999986280877967], [0.8669720763858794, 0.04206321048819466, 0.02741118841806792, 0.010968866611837543, 0.042584671815142486, 0.009999986280878108], [0.8643685518716221, 0.041389712229915145, 0.03091810069573209, 0.010913040720898869, 0.042410608200953714, 0.00999998628087814], [0.8715702740743921, 0.03982781838619856, 0.028665578173836255, 0.010713225604162619, 0.039223117480532414, 0.009999986280878014], [0.874855914393979, 0.040701244613136, 0.024138625264785576, 0.010779619876602867, 0.03952460957061866, 0.009999986280877962], [0.8764507538691592, 0.042335921937904385, 0.020165810926675846, 0.010905795304456232, 0.040141731680926475, 0.009999986280877919], [0.8678216674466597, 0.045880280537078266, 0.0226485973855115, 0.011328809506491727, 0.04232065884338075, 0.009999986280878061], [0.8518223019249684, 0.054556081746905655, 0.02444842484309295, 0.01221318395928797, 0.046960021244866965, 0.009999986280878134], [0.8216603431966137, 0.0698901169753839, 0.029071716616318386, 0.013745351544619807, 0.055632485386185794, 0.009999986280878373], [0.6889826690671869, 0.15880005373996026, 0.09263900781990386, 0.010577149519357582, 0.03880842336937491, 0.010192696484216434], [0.6251188901258704, 0.257865010840212, 0.01652201797275133, 0.03745525676225189, 0.04773659674465697, 0.015302227554257445], [0.19039190893364544, 0.18064371221201897, 0.012591673466118855, 0.03421998733652375, 0.5700455196831741, 0.012107198368518913], [0.6626269775650026, 0.26159929303574336, 0.01755783718198192, 0.009999988556679634, 0.030843169718866317, 0.01737273394172628], [0.6906404358519531, 0.2329562839397437, 0.018047948202914825, 0.009999988374220505, 0.03043961933979086, 0.01791572429137695], [0.7036757186414272, 0.22012935709552112, 0.01824785919763816, 0.00999998818163213, 0.029808538418183553, 0.01813853846559784], [0.06375138232921003, 0.25078099339787874, 0.019862477401924657, 0.0486873468790794, 0.5972388539582042, 0.01967894603370312], [0.7162803498939869, 0.21144768798387445, 0.018386414177650343, 0.009999988008552865, 0.025617483279368167, 0.018268076656567274], [0.7165864730185706, 0.2113485127221666, 0.018393642913168782, 0.009999987972415135, 0.025404169675228568, 0.0182672136984505], [0.04431507031479116, 0.250132347383698, 0.020182677212566728, 0.048262423299527825, 0.6173931321110394, 0.01971434967837697], [0.5403451105159567, 0.22225003443352684, 0.052603717598983475, 0.028518974584014704, 0.13841210620180422, 0.017870056665714014], [0.559319013985919, 0.20982822759049294, 0.05863088981941396, 0.027786257106158615, 0.12611622797156524, 0.018319383526450312], [0.87778082412556, 0.04473011840340372, 0.016256406354499525, 0.011108057737156259, 0.04012460709850267, 0.009999986280877886], [0.8780033641783109, 0.043478867952928234, 0.018155448195331353, 0.010999945260171076, 0.03936238813238057, 0.009999986280877915], [0.5192109888574474, 0.24291685414540834, 0.07899557132998218, 0.02661961563337491, 0.11519847049980587, 0.017058499533981402], [0.48605537518640957, 0.2676795804911718, 0.07798142319874808, 0.028548422395403134, 0.12358046207019857, 0.016154736658068897], [0.6134324927631939, 0.2669015171835097, 0.01956095538525838, 0.022068046128518745, 0.059270095256839114, 0.01876689328268013], [0.6142464252555383, 0.2657235902692259, 0.019294200657143372, 0.022256887891004173, 0.05969818308707694, 0.01878071284001129], [0.6170560206064524, 0.2624242708555869, 0.01914121919917386, 0.0220878886344534, 0.06043237935465248, 0.01885822134968099], [0.6738564975258284, 0.25100520698760803, 0.01775769559353455, 0.00999998851968736, 0.02978492838395264, 0.01759568298938884], [0.7204713629331562, 0.20728831249693275, 0.018448018927778403, 0.00999998794729418, 0.025451577705283213, 0.018340739989555283], [0.7528503029601352, 0.17262859086640095, 0.0190531101623496, 0.009999987837657395, 0.02650986566963295, 0.018958142503823886], [0.7551754207455433, 0.1720870693460477, 0.019064305127592635, 0.009999987733778557, 0.02470257235316965, 0.01897064469386819], [0.7538899729069696, 0.16939616574198152, 0.01907564316325253, 0.00999998786959674, 0.02865413941042989, 0.01898409090776971], [0.06228141591483681, 0.08424552467805177, 0.012477279296363613, 0.027129544073640554, 0.8017015164758678, 0.012164719561239481], [0.03345372956785085, 0.07792322960446853, 0.05340288782725961, 0.018427918035105437, 0.8054833200179388, 0.01130891494737683], [0.8649660782073924, 0.04383096629713903, 0.028913286400452296, 0.011114226070986543, 0.0411754567431516, 0.009999986280878108]], [[0.8572349308523133, 0.049925175286905966, 0.027566736042489052, 0.011693382207393471, 0.043579789330020074, 0.009999986280878196], [0.03901368140971642, 0.10569610147070309, 0.06867425461091337, 0.018203779497988102, 0.7573368186770161, 0.011075364333662982], [0.5211043628192024, 0.23976099147267585, 0.07960512371379302, 0.02635673813035105, 0.11590601398990803, 0.017266769874069516], [0.5227081744135202, 0.2395325291409531, 0.0797543956055715, 0.0263947845900875, 0.114427057554652, 0.0171830586952157], [0.8603372285187604, 0.04595693856325165, 0.027138867860949396, 0.01140178683670836, 0.04516519193945204, 0.009999986280878196], [0.8526938591128097, 0.042927816200134014, 0.03915294940218327, 0.011132558423720537, 0.0440928305802743, 0.009999986280878285], [0.8673761208458156, 0.03852837222300127, 0.03446773503781928, 0.01060302293921542, 0.03902476267327046, 0.009999986280878071], [0.8718689266478168, 0.04009370076679239, 0.02790763402489611, 0.010741219392191727, 0.03938853288742504, 0.009999986280878016], [0.6927987664888061, 0.06568330771085862, 0.09662285377068905, 0.02633778331939807, 0.10520653730190915, 0.0133507514083389], [0.6894621181286376, 0.06705526965796824, 0.09751016511805775, 0.02665175036121777, 0.10598118072863351, 0.013339516005485165], [0.6597233116157549, 0.0834209082202454, 0.12253790794796093, 0.027017186880696924, 0.09431405089051408, 0.012986634444827842], [0.47831953899321306, 0.2688562169495307, 0.08303049571161203, 0.028573647786541638, 0.12545891520043037, 0.015761185358672217], [0.1596602417653761, 0.1300220085673668, 0.07016195106761848, 0.021327525077918224, 0.6079109387991505, 0.01091733472256997], [0.5950034637722666, 0.11584060637674425, 0.08001244753224297, 0.05354626525055229, 0.14297846593395525, 0.01261875113423871], [0.6250153832392843, 0.2502910861776992, 0.015955672691775585, 0.04515379683813293, 0.04813961204705786, 0.015444449006050225], [0.6239106143764079, 0.25075430128319065, 0.015756507326622905, 0.04487902678753392, 0.0491565877488468, 0.01554296247739776], [0.6648689255992004, 0.2590630346583184, 0.017613079365761678, 0.009999988742671774, 0.031004475444438104, 0.017450496189609626], [0.08515486304590732, 0.25733660452033863, 0.019663398036347857, 0.049774922578916005, 0.5685956243212594, 0.01947458749723082], [0.6695301443631564, 0.25463548806314845, 0.017686935992136752, 0.009999988568918173, 0.03061469296033443, 0.017532750052305698], [0.676854276470011, 0.2492892719530134, 0.0177889216440235, 0.009999988645660018, 0.028443911073505874, 0.017623630213786306], [0.6536232731786146, 0.27700639395634613, 0.0172538380416374, 0.009999988951105668, 0.02500282575323204, 0.01711368011906417], [0.6752221824831676, 0.24982577776643283, 0.017766197934950375, 0.009999988419124091, 0.029570671617705182, 0.017615181778619916], [0.6817427393023923, 0.24501552720761524, 0.017857266662216174, 0.009999988492436324, 0.027697209660258043, 0.01768726867508191], [0.717145347706044, 0.21154025140077312, 0.018649295413646627, 0.009999987945702334, 0.02441324508118037, 0.018251872452653705], [0.5523014114506817, 0.21333185989833642, 0.05153044154639189, 0.027877943412430727, 0.13669141034956223, 0.018266933342597057], [0.5517607029967714, 0.21224557934227517, 0.05324675468032254, 0.02787591647436565, 0.13668375736045224, 0.01818728914581304], [0.5552756217646607, 0.20762065211660066, 0.05708038632339658, 0.027462327157787243, 0.13437677208920396, 0.018184240548350796], [0.8648804422085931, 0.04883750455665794, 0.019172062936332484, 0.011612233983816523, 0.04549777003372184, 0.009999986280878092], [0.4906293275624384, 0.2645987332644718, 0.07856451627345476, 0.02827218232652527, 0.12183189162541151, 0.016103348947698354], [0.490839100356496, 0.2719368382982787, 0.06914991946483846, 0.02869444414612218, 0.12323263476929025, 0.016147062964974247], [0.47033260089933104, 0.31788155061507445, 0.06325379843575213, 0.031637567291343316, 0.10134719242191115, 0.015547290336587891], [0.2039679452974683, 0.26097949438365503, 0.01943177125395217, 0.049397043990143844, 0.44721538737621325, 0.019008357698567447], [0.683568155014622, 0.24162125137979104, 0.017910275337168085, 0.009999988641283108, 0.029140986241160762, 0.017759343385975016], [0.04759630605035679, 0.24280647268668407, 0.020044367640319777, 0.04818111291481618, 0.6214913899104544, 0.019880350797368773], [0.7927087064881184, 0.08008143992942994, 0.016796025821982034, 0.03373088562197881, 0.059961839958444556, 0.016721102180046087], [0.7564069066517846, 0.1706926597616286, 0.01907190265604373, 0.009999987830155904, 0.024845354402760197, 0.01898318869762717], [0.7557236047385427, 0.16976550998380105, 0.019096189518462772, 0.009999987775703316, 0.026407373964307777, 0.01900733401918232], [0.7947544866059191, 0.07533518536601774, 0.017136032172310835, 0.028447174334185515, 0.06757199610613655, 0.016755125415430165], [0.6932135106258249, 0.05991189398415815, 0.08077274357814977, 0.022506086056031046, 0.13019478105334903, 0.013400984702487071], [0.8651648170486744, 0.0439540644089155, 0.028511688779650636, 0.011127500591955764, 0.04124194288992564, 0.009999986280878104]], [[0.8445473564832634, 0.054044259714079314, 0.03361684626253425, 0.012146540650777565, 0.045645010608467276, 0.00999998628087826], [0.13737588810798382, 0.10994493983834747, 0.07732358495889352, 0.018901416940858177, 0.6454751180014887, 0.010979052152428174], [0.6161895016540175, 0.10516433782676976, 0.14606172847898627, 0.032012600729464706, 0.08814251423474098, 0.012429317076020891], [0.8469517793291703, 0.049809297943249335, 0.03485841959020962, 0.0118318084362911, 0.046548708420201444, 0.009999986280878292], [0.10803540839863626, 0.10588161181521773, 0.07365945598152604, 0.018346441751847502, 0.6831106991970595, 0.010966382855713044], [0.8531136356711726, 0.04211437929904591, 0.039584504926953756, 0.011059758301021095, 0.044127735520928385, 0.009999986280878278], [0.6896685021629292, 0.06390330048923415, 0.0949048054738417, 0.025875929608604065, 0.11235069178882656, 0.013296770476564355], [0.6847402889082229, 0.06555804821413706, 0.09579253800108431, 0.026220763844774755, 0.11436801930638636, 0.013320341725394506], [0.5565433480969613, 0.20728750235402021, 0.05653467542206585, 0.02739215926334906, 0.13395563654011622, 0.018286678323487314], [0.741161432374355, 0.182346599122361, 0.019415879917845266, 0.00999998805114626, 0.028299009175469018, 0.018777091358823526], [0.7151326281159724, 0.2141649474517643, 0.018759853139710816, 0.009999987872773479, 0.023769041040541044, 0.018173542379237784], [0.7019175818859752, 0.22709365324412814, 0.01840673137296447, 0.009999988070589253, 0.02460853898583492, 0.017973506440507957], [0.6372987678158963, 0.29111486081268634, 0.017269419779131188, 0.009999989204028602, 0.02748602186059281, 0.016830940527664543], [0.600367808561786, 0.2714119117520456, 0.01924652261979079, 0.023510259209650497, 0.06679904505512387, 0.018664452801603428], [0.2139497068777609, 0.3195074513762809, 0.01380467513566997, 0.10730560461338726, 0.3320317767949201, 0.013400785201980852], [0.6152031630346239, 0.2631285089035593, 0.01914378020764921, 0.02233943465254412, 0.06133431661203035, 0.018850796589593107], [0.641054613973633, 0.2888549926949241, 0.017086511263625707, 0.009999989177252644, 0.02609401727357717, 0.016909875616987355], [0.06797751998699177, 0.25945653003925434, 0.01966038439771452, 0.049892730414971685, 0.5835547174884521, 0.01945811767261563], [0.6683945296080244, 0.25571765432700705, 0.017679668200128375, 0.00999998862666449, 0.030688546738954568, 0.017519612499221193], [0.5703035746058673, 0.258930086301969, 0.019234412764189565, 0.0515433369936086, 0.08099814787728997, 0.018990441457075524], [0.14900192659786748, 0.37180583452377547, 0.018563871018591672, 0.04003467831313075, 0.4023123992358991, 0.018281290310735467], [0.14630646211809886, 0.3749922852194123, 0.01857123501342294, 0.039469640401968514, 0.40239238343506983, 0.018267993812027598], [0.6833005447857746, 0.2435392784647738, 0.017865787203533292, 0.009999988478052653, 0.027574882794341424, 0.017719518273524158], [0.7167476139535233, 0.20932856745797274, 0.018428225395695358, 0.009999988137201361, 0.02717827575616545, 0.01831732929944187], [0.03834751758922088, 0.2299756296271427, 0.020492053204113146, 0.04862655127929911, 0.6423825316121177, 0.020175716688106582], [0.03748447659616169, 0.23228617376931263, 0.0205652292397402, 0.048684818568412266, 0.640862867830341, 0.020116433996032308], [0.5333066245970053, 0.22501640312062657, 0.0450635640564763, 0.02757560904528171, 0.15134482919049164, 0.017692969990118646], [0.03605567189473354, 0.10089073009803748, 0.04138279187433016, 0.018881287245494812, 0.7914997798072251, 0.011289739080178959], [0.865413981443603, 0.05140051745584016, 0.01533160519798733, 0.011795957598212335, 0.04605795202347933, 0.009999986280878], [0.8664005388012991, 0.050672061235970366, 0.015438192338862662, 0.011725033742019036, 0.04576418760097101, 0.009999986280878], [0.03441284656228776, 0.11199266544924015, 0.044239373525803795, 0.018832559584029053, 0.7792853149569117, 0.01123723992172749], [0.77246598112151, 0.10189009877410629, 0.01693657900230083, 0.03512235190011978, 0.05702875174632006, 0.016556237455643004], [0.7207104397362509, 0.20818638479561133, 0.01852315652551556, 0.009999988076240276, 0.024290801300867228, 0.01828922956551466], [0.7830124093802825, 0.08679761045944441, 0.016725581810252757, 0.03520479897115922, 0.06162780222374683, 0.01663179715511431], [0.7922962001154721, 0.07986518245430106, 0.016779057714629796, 0.03397144180327854, 0.060379924177954146, 0.016708193734364395], [0.7529034193688054, 0.1724676242424689, 0.01905426307816944, 0.009999987850806179, 0.026612601985773244, 0.01896210347397674], [0.7524050067667993, 0.17144600876100233, 0.019096574560334922, 0.009999987868066551, 0.02804844916847739, 0.01900397287531953], [0.04132491632648685, 0.22577043370318656, 0.020717235161907505, 0.04726046475112743, 0.6446442252452977, 0.020282724811993877], [0.5787159185750834, 0.17592000499888968, 0.059138771937777036, 0.02410669494437563, 0.14302629795581684, 0.01909231158805725], [0.8698857808047828, 0.04276524268775798, 0.02787372822516462, 0.010983304243447506, 0.03849195775796896, 0.009999986280878042]], [[0.8446729913708242, 0.052528545659288314, 0.03483333689918709, 0.012070204305291678, 0.045894935484530504, 0.00999998628087826], [0.6572478610356474, 0.15029782936044372, 0.1094288007355608, 0.02084396395641474, 0.05198273911532425, 0.01019880579660914], [0.6845218046848934, 0.1504195020695876, 0.10778647731233372, 0.01030655562761524, 0.03682509684300622, 0.010140563462563777], [0.8134833427149808, 0.06496652092672735, 0.04519570543762456, 0.013313155378896472, 0.0530412892608923, 0.009999986280878517], [0.8472590052181667, 0.05026548333588294, 0.033122963369965994, 0.01187132824332292, 0.047481233551783034, 0.009999986280878287], [0.8532407816398664, 0.04378765287556755, 0.037530559839131394, 0.01120932580344624, 0.044231693561110126, 0.009999986280878285], [0.5541247596176921, 0.20235784371945856, 0.06325778342268416, 0.027205648100735693, 0.1347721408190387, 0.018281824320390792], [0.03834992049086919, 0.2301642817955086, 0.021030580479463365, 0.04747409661885148, 0.6428168952782133, 0.02016422533709406], [0.7346395630486869, 0.18522973771014936, 0.019048183127280613, 0.009999988097871441, 0.03230274740468615, 0.018779780611325545], [0.04423080206054982, 0.22981815459832183, 0.020329094175073465, 0.04847247764170726, 0.6370124819269428, 0.020136989597404883], [0.744257770367556, 0.17791023366717723, 0.019003139638977703, 0.009999988125346977, 0.029925556178908286, 0.01890331202203372], [0.7041245080431973, 0.22332470581125669, 0.01819132910800781, 0.009999988215218511, 0.026296325288329467, 0.018063143533990203], [0.14317393107414883, 0.2739387668666999, 0.019179610092815384, 0.05142897628541365, 0.4933407901680057, 0.01893792551291656], [0.13187494266655142, 0.36412886609174616, 0.018765592690755555, 0.03550304194411077, 0.4312292250188675, 0.0184983315879686], [0.6236994169793558, 0.24927002542117344, 0.01922773328459855, 0.02237424464087929, 0.06510775511824264, 0.020320824555750325], [0.13688129323247286, 0.36094606460701073, 0.01884961457118227, 0.03511130451746183, 0.42838326934013177, 0.01982845373174062], [0.6643360785534227, 0.2561717769185927, 0.017649050457586333, 0.009999988822676659, 0.03305459883362706, 0.018788506414094512], [0.07920433587606743, 0.2592106380382802, 0.019612729939908476, 0.05049909224233112, 0.5720395759589342, 0.019433627944478695], [0.6454613041879648, 0.28469085508919834, 0.017156781104174523, 0.00999998911635834, 0.02571007091013001, 0.016980999592174098], [0.5989980086629259, 0.26187683414197727, 0.019194521920532174, 0.03003882453944641, 0.07097521608087828, 0.01891659465423998], [0.22804857166648237, 0.30947718634708726, 0.01332564613307208, 0.17724117201957637, 0.2588440024556065, 0.01306342137817548], [0.6139732063708733, 0.25971306243957437, 0.019182053882088546, 0.022539392194578192, 0.06564903874085237, 0.018943246372033214], [0.6580886087449224, 0.27390412392029956, 0.01731939710555108, 0.009999989117239769, 0.023523411997958096, 0.01716446911402908], [0.05110751863973227, 0.24975656643189215, 0.019889470084674118, 0.04859630584054244, 0.61093896876165, 0.01971117024150898], [0.7158601520679958, 0.20819522647336952, 0.01844116158796891, 0.009999987989126897, 0.0291586565701715, 0.018344815311367446], [0.7299275393537725, 0.19019451473179688, 0.018811752208764788, 0.009999988139660155, 0.03237104221864456, 0.01869516334736116], [0.039602027935841534, 0.23299579097178522, 0.02051535311654953, 0.04862795018830872, 0.638174327346344, 0.020084550441170995], [0.549142255119841, 0.2167671044126408, 0.04870995829161326, 0.028077490377027264, 0.13913912040526172, 0.018164071393615994], [0.554296117494032, 0.21271432454534045, 0.05166439832523859, 0.02780644010399033, 0.1353937862873533, 0.018124933244045235], [0.8726290006647781, 0.0459091358396429, 0.0168390484887743, 0.011263652618264564, 0.04335917610766212, 0.009999986280877966], [0.6701852224992578, 0.08121219802892797, 0.10639589861223511, 0.026446370531581824, 0.10265562041349187, 0.013104689914505441], [0.5561331001193665, 0.21104965892646763, 0.05170847042941078, 0.027804384180104037, 0.13509853335319127, 0.018205852991459957], [0.5597343718578497, 0.21843058500632087, 0.04791856574582569, 0.02818931773384153, 0.1273104696327006, 0.018416690023461697], [0.7463984463297362, 0.17703034467548434, 0.019120254937562683, 0.009999988111217061, 0.028556864121133098, 0.018894101824866717], [0.044787264388029005, 0.22340835857329572, 0.020435231079934755, 0.04850828486118423, 0.6425774521112224, 0.020283408986333868], [0.7470476282853742, 0.17670712552941809, 0.019013576598184607, 0.00999998795458906, 0.02831889842509431, 0.018912783207339738], [0.7711969963252512, 0.15307051282647993, 0.019401807541403214, 0.009999987066271414, 0.027024343500356846, 0.01930635274023735], [0.7620417665455435, 0.1590756330182061, 0.019522371640222545, 0.009999987393133462, 0.030142858540587597, 0.019217382862306818], [0.5782910866100316, 0.1785092613689867, 0.05843678081454815, 0.024095116504568158, 0.14163027908732476, 0.01903747561454061], [0.8702894289318539, 0.043194009514190314, 0.02677430363757671, 0.011026471737013667, 0.03871579989848748, 0.009999986280878042]], [[0.8489121554764538, 0.05081047119610061, 0.03542810499742958, 0.011887815727766692, 0.04296146632137098, 0.009999986280878255], [0.5500174828216621, 0.17635204972690505, 0.15869398109676877, 0.04383128730026322, 0.05711270702683306, 0.013992492027567775], [0.29684899616992855, 0.1482387015605017, 0.13374380941068667, 0.10843749541778001, 0.3015171078651293, 0.011213889575973792], [0.8171760919621491, 0.0649129536307566, 0.04130512679298198, 0.013353397887318352, 0.05325244344591563, 0.009999986280878502], [0.48021059141020345, 0.29862194413656107, 0.08891642419433607, 0.03057312939543194, 0.08607793319921726, 0.015599977664250288], [0.8655057474335853, 0.04491959135670028, 0.02685421687428517, 0.011252893149676604, 0.041467564904874556, 0.009999986280878129], [0.5167633061789109, 0.24700591298087893, 0.06701469877857646, 0.02581104981031585, 0.12636863773627435, 0.01703639451504356], [0.0344754842397668, 0.23382558089972172, 0.020567899935272603, 0.04802306480681604, 0.6430112808977646, 0.020096689220658156], [0.7383607256817226, 0.18354867911960984, 0.018881027966973128, 0.009999987882511687, 0.030429039204465432, 0.01878054014471737], [0.7322720741879835, 0.18649454141891772, 0.018864045676388903, 0.009999988222141374, 0.03360405598844141, 0.018765294506127277], [0.04005243843962894, 0.2279063820472667, 0.020342153973323684, 0.04887100004912173, 0.6426405896247406, 0.020187435865918407], [0.6968841175372639, 0.22809197463839936, 0.018080141306295035, 0.009999988279654374, 0.028981487095345156, 0.01796229114304219], [0.608210957557295, 0.26117103431793726, 0.014235038858607375, 0.03761126143525343, 0.06468541057509125, 0.014086297255815712], [0.6013924593390553, 0.2599264962795261, 0.014126961396106039, 0.03752146783517207, 0.0717354906824401, 0.015297124467700485], [0.17307180823120188, 0.10566499568505962, 0.012883015688710338, 0.022321770845538567, 0.1539257894564254, 0.5321326200930642], [0.17445809763355127, 0.10477108051626483, 0.012890274322291352, 0.02224840333829866, 0.15349952406511233, 0.5321326201244816], [0.17435685831334855, 0.10458629964529849, 0.01287761488917982, 0.022302801208558893, 0.15374380585024405, 0.5321326200933703], [0.07490753294840169, 0.25296660454727427, 0.01963680647197449, 0.050288817297951253, 0.5797110867394588, 0.02248915199493943], [0.6729913990619815, 0.2502144417102711, 0.017748114764536544, 0.009999988653471542, 0.031419257774286745, 0.017626798035452574], [0.6194131646098949, 0.25983250071935776, 0.019158800722027792, 0.022036293097771928, 0.060665844688424, 0.0188933961625237], [0.6231437153128448, 0.25567146734375873, 0.019150452840383296, 0.022457106014422853, 0.06064744206052901, 0.018929816428061293], [0.6203759350387866, 0.2580488118644281, 0.019147254200364585, 0.022037685845061956, 0.06149507820635234, 0.018895234845006516], [0.6653658083702069, 0.2600734972078557, 0.017592354686081505, 0.009999988629105097, 0.029546691081306014, 0.017421660025444877], [0.6925644323668818, 0.2312307354576518, 0.01807347285683665, 0.00999998835314093, 0.030186783647296798, 0.017944587318192033], [0.7044767295388975, 0.2212110781650464, 0.01822030907318743, 0.009999988035398668, 0.027986201980909085, 0.018105693206560927], [0.7029613848667317, 0.22263225020025873, 0.018201160132989717, 0.00999998806227313, 0.028123644352930816, 0.01808157238481601], [0.7182849839403119, 0.2051408980099069, 0.01856515480417017, 0.009999988350585062, 0.02959169347496159, 0.0184172814200644], [0.713644963090672, 0.21500639562252294, 0.01863390426203753, 0.00999998799237593, 0.02452376707251649, 0.01819098195987486], [0.5173924046281622, 0.2546676559410503, 0.06465738841649803, 0.02742535680489397, 0.11872791114892282, 0.017129283060472737], [0.5226215766886779, 0.24705425364475003, 0.07035088113223152, 0.026937568992173817, 0.11593798200885116, 0.017097737533315584], [0.8711509305371856, 0.0485106879344782, 0.01634249855637002, 0.011506207589215023, 0.04248968910187343, 0.00999998628087796], [0.87140377