{"prediction": [[[0.9681958028677972, 0.009938811603813423, 0.0009938811603813424, 0.009938811603813423, 0.009938811603813423, 0.0009938811603813424], [0.9681958028677972, 0.009938811603813423, 0.0009938811603813424, 0.009938811603813423, 0.009938811603813423, 0.0009938811603813424], [0.9681958028677972, 0.009938811603813423, 0.0009938811603813424, 0.009938811603813423, 0.009938811603813423, 0.0009938811603813424], [0.9681958028677972, 0.009938811603813423, 0.0009938811603813424, 0.009938811603813423, 0.009938811603813423, 0.0009938811603813424], [0.9681958028677972, 0.009938811603813423, 0.0009938811603813424, 0.009938811603813423, 0.009938811603813423, 0.0009938811603813424], [0.9681958028677972, 0.009938811603813423, 0.0009938811603813424, 0.009938811603813423, 0.009938811603813423, 0.0009938811603813424], [0.968195802624142, 0.00993881167995567, 0.000993881167995567, 0.00993881167995567, 0.00993881167995567, 0.000993881167995567], [0.9681949840409931, 0.009939067487189672, 0.0009939067487189672, 0.009939067487189672, 0.009939067487189672, 0.0009939067487189672], [0.9681958025651662, 0.009938811698385567, 0.0009938811698385567, 0.009938811698385567, 0.009938811698385567, 0.0009938811698385567], [0.9681958027395219, 0.009938811643899427, 0.0009938811643899427, 0.009938811643899427, 0.009938811643899427, 0.0009938811643899427], [0.9681958027253191, 0.009938811648337846, 0.0009938811648337845, 0.009938811648337846, 0.009938811648337846, 0.0009938811648337845], [0.9681922639321906, 0.009939917521190462, 0.0009939917521190461, 0.009939917521190462, 0.009939917521190462, 0.0009939917521190461], [0.9683120498801944, 0.00990248441243931, 0.000990248441243931, 0.00990248441243931, 0.00990248441243931, 0.000990248441243931], [0.9683120765311057, 0.009902476084029478, 0.0009902476084029477, 0.009902476084029478, 0.009902476084029478, 0.0009902476084029477], [0.9683120765311057, 0.009902476084029478, 0.0009902476084029477, 0.009902476084029478, 0.009902476084029478, 0.0009902476084029477], [0.9681958024248694, 0.00993881174222838, 0.000993881174222838, 0.00993881174222838, 0.00993881174222838, 0.000993881174222838], [0.9681958028677972, 0.009938811603813423, 0.0009938811603813424, 0.009938811603813423, 0.009938811603813423, 0.0009938811603813424], [0.9681958025461451, 0.009938811704329696, 0.0009938811704329697, 0.009938811704329696, 0.009938811704329696, 0.0009938811704329697], [0.9681932914680951, 0.009939596416220352, 0.0009939596416220352, 0.009939596416220352, 0.009939596416220352, 0.0009939596416220352], [0.9681907630273857, 0.009940386553941987, 0.0009940386553941986, 0.009940386553941987, 0.009940386553941987, 0.0009940386553941986], [0.9681932914680951, 0.009939596416220352, 0.0009939596416220352, 0.009939596416220352, 0.009939596416220352, 0.0009939596416220352], [0.9681958015953311, 0.009938812001459083, 0.0009938812001459084, 0.009938812001459083, 0.009938812001459083, 0.0009938812001459084], [0.9681958028677972, 0.009938811603813423, 0.0009938811603813424, 0.009938811603813423, 0.009938811603813423, 0.0009938811603813424], [0.9681958028677972, 0.009938811603813423, 0.0009938811603813424, 0.009938811603813423, 0.009938811603813423, 0.0009938811603813424], [0.9681958028677972, 0.009938811603813423, 0.0009938811603813424, 0.009938811603813423, 0.009938811603813423, 0.0009938811603813424], [0.9683120763142936, 0.009902476151783272, 0.0009902476151783272, 0.009902476151783272, 0.009902476151783272, 0.0009902476151783272], [0.9683120765311057, 0.009902476084029478, 0.0009902476084029477, 0.009902476084029478, 0.009902476084029478, 0.0009902476084029477], [0.9681958028677972, 0.009938811603813423, 0.0009938811603813424, 0.009938811603813423, 0.009938811603813423, 0.0009938811603813424], [0.9681958028677972, 0.009938811603813423, 0.0009938811603813424, 0.009938811603813423, 0.009938811603813423, 0.0009938811603813424], [0.9681958028008877, 0.00993881162472262, 0.0009938811624722618, 0.00993881162472262, 0.00993881162472262, 0.0009938811624722618], [0.9681958028677972, 0.009938811603813423, 0.0009938811603813424, 0.009938811603813423, 0.009938811603813423, 0.0009938811603813424], [0.9681958028677972, 0.009938811603813423, 0.0009938811603813424, 0.009938811603813423, 0.009938811603813423, 0.0009938811603813424], [0.9681958004660411, 0.009938812354362185, 0.0009938812354362185, 0.009938812354362185, 0.009938812354362185, 0.0009938812354362185], [0.9681912249145896, 0.00994024221419075, 0.0009940242214190752, 0.00994024221419075, 0.00994024221419075, 0.0009940242214190752], [0.9631930315450582, 0.014894741492935794, 0.000996010316454826, 0.00996010316454826, 0.00996010316454826, 0.000996010316454826], [0.9260477836020842, 0.040401402062833026, 0.012626196653667439, 0.009964103657816924, 0.009964103657816924, 0.0009964103657816924], [0.9607574152440127, 0.01733062409680464, 0.0009959982117810342, 0.009959982117810342, 0.009959982117810342, 0.0009959982117810342], [0.9545251376119763, 0.021235374406917088, 0.0033190722180548374, 0.009962102744310447, 0.009962102744310447, 0.0009962102744310447], [0.9658562008750615, 0.01223238515257396, 0.000995973362380213, 0.00995973362380213, 0.00995973362380213, 0.000995973362380213], [0.9681958020561828, 0.009938811857442897, 0.0009938811857442896, 0.009938811857442897, 0.009938811857442897, 0.0009938811857442896]], [[0.9681958028677972, 0.009938811603813423, 0.0009938811603813424, 0.009938811603813423, 0.009938811603813423, 0.0009938811603813424], [0.9592982403752018, 0.009927258445072779, 0.009927258445072779, 0.009927258445072779, 0.009927258445072779, 0.0009927258445072778], [0.9582172118983199, 0.009942152268734796, 0.010962116068602309, 0.009942152268734796, 0.009942152268734796, 0.0009942152268734795], [0.9592809461736679, 0.00993147654300789, 0.00993147654300789, 0.00993147654300789, 0.00993147654300789, 0.000993147654300789], [0.9564810415951532, 0.013838435447266277, 0.008758617583301999, 0.009962812082989814, 0.009962812082989814, 0.0009962812082989815], [0.7786497183107319, 0.023289891666209858, 0.012515271414374899, 0.009980656180500803, 0.17456639681013256, 0.00099806561805008], [0.1807658038095466, 0.03261650348201775, 0.014443133131835725, 0.0099812118990445, 0.761195226487651, 0.00099812118990445], [0.7557320998060436, 0.039764301930998884, 0.01893678934011243, 0.009980853948126405, 0.17458786957990613, 0.0009980853948126406], [0.018865122101031816, 0.035555936326976983, 0.021096753326153326, 0.009981264231291583, 0.9135027975914172, 0.0009981264231291585], [0.9253292582437249, 0.027898644025331924, 0.025846794063694563, 0.009964430317737482, 0.009964430317737482, 0.0009964430317737482], [0.9061578515464273, 0.03594986549324392, 0.033786494800954636, 0.00998157849490555, 0.013126051814978362, 0.000998157849490555], [0.030111234159518344, 0.205178605097055, 0.025519184487234104, 0.009981397617230374, 0.7282114388772392, 0.0009981397617230374], [0.3019466521058717, 0.0296867017997892, 0.01790568173649965, 0.009968301102184616, 0.6394958331454366, 0.0009968301102184615], [0.945771414061436, 0.01900851252792318, 0.014347935885699617, 0.009939113107114855, 0.009939113107114855, 0.0009939113107114855], [0.9505591606034174, 0.017124706420272796, 0.011444508436419497, 0.009938868828519225, 0.009938868828519225, 0.0009938868828519225], [0.02003067652693245, 0.03469734007870895, 0.020931071513141233, 0.009981318205972447, 0.9133614618546477, 0.0009981318205972446], [0.9043114964313473, 0.037543352587354716, 0.03334145535653609, 0.009981616300028369, 0.013823917694730877, 0.0009981616300028368], [0.8438562385133871, 0.05484834226383513, 0.05667536605355425, 0.013118257978200026, 0.030501962558950546, 0.0009998326320730681], [0.6289798626851414, 0.07635790074158327, 0.07949038071810757, 0.014045475289863798, 0.20012654793648768, 0.0009998326288161916], [0.5456135293164255, 0.27767012886065773, 0.1168620951001279, 0.015912109036647148, 0.042942305062659614, 0.0009998326234820596], [0.7948248193644093, 0.07717449776695316, 0.08093143973284886, 0.014066508704721434, 0.0320029018011823, 0.0009998326298849027], [0.679966255528531, 0.05396005205182947, 0.05804529623540787, 0.012456509502393926, 0.19457205404881528, 0.000999832633022458], [0.7439205082175262, 0.031229432741631296, 0.19922425998194224, 0.009981617887104735, 0.014646019383085301, 0.0009981617887104737], [0.9122782306846975, 0.029332188017847528, 0.0334186817017043, 0.00998179039854624, 0.013990930157349944, 0.000998179039854624], [0.7554163639342015, 0.1961646983090053, 0.027485905860854414, 0.009968110426637596, 0.009968110426637596, 0.0009968110426637595], [0.3019465534041497, 0.029029753913779887, 0.01799655439666282, 0.009968336116090168, 0.6400619685577085, 0.0009968336116090168], [0.9302399593564323, 0.03233682149142477, 0.016551297641312822, 0.009939010243252456, 0.009939010243252456, 0.0009939010243252455], [0.7759181848397757, 0.021237494208193576, 0.18192087181550168, 0.009963547207871045, 0.009963547207871045, 0.0009963547207871043], [0.9407561168491032, 0.02110738760507105, 0.017213058774785378, 0.009963541319543138, 0.009963541319543138, 0.0009963541319543139], [0.9300434090515151, 0.02415622738062363, 0.02487656971329018, 0.009963711359319692, 0.009963711359319692, 0.0009963711359319693], [0.9092773717665041, 0.03232756908465983, 0.03419656749423335, 0.009981615756492946, 0.013218714322460634, 0.0009981615756492945], [0.7025328541574488, 0.04094495742214802, 0.05536870773940032, 0.010684444748666736, 0.18946920329828534, 0.0009998326340509391], [0.854856866209676, 0.05164766161206845, 0.05480305178046133, 0.011728845668068151, 0.025963742095515836, 0.0009998326342102431], [0.8035903550236354, 0.07225726132955826, 0.07976284528912839, 0.013546466887387216, 0.029843238838635308, 0.0009998326316554638], [0.5079332995352108, 0.11133086258871584, 0.15226540271593786, 0.019995968653090168, 0.20747463388130227, 0.0009998326257430223], [0.6455129431652723, 0.1237586990521489, 0.1485485888651929, 0.023509039608703052, 0.05767089668562118, 0.0009998326230616758], [0.49955702318780604, 0.1141605856745495, 0.15667914315214224, 0.019930379936307564, 0.20867303542582974, 0.0009998326233648764], [0.219650125981315, 0.0854892411110856, 0.0818799897845284, 0.014339349695280026, 0.5976414607987869, 0.0009998326290041534], [0.045692458638055045, 0.05807263894327141, 0.05777533520342995, 0.011003948854524818, 0.8264557857298797, 0.0009998326308391975], [0.9681958021502343, 0.009938811828051853, 0.0009938811828051853, 0.009938811828051853, 0.009938811828051853, 0.0009938811828051853]], [[0.9681958028677972, 0.009938811603813423, 0.0009938811603813424, 0.009938811603813423, 0.009938811603813423, 0.0009938811603813424], [0.9593199332442819, 0.009921967501394681, 0.009921967501394681, 0.009921967501394681, 0.009921967501394681, 0.0009921967501394682], [0.9434657438757991, 0.026259845079112335, 0.009353815534820892, 0.009962188338222749, 0.009962188338222749, 0.0009962188338222748], [0.930808450381451, 0.03712474409779662, 0.011144165486140126, 0.009963161921244055, 0.009963161921244055, 0.0009963161921244055], [0.9296183301899434, 0.03955481722042914, 0.009944145996654006, 0.009944145996654006, 0.009944145996654006, 0.0009944145996654006], [0.910441906745807, 0.06675503587765419, 0.0018780255829537597, 0.009964300854088134, 0.009964300854088134, 0.0009964300854088135], [0.892794400950515, 0.08000814539242704, 0.001880361333775034, 0.009981558436232663, 0.014337378043427173, 0.0009981558436232662], [0.028185741165061312, 0.07906347459674745, 0.009964162089521049, 0.009964162089521049, 0.8718260438501971, 0.000996416208952105], [0.7070481642346842, 0.2628832303129233, 0.005128322850598967, 0.009981564894979065, 0.01396056121731665, 0.0009981564894979064], [0.6922444075664845, 0.10339117247397824, 0.0028987378552109396, 0.010085678927247276, 0.19038017054410586, 0.0009998326329732114], [0.8307321870281394, 0.12533959009433188, 0.005309197171033563, 0.011100567445222566, 0.026518625630850827, 0.0009998326304217918], [0.6734992364485656, 0.2872838109704953, 0.004956892924057688, 0.010021740355658193, 0.023238486670454993, 0.0009998326307682952], [0.7447264879852684, 0.08570477905140915, 0.0036769830767759445, 0.00996855216180339, 0.15492634250856274, 0.000996855216180339], [0.7621151836254378, 0.07348368761744505, 0.003955270757281627, 0.00996820643039415, 0.1494808309264019, 0.000996820643039415], [0.3009329019748074, 0.06363749355945685, 0.003977559142703092, 0.009968291480414225, 0.6204869246945772, 0.0009968291480414225], [0.8874324528981017, 0.08693015783578424, 0.004403905368708588, 0.009981418976502936, 0.010253923023252414, 0.0009981418976502936], [0.8352603642634857, 0.1234222955692669, 0.004973914772613508, 0.01058762670272827, 0.024755966061501353, 0.0009998326304044504], [0.6214649132802667, 0.15608542094669134, 0.005583024195701856, 0.01411084449031144, 0.20175596445779662, 0.0009998326292322516], [0.24630094817073733, 0.22104053653432335, 0.010405117152812813, 0.02087580183263896, 0.5003777636819507, 0.0009998326275368122], [0.2800869730663808, 0.23382580373201994, 0.008627974152447615, 0.025723232969503546, 0.45073618344928523, 0.0009998326303629172], [0.2461931956531729, 0.22241183917519755, 0.009395526199158927, 0.0203776159668497, 0.5006219903780985, 0.0009998326275225383], [0.6368332036227923, 0.3111754822825934, 0.003635470920137442, 0.01420557418909767, 0.03315043635422126, 0.0009998326311580368], [0.8624782104628937, 0.09667877196764567, 0.0038035226066554443, 0.010580985976696782, 0.02545867635288431, 0.000999832633224132], [0.8457918470797453, 0.1101970699261789, 0.002623601593082148, 0.011787167357647727, 0.028600481411099152, 0.0009998326322467603], [0.8486275270007525, 0.10996377259701606, 0.005377185539287356, 0.010395733419338256, 0.024635948811795486, 0.0009998326318104462], [0.17245704775929616, 0.07305786304406545, 0.002776638805947269, 0.00996930045025082, 0.7407422198954153, 0.000996930045025082], [0.9085806671809251, 0.06672878938407337, 0.0037974694557143954, 0.009949082847279614, 0.009949082847279614, 0.0009949082847279613], [0.2018151385222038, 0.0835775798779259, 0.006170466771278319, 0.009983636777580159, 0.6974548143732539, 0.0009983636777580159], [0.8899643918645879, 0.08429432583126473, 0.004812129257910705, 0.009966263355350861, 0.009966263355350861, 0.000996626335535086], [0.20227441859072998, 0.09069433426023941, 0.0052437639042569725, 0.00998236660706809, 0.6908068799769987, 0.000998236660706809], [0.8212138502673081, 0.13299280778279549, 0.005806983481891017, 0.012259032170428374, 0.02672749366723129, 0.0009998326303458567], [0.8132327298278292, 0.1357990471715381, 0.004085347139871185, 0.01427099101139871, 0.03161205221761968, 0.000999832631742981], [0.5809606938451349, 0.18833630964532153, 0.006736658794759478, 0.016526612151929056, 0.20643989293384665, 0.0009998326290085126], [0.5676248045438782, 0.20181157143798648, 0.004963623822225405, 0.0164563968873206, 0.2081437706808471, 0.000999832627742331], [0.4948710057025946, 0.24320307239889088, 0.00663024041448359, 0.025290643921330597, 0.22900520493361104, 0.0009998326290894233], [0.3179198934326343, 0.32345889014995177, 0.007001138552509589, 0.028801732768498064, 0.32181851247565696, 0.0009998326207493198], [0.6609591302465562, 0.24299834945171686, 0.009987099274624583, 0.025150024454578843, 0.05990668664506123, 0.0009987099274624584], [0.7197653755612394, 0.2123079489922808, 0.01217079982333173, 0.01613068183728191, 0.03862536115836619, 0.000999832627500178], [0.8416805668713754, 0.060055099708675806, 0.05967997229844244, 0.011837490496667298, 0.025747037991830892, 0.0009998326330082992], [0.9681958012305903, 0.009938812115440536, 0.0009938812115440536, 0.009938812115440536, 0.009938812115440536, 0.0009938812115440536]], [[0.9681958028677972, 0.009938811603813423, 0.0009938811603813424, 0.009938811603813423, 0.009938811603813423, 0.0009938811603813424], [0.9586691241911224, 0.010498015661078757, 0.009946083918644858, 0.009946083918644858, 0.009946083918644858, 0.0009946083918644856], [0.9394293013696046, 0.03676933721006149, 0.002878683205108371, 0.009963180102488419, 0.009963180102488419, 0.0009963180102488419], [0.9352545577371877, 0.04062332716250478, 0.0031979851938931285, 0.009963871384006923, 0.009963871384006923, 0.0009963871384006922], [0.906246555761215, 0.0632360399295203, 0.0035470885751463597, 0.00998156783345815, 0.015990591117314552, 0.000998156783345815], [0.8571266091676144, 0.09613115092777204, 0.009981080444563476, 0.010575650656322376, 0.025187400759271453, 0.0009981080444563476], [0.8215020001287516, 0.1277683369529834, 0.009981401037415204, 0.011821129906474544, 0.027928991870633878, 0.0009981401037415204], [0.6744643984841419, 0.1155081893388369, 0.0059105388872069155, 0.0111425482765117, 0.19197449238260816, 0.0009998326306947213], [0.8158170105165258, 0.13209913566099088, 0.009981333874191138, 0.01251627111305235, 0.028588115447820837, 0.0009981333874191137], [0.060799580204210404, 0.1438989032219073, 0.009981513488142562, 0.014779786127601216, 0.7695420656093244, 0.0009981513488142562], [0.5696495936058659, 0.19365942918096857, 0.006022934980900922, 0.016919889231237297, 0.2127483203728642, 0.000999832628163232], [0.22763865377188242, 0.15060414016937168, 0.006846150042282532, 0.014630164542329353, 0.5992810588452747, 0.0009998326288595094], [0.1938691340317666, 0.2524414037619052, 0.00528506176557931, 0.011265450762868487, 0.5361392359372301, 0.000999713740650427], [0.8828851123706056, 0.08648671261065584, 0.004720715312203802, 0.00997774234567705, 0.01493194312629013, 0.0009977742345677052], [0.9065539368870107, 0.06847558569169639, 0.004085616861132103, 0.009945171695314788, 0.009945171695314788, 0.0009945171695314788], [0.2061208334057247, 0.10026102897662581, 0.005574429871240167, 0.009991446567439543, 0.6770531165222259, 0.0009991446567439541], [0.22534160955430244, 0.13960461023982293, 0.004715946295143656, 0.013190456520909196, 0.6161475447614121, 0.00099983262840983], [0.24990770952821806, 0.21039504231495565, 0.006429902768412447, 0.018692940071079134, 0.5135745726899787, 0.0009998326273560631], [0.5003820821700827, 0.23610430152021492, 0.00606747497395361, 0.02597602663321538, 0.23047028207505504, 0.0009998326274785034], [0.495744143130006, 0.3024262024580926, 0.004069032894438744, 0.02883716190022801, 0.16792362699614533, 0.0009998326210895092], [0.5004168129860389, 0.23612068918742923, 0.006046446346698161, 0.02543708941952192, 0.23097912943282653, 0.0009998326274853466], [0.2503800735746409, 0.20238326910846943, 0.006943949346524477, 0.01876147121991563, 0.5205314041227326, 0.0009998326277170775], [0.7841394803275727, 0.16063383721393387, 0.006016194333142357, 0.014152286692573698, 0.03405836880418086, 0.000999832628596494], [0.2499040507976179, 0.19811296329213895, 0.007632688173881464, 0.017455540513035574, 0.5258949245960163, 0.0009998326273099156], [0.7867136770449545, 0.15686709467591678, 0.007219775141623716, 0.014078441470193801, 0.034121179038530985, 0.0009998326287803839], [0.7169595076782648, 0.24078321412360784, 0.003473450418191465, 0.011400254040220567, 0.0263838599973406, 0.0009997137423749024], [0.5922075801649667, 0.22785050842315227, 0.002723980844068835, 0.009995392265073576, 0.16622299907623142, 0.0009995392265073576], [0.8325504597341553, 0.12060655030201056, 0.0030728046388991685, 0.012371412928406642, 0.030398939765400427, 0.0009998326311279554], [0.8316633097758236, 0.12473628330775487, 0.004638495469124368, 0.01155978313730361, 0.026402295680135208, 0.0009998326298582886], [0.2185787643238017, 0.12673995536827404, 0.004162480607043903, 0.01159212192864373, 0.6379268451442585, 0.0009998326279783995], [0.22655729210103331, 0.1610055389116324, 0.004979481519540652, 0.014848763304602622, 0.5916090915360437, 0.0009998326271473915], [0.6968242375840724, 0.22412478168013503, 0.0077592161647997895, 0.021209686991105352, 0.049082244950620885, 0.0009998326292665904], [0.6769368668039293, 0.22434174261641987, 0.00871006962969072, 0.025321256747242237, 0.06369023157364902, 0.0009998326290690065], [0.0830343142233851, 0.2251086950574142, 0.009348945127224676, 0.02256999339618372, 0.6589382195664275, 0.000999832629364925], [0.24959024932993565, 0.2335555857068907, 0.006891049475956561, 0.02240640135983307, 0.4865568814987917, 0.0009998326285923288], [0.2831770340180816, 0.24675571572827584, 0.007146977399166652, 0.02648502027214798, 0.43543541995134877, 0.0009998326309792035], [0.08182195423726296, 0.23306483242263112, 0.00803292494711198, 0.02198980147944716, 0.6540906542843115, 0.000999832629235271], [0.7950038412861323, 0.14860994751437043, 0.009981231079503312, 0.014655864715529076, 0.03075099229651459, 0.0009981231079503312], [0.8653545387084356, 0.042830964376478424, 0.05762048539456662, 0.010704285416919713, 0.022489893469859298, 0.0009998326337404034], [0.9681958025835316, 0.009938811692646451, 0.0009938811692646451, 0.009938811692646451, 0.009938811692646451, 0.0009938811692646451]], [[0.9681958028677972, 0.009938811603813423, 0.0009938811603813424, 0.009938811603813423, 0.009938811603813423, 0.0009938811603813424], [0.9540596326167096, 0.015075413185845968, 0.009956436837885371, 0.009956436837885371, 0.009956436837885371, 0.0009956436837885371], [0.9350182996588767, 0.041600104314987944, 0.0024586884936513035, 0.009963289301182959, 0.009963289301182959, 0.0009963289301182959], [0.9136943841901418, 0.05404537158680813, 0.005387666090213622, 0.00998149774351123, 0.01589293061497414, 0.000998149774351123], [0.8432806770062983, 0.10829535761941839, 0.005796408133074867, 0.011959189804811888, 0.02966853480384262, 0.000999832632554034], [0.6227061140881156, 0.15310991954795738, 0.009071621872485445, 0.01364655615380446, 0.20046595570845693, 0.0009998326291802983], [0.25180515308253454, 0.1974261148077417, 0.01031650475689596, 0.016592718871719033, 0.5228596758537722, 0.0009998326273365928], [0.2287035165182401, 0.14602565332969475, 0.009981548126060554, 0.014037514917983636, 0.6002536122954151, 0.0009981548126060554], [0.8023411829361985, 0.1395774766059622, 0.004163368454714189, 0.014772613694251834, 0.038145525677888474, 0.0009998326309848822], [0.7110881328075321, 0.20856935106729957, 0.0103720991893531, 0.020330767579002318, 0.048639816725861644, 0.0009998326309513326], [0.5136900794025331, 0.3874146447147591, 0.00998160770907894, 0.0247051831513677, 0.06321032425135337, 0.0009981607709078938], [0.699928256367189, 0.22242073293598022, 0.007339706086014345, 0.02116804497480923, 0.04814342700637399, 0.0009998326296331214], [0.33910021189291156, 0.13319534438944197, 0.005151214030925443, 0.012796818838686002, 0.5087566971089126, 0.0009997137391224158], [0.5860098415636887, 0.37489741195195475, 0.0030575219630531287, 0.010450520819092406, 0.024584989959622883, 0.0009997137425881491], [0.7724836489608303, 0.06088603298945168, 0.001362358083085658, 0.00996974516033458, 0.15430124029026437, 0.000996974516033458], [0.22204821196434857, 0.10927289812033189, 0.005465537423828543, 0.012206731675644646, 0.6500067881856915, 0.000999832630154889], [0.7890428162568955, 0.15532821551254827, 0.003427337713830751, 0.014998901562609652, 0.03620289632468331, 0.0009998326294325096], [0.0864636810591786, 0.21518055835433902, 0.007095559891331035, 0.022473303151000476, 0.6677870649156518, 0.0009998326284991613], [0.638801942056831, 0.2573440859017314, 0.006893530708875477, 0.027853576981265612, 0.06810703172109331, 0.0009998326302032119], [0.6402614014144188, 0.253669523854507, 0.007757314021363943, 0.02786437617659186, 0.06944755190287595, 0.0009998326302424947], [0.7012709432094262, 0.21739968724885309, 0.006492463750675124, 0.02199033233802912, 0.051846740823119755, 0.0009998326298968092], [0.23059878632688882, 0.14223319646321123, 0.004583530346725234, 0.016618212320137146, 0.6049664419130093, 0.0009998326300282873], [0.532345565492704, 0.3895163168323201, 0.00854884611437319, 0.02054820175161, 0.04804123717980028, 0.0009998326291924937], [0.2854492071527418, 0.22189769577680507, 0.00863143381318091, 0.025765740476600508, 0.4572560901506645, 0.0009998326300073043], [0.5425646289477662, 0.20999885346291253, 0.009563329037815524, 0.020718228063965127, 0.21615512785691568, 0.000999832630625103], [0.5482744717418617, 0.11573419880014438, 0.0018265609600854693, 0.01365018095028771, 0.31951487380532834, 0.000999713742292344], [0.8388917469607093, 0.11220590694520553, 0.003219071344717862, 0.013314473003950562, 0.031369088003171716, 0.000999713742244874], [0.7391275138259407, 0.1889426840800186, 0.005442478595862313, 0.01753437237831655, 0.047953118491203955, 0.0009998326286580431], [0.22827083427462128, 0.15372518815739575, 0.005096343564906204, 0.01557354048101467, 0.5963342608951248, 0.0009998326269375366], [0.8102969629266316, 0.14169488954762233, 0.003696983014097228, 0.014390312023440911, 0.028921019856791342, 0.000999832631416777], [0.2520652033353336, 0.2064940485093303, 0.005800883848694801, 0.018099014895009737, 0.5165410167850139, 0.0009998326266177475], [0.28652130484627353, 0.22794995749121602, 0.007854551201547747, 0.02595443473548123, 0.4507199190948367, 0.000999832630644877], [0.49982976850845034, 0.2965698070100856, 0.005503009569876221, 0.029106625309701883, 0.16799095698027053, 0.0009998326216155043], [0.5106905590037747, 0.22571855804366942, 0.006697500182054428, 0.026211036550118458, 0.22968251359167388, 0.000999832628709251], [0.08584987477988666, 0.21226716979606355, 0.005812604594994948, 0.018689470630255337, 0.6763810475713945, 0.0009998326274051701], [0.715000380303693, 0.22102817589302678, 0.005268454694977659, 0.01688215533236403, 0.040821001150899754, 0.0009998326250388926], [0.7717504370223578, 0.1711220812067091, 0.0029413683389028634, 0.014702696306314664, 0.03848358449767116, 0.0009998326280445068], [0.6491676257512419, 0.13961459430541096, 0.005011955260311293, 0.012625002244168024, 0.1925809898090514, 0.0009998326298165544], [0.9065183152319857, 0.03351836880978769, 0.03564117069994023, 0.009981614081479307, 0.01334236976865925, 0.0009981614081479308], [0.9681958026130634, 0.009938811683417705, 0.0009938811683417705, 0.009938811683417705, 0.009938811683417705, 0.0009938811683417705]], [[0.968195802624142, 0.00993881167995567, 0.000993881167995567, 0.00993881167995567, 0.00993881167995567, 0.000993881167995567], [0.17801836653863345, 0.03275202933457113, 0.015369698680106991, 0.009981213558770767, 0.7628805705320406, 0.0009981213558770768], [0.9117676499110745, 0.06611970823017693, 0.0011773261621126786, 0.00996919795077914, 0.00996919795077914, 0.0009969197950779139], [0.8597876557213711, 0.10012890998097804, 0.0029781650710318454, 0.01072264886785002, 0.025382787726127422, 0.0009998326326417061], [0.22914795154477074, 0.142167983568808, 0.007532720618198659, 0.01496906121537363, 0.6051824504223782, 0.000999832630470803], [0.713215665679292, 0.21013459854074923, 0.008004192250694233, 0.021075690919551027, 0.046570019979335756, 0.000999832630377742], [0.2915186025970394, 0.21506599727331605, 0.010747441382804913, 0.02515626632012394, 0.45651185979779363, 0.0009998326289221368], [0.5441700264328592, 0.20892799947480925, 0.009987100036669649, 0.020857541078464676, 0.2150586229735302, 0.0009987100036669648], [0.7514181929138821, 0.17677004969826787, 0.005016636366753595, 0.017124043725844834, 0.04867124466632131, 0.0009998326289302768], [0.7071590875421288, 0.19411682315270853, 0.00999432395871257, 0.02402070521379271, 0.0637096277367864, 0.000999432395871257], [0.33842886869947175, 0.2886593563932628, 0.007677829304031896, 0.02898253562240917, 0.335251577359636, 0.0009998326211884353], [0.12692286858922816, 0.38500099205833194, 0.007927681410529769, 0.026025259245780596, 0.45312336606567444, 0.0009998326304553815], [0.7720803554968365, 0.16642780647821737, 0.004414972956702243, 0.014896727845271589, 0.04118042348463975, 0.000999713738332633], [0.8509453375319658, 0.10614532554357493, 0.003158917870304962, 0.01088793141244862, 0.027862773901374323, 0.0009997137403315061], [0.5926425871745415, 0.08361010821443626, 0.000999427515029307, 0.15318753371538066, 0.16856091586558294, 0.000999427515029307], [0.8460848011764147, 0.10489805257852386, 0.0013284584408064315, 0.013310164681238943, 0.03337869049121467, 0.000999832631801332], [0.750572804603205, 0.1800793097938083, 0.004123482431596811, 0.017435745018135565, 0.04678882552410804, 0.0009998326291464613], [0.6952122417716383, 0.20561218289187358, 0.004223518489737035, 0.026620777356219937, 0.06733144686053034, 0.000999832630000772], [0.5106860612853341, 0.28342871455197965, 0.003559622814139698, 0.028955382887458334, 0.17237038583803405, 0.000999832623054056], [0.2930815855214813, 0.2140652423653315, 0.007121388013317763, 0.027028773920167348, 0.45770317754911455, 0.0009998326305876919], [0.5789019496544942, 0.18273222612784384, 0.0029689358884741404, 0.018350013921156212, 0.21604704177917658, 0.000999832628854964], [0.7471629140844148, 0.18000749685546846, 0.0029545884070607737, 0.01927614312398894, 0.049599024899828266, 0.0009998326292389277], [0.5248629692097964, 0.37608142708614595, 0.005082402386782309, 0.025853862495448708, 0.06711950619252116, 0.0009998326293056627], [0.5113365258129737, 0.28212299938136276, 0.0027303740152110957, 0.029510456799402885, 0.1732998113678175, 0.0009998326232320968], [0.6925653688155362, 0.20873409599658652, 0.005658955444530106, 0.025342221494448123, 0.06669952561989878, 0.000999832629000374], [0.3641279568842654, 0.15733043668552196, 0.0053298408138339635, 0.015632976683867983, 0.4565790751938271, 0.0009997137386835435], [0.6184740757276068, 0.17234717536805702, 0.003662711722402583, 0.01850408577994291, 0.18601223766007094, 0.0009997137419196825], [0.6887306322566974, 0.2127833280850074, 0.005388004523273497, 0.025400215088233286, 0.06669798741779032, 0.000999832628998065], [0.09161702395165658, 0.20777079670687726, 0.006121169830001024, 0.021843117236043805, 0.6716480596478257, 0.0009998326275956222], [0.07766980510706879, 0.14857685662948777, 0.0009996636558161067, 0.015551929418793523, 0.7562020815330178, 0.0009996636558161067], [0.06894546354334846, 0.14783240941715933, 0.0036515988788330747, 0.015541434272978834, 0.7630292612601243, 0.0009998326275561529], [0.7070390583664751, 0.21431956901935148, 0.005791553858222626, 0.021207763795265205, 0.05064222233144519, 0.0009998326292405774], [0.6967622952219262, 0.20517494174015133, 0.005314844472299643, 0.025429858720725555, 0.06631822721509566, 0.0009998326298016782], [0.5476800550975245, 0.20519112075393123, 0.0075328133585293175, 0.02150018267482217, 0.21709599548520542, 0.000999832629987514], [0.23585528533086345, 0.14030275860256708, 0.00497878341775863, 0.014619066463627869, 0.6032442735555105, 0.0009998326296727083], [0.22520330071579514, 0.13723415242311213, 0.004792564539109936, 0.012727202412615657, 0.619042947279752, 0.0009998326296152044], [0.218426502966551, 0.11892142561759014, 0.0047254942109401414, 0.011850097560752344, 0.6450766470127018, 0.0009998326314646113], [0.03061990244096912, 0.09584773718593294, 0.004371380702879972, 0.009987162308302483, 0.8581751011310854, 0.0009987162308302483], [0.7583568140623698, 0.029648601544517098, 0.02640456101571704, 0.009981065612536703, 0.17461085120360592, 0.0009981065612536702], [0.9681958027128966, 0.009938811652219845, 0.0009938811652219844, 0.009938811652219845, 0.009938811652219845, 0.0009938811652219844]], [[0.9681927477131761, 0.009939766339632521, 0.000993976633963252, 0.009939766339632521, 0.009939766339632521, 0.000993976633963252], [0.7548696320556451, 0.040936985759321726, 0.01862509245035669, 0.009980867449850613, 0.1745893355398409, 0.0009980867449850613], [0.8680784598988106, 0.1033321245169809, 0.00362809072349386, 0.009981560582843947, 0.013981608219586498, 0.0009981560582843947], [0.8244739958661419, 0.12829293060817662, 0.006319912316562036, 0.011869665325296135, 0.028043663253862962, 0.0009998326299603285], [0.5643406703561396, 0.20051274768266006, 0.008652326351231102, 0.016909522524374374, 0.20858490045799583, 0.0009998326275991996], [0.5203839390475165, 0.21851715456153004, 0.006898460553763515, 0.024863255136692256, 0.2283373580718373, 0.0009998326286604908], [0.33888411937312984, 0.2866614491117762, 0.00787899830624926, 0.028643338822004646, 0.336932261765791, 0.0009998326210492467], [0.5314876088057516, 0.20355049736795816, 0.010953225512155907, 0.023765276228528875, 0.22924355945751862, 0.0009998326280867033], [0.75699024265766, 0.17063627735911824, 0.004959769702241313, 0.017401032491018178, 0.049012845160522636, 0.0009998326294395113], [0.737896126988121, 0.18127871745861718, 0.010229685489844603, 0.02032546627014476, 0.049270171162616457, 0.000999832630655988], [0.7048870387652796, 0.1996043249880243, 0.005537559070298588, 0.025109351101186773, 0.06386189344579962, 0.000999832629411198], [0.713149068698061, 0.20477591375573428, 0.005937205210996964, 0.022511936792829822, 0.05262604291267651, 0.0009998326297014919], [0.34521011428130577, 0.12697879232831205, 0.0025753148577977733, 0.01391275844108878, 0.5103233063526681, 0.0009997137388276344], [0.0786021498712014, 0.1642970661369108, 0.00483758041912042, 0.015019690644494621, 0.736243799190368, 0.0009997137379048064], [0.8393289897108777, 0.1108927205298227, 0.0009994453186179916, 0.013219725985072104, 0.03455967313699157, 0.0009994453186179916], [0.8506538296628345, 0.09942962026765341, 0.001188037923007473, 0.013911748496702412, 0.03381693101715665, 0.0009998326326454592], [0.8236119079079764, 0.1194043200541338, 0.004154766463608081, 0.014688534193139403, 0.03714063874948092, 0.0009998326316612153], [0.560976696259476, 0.1941791247649347, 0.005329769031818849, 0.02143628484928859, 0.2170782924631734, 0.0009998326313087513], [0.7034328555656174, 0.20089769572672608, 0.005050584593958622, 0.02523033210295993, 0.06438869938084237, 0.0009998326298955558], [0.7185516301365796, 0.20195281071636625, 0.007180557191230364, 0.02142588231170427, 0.049889287013928245, 0.0009998326301914199], [0.8012776504656851, 0.1399210144545806, 0.0029532463644624763, 0.015226473208948566, 0.03962178287652858, 0.0009998326297946548], [0.7162939357875702, 0.20161777196145064, 0.005649902912650532, 0.02258092903762827, 0.0528576276706901, 0.0009998326300104676], [0.6669757233231224, 0.23016147249297905, 0.005352967630237058, 0.02728697110064865, 0.06922303282316648, 0.0009998326298466056], [0.6785273371754745, 0.21985819070772494, 0.002994660066026502, 0.027821537545042765, 0.06979844187535462, 0.000999832630376731], [0.5533018158464889, 0.19933729698032882, 0.0050503213573016605, 0.021998257377113143, 0.21931247580856794, 0.0009998326301996078], [0.7754412839378156, 0.16158800122066763, 0.004240424897521357, 0.01589982814822534, 0.04183074805714079, 0.000999713738629329], [0.44895458213805484, 0.18262686194944044, 0.0041887798189994205, 0.02155175190111682, 0.3416783104532934, 0.000999713739095143], [0.5043878092311977, 0.29199014017602015, 0.0034989226373716934, 0.02890204105922868, 0.170221254275484, 0.000999832620697804], [0.2941034523714797, 0.21453004133910655, 0.005455676598143913, 0.026005140932315495, 0.4589058561284819, 0.0009998326304724908], [0.567245559704346, 0.1958384442209765, 0.004180055509773868, 0.01825147911425403, 0.21348462882479124, 0.000999832625858493], [0.23717541131829376, 0.1347209276013148, 0.0049255514365495745, 0.01629120121946417, 0.6058870757957431, 0.0009998326286347785], [0.7493611284758858, 0.1781864111487817, 0.004676922869243465, 0.018074408626825102, 0.048701296250678025, 0.0009998326285859877], [0.7568249264631848, 0.1699159228106018, 0.004026026126471271, 0.018757848136513024, 0.049475443833954, 0.0009998326292749986], [0.6548074319789032, 0.12130478693195114, 0.001696847483539171, 0.014785976254727379, 0.20640512471863687, 0.0009998326322422652], [0.7488534354459021, 0.17994111529654752, 0.006896482620451, 0.01665206990149507, 0.0466570641082683, 0.0009998326273360602], [0.6278233870425405, 0.14937006158735833, 0.0037062649541135108, 0.014138946448718125, 0.2039615073391392, 0.0009998326281302657], [0.6577735542754837, 0.12626270430731526, 0.0035808772557488844, 0.012227270708627728, 0.19915576082367673, 0.0009998326291476801], [0.87176646578022, 0.09659937528222075, 0.0031632832159866134, 0.009986133739301057, 0.0174861286083416, 0.0009986133739301058], [0.1805615355103044, 0.03593298298608901, 0.023157383512860397, 0.00998131914529156, 0.7493686469309255, 0.0009981319145291562], [0.9681958025527079, 0.009938811702278842, 0.0009938811702278842, 0.009938811702278842, 0.009938811702278842, 0.0009938811702278842]], [[0.9681918210588505, 0.009940055919109236, 0.0009940055919109238, 0.009940055919109236, 0.009940055919109236, 0.0009940055919109238], [0.19568647713328388, 0.04112434895065442, 0.028391136327625393, 0.00998146593448465, 0.7238184250605033, 0.000998146593448465], [0.034317121427984404, 0.10355866418837519, 0.00538017380417289, 0.009981582692518991, 0.8457642996176968, 0.0009981582692518993], [0.22070788382640877, 0.11161738841962601, 0.006498012866221378, 0.011654693667001864, 0.6485221885890526, 0.0009998326316893245], [0.6360276084420394, 0.1398088875456989, 0.004123079109616927, 0.014899837348728809, 0.20414075492276182, 0.0009998326311541595], [0.258749685065001, 0.20346891500942815, 0.010928829712976304, 0.020736606054988702, 0.5051161315299678, 0.0009998326276380053], [0.2932974317793212, 0.20821150063422125, 0.011082213336953277, 0.024753858895337637, 0.46165516272474255, 0.000999832629424117], [0.7306966766102868, 0.18836372096761525, 0.0099938365372475, 0.020390886834162677, 0.04955549539696294, 0.00099938365372475], [0.8258463867863776, 0.11587967703707835, 0.005091099338236664, 0.015110829163434107, 0.03707217504275704, 0.0009998326321163755], [0.8179406120270424, 0.11985809542651144, 0.009981157809164311, 0.014552038582451833, 0.036669980373913835, 0.000998115780916431], [0.5855508183429066, 0.17906568324541047, 0.0035487136967868455, 0.017578344868462742, 0.21325660721737136, 0.000999832629061992], [0.7962119715035906, 0.14436363434672422, 0.0030261547216480717, 0.016044882275004075, 0.03935352452504844, 0.000999832627984803], [0.3649172086793861, 0.18270328513008147, 0.004631508752143577, 0.019273517152670394, 0.4274747665461372, 0.0009997137395813965], [0.10861786212466802, 0.18328282640839852, 0.0051954572468845195, 0.022080037628664655, 0.6798241028505768, 0.0009997137408074143], [0.7585072988540198, 0.1730316549210979, 0.006480035067252805, 0.018236530140440507, 0.0427447672762401, 0.0009997137409488814], [0.8183096968617852, 0.1253516895882794, 0.003972718047749922, 0.014333107848689226, 0.037032955022130096, 0.0009998326313661325], [0.23189955695210826, 0.10963160573744943, 0.005191185785759517, 0.012955834179093843, 0.6393219847154918, 0.0009998326300972545], [0.8134398610213405, 0.13069758684859742, 0.003252478656084154, 0.014450274283748314, 0.03715996655884782, 0.00099983263138207], [0.7581819670827764, 0.17289941843774143, 0.0031089215936551634, 0.018055709763219584, 0.04675415049311862, 0.0009998326294889627], [0.8137259106805022, 0.13075538823423588, 0.0027358723095843316, 0.014606595482759914, 0.03717640066149021, 0.0009998326314274], [0.09195171565407435, 0.18518959641302304, 0.0034138539545156663, 0.01758445057912867, 0.7008605507723173, 0.0009998326269409924], [0.29428257240679406, 0.21144309693795382, 0.003466784571039742, 0.025959906511582975, 0.46384780694233363, 0.0009998326302957832], [0.34548142897144657, 0.27823669052817857, 0.006175833170510187, 0.028568629138925303, 0.34053758556793895, 0.0009998326230005034], [0.6974875926252272, 0.2041017024260685, 0.005137350943468751, 0.025321880834068614, 0.066951640542247, 0.0009998326289200163], [0.7398091827197824, 0.18871878975203285, 0.0043834838419982685, 0.017505238052660615, 0.048583473005965064, 0.0009998326275609888], [0.2034704663888415, 0.11648440170601405, 0.0029044058544529456, 0.0141288837955209