{"prediction": [[[0.9950248756218911, 0.0009950248756218911, 0.0009950248756218911, 0.0009950248756218911, 0.0009950248756218911, 0.0009950248756218911], [0.9950248756218911, 0.0009950248756218911, 0.0009950248756218911, 0.0009950248756218911, 0.0009950248756218911, 0.0009950248756218911], [0.9950248756218911, 0.0009950248756218911, 0.0009950248756218911, 0.0009950248756218911, 0.0009950248756218911, 0.0009950248756218911], [0.9950248756218911, 0.0009950248756218911, 0.0009950248756218911, 0.0009950248756218911, 0.0009950248756218911, 0.0009950248756218911], [0.9950248756218911, 0.0009950248756218911, 0.0009950248756218911, 0.0009950248756218911, 0.0009950248756218911, 0.0009950248756218911], [0.9950248756218911, 0.0009950248756218911, 0.0009950248756218911, 0.0009950248756218911, 0.0009950248756218911, 0.0009950248756218911], [0.9950248756218911, 0.0009950248756218911, 0.0009950248756218911, 0.0009950248756218911, 0.0009950248756218911, 0.0009950248756218911], [0.9950248756218911, 0.0009950248756218911, 0.0009950248756218911, 0.0009950248756218911, 0.0009950248756218911, 0.0009950248756218911], [0.9950248756218911, 0.0009950248756218911, 0.0009950248756218911, 0.0009950248756218911, 0.0009950248756218911, 0.0009950248756218911], [0.9950248756218911, 0.0009950248756218911, 0.0009950248756218911, 0.0009950248756218911, 0.0009950248756218911, 0.0009950248756218911], [0.9950248756218911, 0.0009950248756218911, 0.0009950248756218911, 0.0009950248756218911, 0.0009950248756218911, 0.0009950248756218911], [0.9950248756218911, 0.0009950248756218911, 0.0009950248756218911, 0.0009950248756218911, 0.0009950248756218911, 0.0009950248756218911], [0.9950248756218911, 0.0009950248756218911, 0.0009950248756218911, 0.0009950248756218911, 0.0009950248756218911, 0.0009950248756218911], [0.9950248756218911, 0.0009950248756218911, 0.0009950248756218911, 0.0009950248756218911, 0.0009950248756218911, 0.0009950248756218911], [0.9950248756218911, 0.0009950248756218911, 0.0009950248756218911, 0.0009950248756218911, 0.0009950248756218911, 0.0009950248756218911], [0.9950248756218911, 0.0009950248756218911, 0.0009950248756218911, 0.0009950248756218911, 0.0009950248756218911, 0.0009950248756218911], [0.9950248756218911, 0.0009950248756218911, 0.0009950248756218911, 0.0009950248756218911, 0.0009950248756218911, 0.0009950248756218911], [0.9950248756218911, 0.0009950248756218911, 0.0009950248756218911, 0.0009950248756218911, 0.0009950248756218911, 0.0009950248756218911], [0.9950248756218911, 0.0009950248756218911, 0.0009950248756218911, 0.0009950248756218911, 0.0009950248756218911, 0.0009950248756218911], [0.9950248756218911, 0.0009950248756218911, 0.0009950248756218911, 0.0009950248756218911, 0.0009950248756218911, 0.0009950248756218911], [0.9950248756218911, 0.0009950248756218911, 0.0009950248756218911, 0.0009950248756218911, 0.0009950248756218911, 0.0009950248756218911], [0.9950248756218911, 0.0009950248756218911, 0.0009950248756218911, 0.0009950248756218911, 0.0009950248756218911, 0.0009950248756218911], [0.9950248756218911, 0.0009950248756218911, 0.0009950248756218911, 0.0009950248756218911, 0.0009950248756218911, 0.0009950248756218911], [0.9950248756218911, 0.0009950248756218911, 0.0009950248756218911, 0.0009950248756218911, 0.0009950248756218911, 0.0009950248756218911], [0.9950248756218911, 0.0009950248756218911, 0.0009950248756218911, 0.0009950248756218911, 0.0009950248756218911, 0.0009950248756218911], [0.9950248756218911, 0.0009950248756218911, 0.0009950248756218911, 0.0009950248756218911, 0.0009950248756218911, 0.0009950248756218911], [0.9950248756218911, 0.0009950248756218911, 0.0009950248756218911, 0.0009950248756218911, 0.0009950248756218911, 0.0009950248756218911], [0.9950248756218911, 0.0009950248756218911, 0.0009950248756218911, 0.0009950248756218911, 0.0009950248756218911, 0.0009950248756218911], [0.9950248756218911, 0.0009950248756218911, 0.0009950248756218911, 0.0009950248756218911, 0.0009950248756218911, 0.0009950248756218911], [0.9950248756218911, 0.0009950248756218911, 0.0009950248756218911, 0.0009950248756218911, 0.0009950248756218911, 0.0009950248756218911], [0.9950248756218911, 0.0009950248756218911, 0.0009950248756218911, 0.0009950248756218911, 0.0009950248756218911, 0.0009950248756218911], [0.9950248756218911, 0.0009950248756218911, 0.0009950248756218911, 0.0009950248756218911, 0.0009950248756218911, 0.0009950248756218911], [0.9950248756218911, 0.0009950248756218911, 0.0009950248756218911, 0.0009950248756218911, 0.0009950248756218911, 0.0009950248756218911], [0.9950248756218911, 0.0009950248756218911, 0.0009950248756218911, 0.0009950248756218911, 0.0009950248756218911, 0.0009950248756218911], [0.9950248756218911, 0.0009950248756218911, 0.0009950248756218911, 0.0009950248756218911, 0.0009950248756218911, 0.0009950248756218911], [0.9950248756218911, 0.0009950248756218911, 0.0009950248756218911, 0.0009950248756218911, 0.0009950248756218911, 0.0009950248756218911], [0.9950248756218911, 0.0009950248756218911, 0.0009950248756218911, 0.0009950248756218911, 0.0009950248756218911, 0.0009950248756218911], [0.9950248756218911, 0.0009950248756218911, 0.0009950248756218911, 0.0009950248756218911, 0.0009950248756218911, 0.0009950248756218911], [0.9950248756218911, 0.0009950248756218911, 0.0009950248756218911, 0.0009950248756218911, 0.0009950248756218911, 0.0009950248756218911], [0.9950248756218911, 0.0009950248756218911, 0.0009950248756218911, 0.0009950248756218911, 0.0009950248756218911, 0.0009950248756218911]], [[0.9950248756218911, 0.0009950248756218911, 0.0009950248756218911, 0.0009950248756218911, 0.0009950248756218911, 0.0009950248756218911], [0.3117748846586354, 0.032290957209178746, 0.022956097922058466, 0.008616968114687266, 0.6229282230951944, 0.0014328690002457045], [0.7341347408333437, 0.20184624366254283, 0.020134756436510446, 0.01663468193672628, 0.025135487359774052, 0.002114089771102681], [0.878985316864699, 0.054728235045207775, 0.020551046986877097, 0.015319570108306892, 0.028290060785826875, 0.0021257702090824045], [0.878784492299136, 0.05444703061662291, 0.0207863802134644, 0.0153800744887526, 0.028480522793242143, 0.0021214995887820416], [0.8978130055241507, 0.04539171503946539, 0.015565197749487683, 0.012626196472303541, 0.026432567842415426, 0.0021713173721772134], [0.03713134413714528, 0.08221435524804502, 0.05272286237564207, 0.013186269608342908, 0.8123514087348023, 0.002393759896022416], [0.7110287727067467, 0.04826303238844019, 0.0152572011851884, 0.013187937722062332, 0.21018682835205021, 0.0020762276455123362], [0.5365695385981628, 0.09358282566205012, 0.07038113829343166, 0.19414970779660964, 0.10320623383503474, 0.00211055581471118], [0.5874625757095259, 0.052114666302495394, 0.0680082148556199, 0.05016030228382117, 0.24060662940393007, 0.0016476114446075188], [0.6777141904686723, 0.19231546169302824, 0.05853589257070388, 0.03204555816888651, 0.03769579225079507, 0.0016931048479138632], [0.7831390897870739, 0.04553057163339075, 0.016677112130167416, 0.012489976430907402, 0.1404557827702384, 0.001707467248222001], [0.026892883204061285, 0.06692187599792802, 0.15739981749473406, 0.010633890413042045, 0.7362177705719493, 0.001933762318285397], [0.924569382710663, 0.03049806115220828, 0.01014505921901009, 0.009660294117385938, 0.023355863151468235, 0.001771339649264493], [0.6979357696253856, 0.14481835764819445, 0.009505552891101277, 0.009560814840309025, 0.1364050918476656, 0.0017744131473440056], [0.7372124265236922, 0.1814379448214357, 0.01125544981675462, 0.010287247907571321, 0.05765258194101514, 0.002154348989530937], [0.8774105781160401, 0.055510468754768845, 0.02014938893039677, 0.01524471723915285, 0.029567135528563063, 0.0021177114310783752], [0.8771708238101497, 0.05491585629017675, 0.021146915272475912, 0.01525807198996807, 0.029387929483356334, 0.002120403153873245], [0.7301626602105431, 0.06326890610402484, 0.16233412067811953, 0.017155841137178305, 0.02497646319500288, 0.0021020086751314454], [0.7846669653143151, 0.1708164840006931, 0.02023110739158774, 0.013552870123750924, 0.008520569557087802, 0.002212003612565347], [0.7108835435895039, 0.023424137480225253, 0.13086717330140232, 0.12534383276605796, 0.007691425907926137, 0.0017898869548845888], [0.05056408314259972, 0.18056670317133688, 0.15784818917417784, 0.010976050440386862, 0.5981065741223194, 0.0019383999491792597], [0.9274487884712125, 0.029330481216494713, 0.010051851805459028, 0.009362282347540054, 0.02202745775979369, 0.0017791383995001302], [0.9505477189748088, 0.018455630177707138, 0.011367186199026286, 0.010097869557576982, 0.0072150925544987605, 0.002316502536381907], [0.9275415222996114, 0.028848456323233903, 0.009324260615129048, 0.009342539872876884, 0.023158888637472744, 0.0017843322516758976], [0.015759845937548943, 0.04108565414727877, 0.007331839994251803, 0.007917190246606285, 0.9252147364774749, 0.0026907331968393042], [0.9444057691335761, 0.019260435173818945, 0.01093370431702138, 0.009292784730479054, 0.013515888312404533, 0.0025914183327], [0.01388719413442225, 0.04164564030907896, 0.007179692504733833, 0.00799571694046968, 0.9265997209942599, 0.0026920351170354167], [0.9417734127119899, 0.021067773273056034, 0.012573609090489924, 0.011404955294138285, 0.010598666407911527, 0.002581583222414223], [0.9440101057368059, 0.020814930116779908, 0.012633747883498296, 0.01134654020551833, 0.008614849772325227, 0.0025798262850724733], [0.8990319789780056, 0.044456739636838945, 0.015647601589844056, 0.012387741744414022, 0.026298910008632215, 0.0021770280422650657], [0.7375157670381853, 0.054141550764081975, 0.16161081073258132, 0.01563826204888232, 0.02897264835286689, 0.0021209610634021535], [0.7357293822435983, 0.05478995733823711, 0.020581599534864253, 0.15722023625839884, 0.029557090134282354, 0.0021217344906191574], [0.7309140181997966, 0.2040428324217228, 0.020260494778630827, 0.018236009965256206, 0.02444055578137757, 0.0021060888532159826], [0.8806386078133362, 0.05442864752988012, 0.020223281057964924, 0.015090464583252937, 0.02748583018132178, 0.0021331688342440527], [0.8211589582305484, 0.06008560065797162, 0.019753617124881287, 0.016095614433840714, 0.08014484939160159, 0.002761360161156385], [0.851542151438129, 0.0501042614177692, 0.015158184723152947, 0.013274299406360775, 0.06706271153245741, 0.0028583914821305786], [0.8649747056194728, 0.03821614898557561, 0.011462852054401469, 0.011953736711174176, 0.07051580700946423, 0.0028767496199118225], [0.8659958224852798, 0.03755190509368668, 0.011506326115758043, 0.011882753007808703, 0.0701932294068172, 0.0028699638906495824], [0.9950248756218911, 0.0009950248756218911, 0.0009950248756218911, 0.0009950248756218911, 0.0009950248756218911, 0.0009950248756218911]], [[0.9950248756218911, 0.0009950248756218911, 0.0009950248756218911, 0.0009950248756218911, 0.0009950248756218911, 0.0009950248756218911], [0.506850906901126, 0.04966350490445312, 0.21633403323293346, 0.1296373667221395, 0.09587158212943245, 0.001642606109915559], [0.703947810658262, 0.16085650490222372, 0.000999000999000999, 0.07953042666338796, 0.05215876859320543, 0.0025074881839198815], [0.6009253890723701, 0.16141368341069315, 0.0009990009990009992, 0.04540384367178925, 0.1887187767587044, 0.002539306087442078], [0.7422362793943713, 0.08396374159749909, 0.0009990009990009992, 0.01173195134387646, 0.15885894544658175, 0.00221008121867053], [0.9094509483730562, 0.06505459120071112, 0.0009990009990009992, 0.00943482616845318, 0.012789532103405714, 0.0022711011553729096], [0.9079900066634137, 0.06551492515987004, 0.0009990009990009992, 0.009378950283856494, 0.01384390394693256, 0.0022732129469263274], [0.7277362022792854, 0.2546326770187514, 0.000999000999000999, 0.0018268500732378876, 0.012631054925362793, 0.0021742147043613924], [0.617738451281965, 0.14569473056716, 0.0009990009990009992, 0.038358239450932724, 0.19464969523731898, 0.00255988246362242], [0.28472714271666194, 0.3398871406055985, 0.000999000999000999, 0.22083229691165873, 0.15241244036786347, 0.0011419783992162322], [0.4035475212835026, 0.23629319973543603, 0.000999000999000999, 0.013728341750154168, 0.34377862998878683, 0.001653306243119353], [0.7720809054205844, 0.09815188478235144, 0.000999000999000999, 0.0015032706855612494, 0.12552788424544148, 0.0017370538670603817], [0.8005166319374887, 0.18449960144467686, 0.000999000999000999, 0.001083094320359789, 0.01107472572701651, 0.0018269455714571225], [0.9214205557459654, 0.06569763702582199, 0.000999000999000999, 0.0010500241961073267, 0.008994156717084032, 0.0018386253160201718], [0.924091980124827, 0.053221930569760774, 0.0009990009990009992, 0.00761992604038594, 0.01223158597829215, 0.0018355762877332042], [0.08208107041912531, 0.07904645944303322, 0.0009990009990009992, 0.006352965496231291, 0.8290203885979374, 0.002500115044671909], [0.7341713216202117, 0.2460646615077901, 0.0009990009990009992, 0.0015754128203627653, 0.014981073417642692, 0.002208529634991795], [0.490281980568047, 0.3482058719503067, 0.000999000999000999, 0.08798488803788511, 0.07006037820965302, 0.0024678802351070952], [0.31824295211158266, 0.28711604213001796, 0.0009990009990009992, 0.025010040047417224, 0.36671560232213635, 0.0019163623898448723], [0.5424785466858282, 0.3501935628049453, 0.0009990009990009992, 0.05843610254335635, 0.04543493447154307, 0.0024578524953261407], [0.9036616317966821, 0.07056711759871669, 0.000999000999000999, 0.010257184837987238, 0.012732395675348795, 0.0017826690922640787], [0.9207417667329332, 0.0642156741258318, 0.000999000999000999, 0.0010437174898340791, 0.01115377088143749, 0.001846069770962385], [0.9333706337674063, 0.05335635000692545, 0.0009990009990009992, 0.0010009404795734383, 0.009394203560113473, 0.0018788711869804323], [0.9366718611599528, 0.04304650087885724, 0.0009990009990009992, 0.007001832010827404, 0.010413795396783472, 0.0018670095545780985], [0.9133564779570936, 0.06794093325769432, 0.0009990009990009992, 0.0012221496809094545, 0.014039209008379745, 0.002442229096921959], [0.9229066226760297, 0.05030061701691311, 0.000999000999000999, 0.007287905499397531, 0.01618292019408847, 0.002322933614570054], [0.9201406465845798, 0.051035169034709865, 0.000999000999000999, 0.00744575296043654, 0.018059617574506387, 0.002319812846766355], [0.02394150545281878, 0.047190810715082694, 0.0009990009990009992, 0.012463334574445348, 0.9129988093703333, 0.0024065388883188757], [0.9155430214186436, 0.05612589948254732, 0.0009990009990009992, 0.008861503230601593, 0.016170908768805288, 0.002299666100401352], [0.9196701385899015, 0.05349242841398525, 0.0009990009990009992, 0.008755787054254565, 0.01477407286837677, 0.002308572074480936], [0.04916283449463532, 0.07451983410920125, 0.0009990009990009992, 0.006077546742534452, 0.8667158958783205, 0.0025248877763074016], [0.8778078518323765, 0.10211599624822666, 0.0009990009990009992, 0.0015864591060041364, 0.015278276876164565, 0.0022124149382271086], [0.34174686301909396, 0.288626641629513, 0.000999000999000999, 0.03408460144422533, 0.33258247192297025, 0.001960420985196398], [0.500643621102448, 0.1627004117750126, 0.000999000999000999, 0.24527549744495475, 0.08784306860805445, 0.0025384000705292245], [0.5555066823300472, 0.30548883726013554, 0.0009990009990009992, 0.07408732834465422, 0.06137560433161565, 0.0025425467345464824], [0.8435731420581549, 0.13198070857968344, 0.000999000999000999, 0.002048522612146756, 0.018491898525091578, 0.0029067272259221976], [0.8780549352011674, 0.10214319075745748, 0.0009990009990009992, 0.0015448202516530206, 0.014252853156418646, 0.0030051996343026287], [0.8984955909609984, 0.08203132755622437, 0.000999000999000999, 0.0014514850366705457, 0.013950691051158925, 0.0030719043959467488], [0.8905635428659352, 0.0447524933920434, 0.015357663072064195, 0.014731567117053774, 0.03169264145267765, 0.0029020921002255646], [0.9950248756218911, 0.0009950248756218911, 0.0009950248756218911, 0.0009950248756218911, 0.0009950248756218911, 0.0009950248756218911]], [[0.9950248756218911, 0.0009950248756218911, 0.0009950248756218911, 0.0009950248756218911, 0.0009950248756218911, 0.0009950248756218911], [0.6572921031676018, 0.050747071051885494, 0.06847420143376334, 0.017907763168222054, 0.20391897649176705, 0.0016598846867602536], [0.17304000521588855, 0.5251540506340028, 0.0009990009990009992, 0.16008610229754533, 0.13929468969050246, 0.001426151163060046], [0.6194689879047611, 0.3263644564912626, 0.000999000999000999, 0.01947360296404042, 0.031165328234829315, 0.002528623406105366], [0.4600941263997777, 0.061504279798922507, 0.000999000999000999, 0.01436258824857421, 0.4607895826777906, 0.002250421875933987], [0.8967371405297909, 0.07188742224061337, 0.000999000999000999, 0.010377244810703356, 0.01775100872474654, 0.0022481826951448037], [0.9009639866731012, 0.07009705724973095, 0.0009990009990009992, 0.010376301939800556, 0.015310232242298839, 0.002253420896067457], [0.882638493773007, 0.08582838792256588, 0.000999000999000999, 0.012170451299604266, 0.016156127168744323, 0.0022075388370775403], [0.7650721337423146, 0.18135324153861493, 0.0009990009990009992, 0.021134950365747324, 0.0288878414535467, 0.0025528319007754735], [0.6376462982438224, 0.2812422808218654, 0.000999000999000999, 0.0321638523803182, 0.045369384821396797, 0.002579182733596158], [0.6223321870195386, 0.2315493918576556, 0.000999000999000999, 0.1260208744171951, 0.017146831408990728, 0.0019517142976189456], [0.5894780344994672, 0.3621503688887311, 0.0009990009990009992, 0.019868585614062434, 0.025438122556374933, 0.0020658874423633415], [0.8985369939863985, 0.07623522100172773, 0.000999000999000999, 0.010791961181380894, 0.011674990037660466, 0.0017618327938313122], [0.905503362129847, 0.06817714072610044, 0.000999000999000999, 0.009687884000496399, 0.013849746223895919, 0.0017828659206592786], [0.9071401742452917, 0.06778657759246166, 0.0009990009990009992, 0.009652548109014664, 0.012636577653294618, 0.001785121400936496], [0.9006651152974712, 0.07049964147799372, 0.0009990009990009992, 0.010233296155284058, 0.015347955209614274, 0.002254990860635804], [0.7287437325146164, 0.2535664672535143, 0.000999000999000999, 0.0017294492833614564, 0.012775915429507775, 0.0021854345199988586], [0.5909331195232339, 0.3356224575668704, 0.0009990009990009992, 0.03890577801264562, 0.031017730139008624, 0.002521913759240481], [0.18578537024452668, 0.5717182917054271, 0.0009990009990009992, 0.11777595443330927, 0.121385919459617, 0.0023354631581190936], [0.367403176989304, 0.10387820914305738, 0.000999000999000999, 0.014502092833252767, 0.5109358629148362, 0.002281657120548565], [0.6700423321083675, 0.18845366608358952, 0.000999000999000999, 0.12540830622871496, 0.013328516887620948, 0.0017681776927060007], [0.168673820317238, 0.04140123772480066, 0.0009990009990009992, 0.011441143990970707, 0.775540039558718, 0.0019447574092718222], [0.9317463333349139, 0.04707339371522949, 0.0009990009990009992, 0.007123470201345004, 0.011206090011839724, 0.0018517117376710087], [0.9347616276934971, 0.042509968402419766, 0.000999000999000999, 0.007154886842159114, 0.01270996596485398, 0.0018645500980689737], [0.028611159670650227, 0.05335283037301647, 0.000999000999000999, 0.00480029706653408, 0.9101905742592353, 0.002046137631562872], [0.9188800673479312, 0.05203392569606696, 0.0009990009990009992, 0.00875110008132405, 0.01702579907762392, 0.002310106798052943], [0.027594288487518864, 0.04602993707172814, 0.0009990009990009992, 0.012634338723523514, 0.9103377089589572, 0.0024047257592714048], [0.02572941601489027, 0.04603027448816067, 0.0009990009990009992, 0.012667301310988179, 0.9121707381316652, 0.00240326905529486], [0.9187472380337408, 0.05367494186411913, 0.0009990009990009992, 0.008987705484832373, 0.015285568694717214, 0.0023055449235896285], [0.9165743947707354, 0.059324137063206356, 0.000999000999000999, 0.008857574160058742, 0.011953251620410858, 0.0022916413865875177], [0.7668729952849139, 0.20591521094629756, 0.0009990009990009992, 0.009458672959331437, 0.014476020367458762, 0.0022780994429973107], [0.7380064545596602, 0.23281645157997172, 0.0009990009990009992, 0.012909584522201437, 0.013075499717934256, 0.0021930086212315226], [0.5944496805263525, 0.28944031722818386, 0.0009990009990009992, 0.05720375517256334, 0.055326953964226835, 0.0025802921096725272], [0.17389983993870706, 0.5042101651031379, 0.0009990009990009992, 0.15204523492239239, 0.1674420896447698, 0.0014036693919919686], [0.6235093583870255, 0.1486668453104785, 0.0009990009990009992, 0.17596653803792883, 0.04827275023418479, 0.002585507031381531], [0.3455916483560475, 0.11135225924783924, 0.0009990009990009992, 0.00923657462417105, 0.5298162382495963, 0.0030042785233449698], [0.8740450954692366, 0.10241563733249796, 0.000999000999000999, 0.0016400065180136219, 0.01789409591061026, 0.003006163770640559], [0.8845578729753146, 0.09631575087643995, 0.0009990009990009992, 0.0015158511746896737, 0.013587259394827989, 0.0030242645797267276], [0.8817629386958599, 0.04801563542349729, 0.015592954033157466, 0.015488017464741918, 0.0362585810368543, 0.002881873345889135], [0.9950248756218911, 0.0009950248756218911, 0.0009950248756218911, 0.0009950248756218911, 0.0009950248756218911, 0.0009950248756218911]], [[0.9950248756218911, 0.0009950248756218911, 0.0009950248756218911, 0.0009950248756218911, 0.0009950248756218911, 0.0009950248756218911], [0.6395672055288176, 0.09416375980674611, 0.21250467485085867, 0.022498723642566294, 0.029157542290300775, 0.0021080938807105285], [0.7581948935481281, 0.19087659050807643, 0.0009990009990009992, 0.01941031166305625, 0.028027186883911342, 0.0024920163978270175], [0.6206723542886871, 0.3276579981842337, 0.000999000999000999, 0.019063992213236132, 0.029083746236046894, 0.0025229080787951327], [0.8757699987402976, 0.08777505719788574, 0.0009990009990009992, 0.012162066390311964, 0.021092892349689082, 0.00220098432281472], [0.08252052198178987, 0.054680988967610054, 0.000999000999000999, 0.014363412955884145, 0.8450443317514802, 0.0023917433442345658], [0.21851024139104178, 0.06137294650710203, 0.000999000999000999, 0.015593828191946378, 0.7012232800578758, 0.00230070285303294], [0.7785375263911126, 0.16099104237673906, 0.0009990009990009992, 0.024140433804366753, 0.032757833313094877, 0.002574163115685783], [0.7722782882892067, 0.17164522105841495, 0.000999000999000999, 0.025976991361935348, 0.026590134428306884, 0.0025103638631349145], [0.9069067941144626, 0.05688689769770138, 0.0009990009990009992, 0.014628796524540594, 0.018536089339613628, 0.0020424213246808985], [0.7029562190983798, 0.24847305337404893, 0.0009990009990009992, 0.020119229208561813, 0.025392889707494103, 0.0020596076125144252], [0.6532185468977626, 0.23182828499196018, 0.000999000999000999, 0.0800347421799883, 0.03197276683845289, 0.001946658092834919], [0.6141290112705103, 0.15689995598690082, 0.0009990009990009992, 0.06276904559931655, 0.16318108414284824, 0.0020219020014231284], [0.28477005769473734, 0.19949107621390338, 0.000999000999000999, 0.01834152495807729, 0.494440964913505, 0.0019573752207759144], [0.7901339516999101, 0.18362187211006642, 0.0009990009990009992, 0.009701918665307797, 0.013758605557372995, 0.001784650968341757], [0.7506090923108253, 0.2194189127015043, 0.0009990009990009992, 0.011067446027217742, 0.015672429446844462, 0.002233118514607324], [0.3271095065483261, 0.22726884332533426, 0.0009990009990009992, 0.006878420534483847, 0.4354942298106334, 0.002249998782221478], [0.6122552426175051, 0.3330081818952382, 0.0009990009990009992, 0.021043428155674167, 0.030170116292387993, 0.0025240300401937147], [0.613038086271683, 0.3308544110912646, 0.000999000999000999, 0.023253339987924955, 0.029329884868459166, 0.0025252767816671636], [0.6162646191359967, 0.32856011585176687, 0.000999000999000999, 0.02105225994480753, 0.030608623179585032, 0.0025153808888427258], [0.6687067340340028, 0.3036719559227543, 0.000999000999000999, 0.010866930000882508, 0.0139807529594269, 0.0017746260839323713], [0.8018935077346512, 0.057929126214050844, 0.000999000999000999, 0.12375158757008022, 0.013607065448133773, 0.0018197120340828707], [0.9348300551635907, 0.043695087698045865, 0.0009990009990009992, 0.007730973422568711, 0.010883729028917152, 0.001861153687876591], [0.9363024552405678, 0.04278507358729018, 0.0009990009990009992, 0.007194192895082176, 0.010854020833009924, 0.0018652564450490354], [0.9137494150406359, 0.0671043301406688, 0.000999000999000999, 0.001216112300130437, 0.014482734367342, 0.002448407152221772], [0.9283166342402792, 0.04753743333364066, 0.000999000999000999, 0.007459712466259632, 0.013356623179115528, 0.0023305957817038557], [0.9158511714230406, 0.05442494880971308, 0.0009990009990009992, 0.008600807274101433, 0.017407373728800902, 0.0027166977653430616], [0.9209992941509726, 0.051791062832533125, 0.000999000999000999, 0.008748043031316018, 0.01514742905671789, 0.0023151699294592437], [0.920855961800253, 0.05347738318364463, 0.000999000999000999, 0.008973148730489846, 0.013388687272904369, 0.0023058180137071546], [0.9190101262979693, 0.05335471163618599, 0.0009990009990009992, 0.008994827286487633, 0.01533491727667825, 0.002306416503677803], [0.9011725428235435, 0.06988537541248334, 0.000999000999000999, 0.010816215634776626, 0.014869008023252325, 0.0022578571069430723], [0.7388822974912695, 0.22951336022462876, 0.0009990009990009992, 0.012238752324628687, 0.01616005368586056, 0.0022065352746115812], [0.623116866784014, 0.3231953899561163, 0.0009990009990009992, 0.02167033401118905, 0.028458475387429006, 0.002559932862250703], [0.6396068998031931, 0.1390616615494568, 0.0009990009990009992, 0.17398080019652598, 0.043745021971105046, 0.002606615480718194], [0.6212863122813931, 0.3248527717646952, 0.000999000999000999, 0.020841224652774427, 0.029482014611139536, 0.0025386756909967475], [0.8438094824441853, 0.11206977598767194, 0.000999000999000999, 0.01601121323167363, 0.024212735836564372, 0.0028977915009037636], [0.0792383195932264, 0.06990510914067921, 0.0009990009990009992, 0.0180148996241526, 0.8286959927503159, 0.0031466778926249462], [0.8868560453433555, 0.07914353706387385, 0.0009990009990009992, 0.01154557032151975, 0.018448380169672162, 0.0030074661025777977], [0.023946178155964486, 0.09711114396460434, 0.0622700280533618, 0.017079198417817097, 0.7963817713269319, 0.003211680081320242], [0.9950248756218911, 0.0009950248756218911, 0.0009950248756218911, 0.0009950248756218911, 0.0009950248756218911, 0.0009950248756218911]], [[0.9950248756218911, 0.0009950248756218911, 0.0009950248756218911, 0.0009950248756218911, 0.0009950248756218911, 0.0009950248756218911], [0.8757718704087786, 0.05435765287190294, 0.021014998362330915, 0.015213967070623825, 0.03152001619073401, 0.002121495095629779], [0.7360611951654737, 0.09310716820714818, 0.000999000999000999, 0.012859108633503214, 0.1547896465108009, 0.0021838804840728565], [0.7382149758807937, 0.22789366766492328, 0.000999000999000999, 0.012034069418028549, 0.01864852687811139, 0.0022097591591420575], [0.28969330825159184, 0.20030945064057737, 0.000999000999000999, 0.014495967349361955, 0.4922799057452931, 0.0022223670141747007], [0.8904971541901621, 0.07560518077400272, 0.000999000999000999, 0.010806704682437801, 0.019854592816778406, 0.0022373665376178293], [0.227081699693044, 0.062002802159511594, 0.0009990009990009992, 0.015654220864218697, 0.6919857800704623, 0.0022764962137625496], [0.6557709367845939, 0.19378992338579493, 0.0009990009990009992, 0.08818597333259597, 0.05872831489666317, 0.0025258506013512085], [0.7072307023401198, 0.18568576098802583, 0.0009990009990009992, 0.0508749036308521, 0.052680964174086964, 0.0025286678679143143], [0.2654810183673281, 0.1134761667382323, 0.0009990009990009992, 0.016831799581673978, 0.6007139744125966, 0.002498039901168079], [0.6949489778408507, 0.2565830634403111, 0.000999000999000999, 0.02154884166351362, 0.0239085591504127, 0.0020115569059107915], [0.27472725965223604, 0.20586799557994973, 0.0009990009990009992, 0.020727427240107666, 0.49569415502320513, 0.0019841615055004834], [0.2232723310969243, 0.3928925178402072, 0.000999000999000999, 0.1540600532071953, 0.22684869676611957, 0.001927400090552792], [0.37015249996598587, 0.09019412843348465, 0.0009990009990009992, 0.0128326424082194, 0.5238295075603879, 0.001992220632921221], [0.8987090333438991, 0.07572921280273205, 0.000999000999000999, 0.010697711272653124, 0.01210204120114392, 0.001763000380570892], [0.7446397805146286, 0.23722344186325212, 0.0009990009990009992, 0.0015436946830135075, 0.013361714765134246, 0.002232367174970491], [0.7100108667339753, 0.2368815503886354, 0.0009990009990009994, 0.012456859400448056, 0.03827205408498793, 0.0013796683929524693], [0.6358892141483983, 0.30527850320541855, 0.0009990009990009992, 0.024106319289383185, 0.03115285802259846, 0.0025741043352005923], [0.769690787643348, 0.17391737812136224, 0.000999000999000999, 0.026047970712229456, 0.026839263057918443, 0.002505599466140754], [0.609347874532524, 0.12300673199619615, 0.0009990009990009992, 0.023102618088967804, 0.24111798975449866, 0.002425784628812295], [0.5844577802148446, 0.36422800824852963, 0.000999000999000999, 0.020277118133398622, 0.027989356091343984, 0.002048736312882156], [0.034807110650843597, 0.1602830581311765, 0.0009990009990009992, 0.126584057496475, 0.6753937196576516, 0.0019330530648524618], [0.8186001126974384, 0.15875681839636707, 0.0009990009990009992, 0.007778525965370677, 0.012004685288012986, 0.0018608566538101511], [0.9334947403626177, 0.043484156414155574, 0.0009990009990009988, 0.007258062352231432, 0.012899519823337513, 0.0018645200486565193], [0.9153782577124331, 0.06735624245396653, 0.0009990009990009992, 0.0012356567694377946, 0.012584077459311446, 0.002446764605850133], [0.9253845402792181, 0.05033705012676715, 0.0009990009990009992, 0.008578624127589534, 0.01238194645388477, 0.002318838013539546], [0.9107961425702332, 0.0713033136582635, 0.000999000999000999, 0.0013008169379158277, 0.012865384819594837, 0.0027353410149915935], [0.9108043427040458, 0.07130055344276418, 0.000999000999000999, 0.0013021575163170446, 0.01286018164038699, 0.002733763697484839], [0.9200752579136834, 0.052499247156338504, 0.0009990009990009992, 0.008830273101098494, 0.015284916018513766, 0.0023113048113648483], [0.029422494971133934, 0.04550338033598264, 0.0009990009990009992, 0.01313260437661481, 0.908542047811759, 0.0024004715055087546], [0.05209989238011427, 0.05370538550986191, 0.000999000999000999, 0.15665526510611488, 0.7341418655284002, 0.0023985904765076757], [0.6348142429950517, 0.3046777272757887, 0.0009990009990009992, 0.0246690728032705, 0.03227503937200708, 0.0025649165548810478], [0.7762616656085823, 0.1647561277652123, 0.0009990009990009992, 0.024225254077211086, 0.031187845010556575, 0.002570106539436614], [0.6261823083176968, 0.31516652559538777, 0.0009990009990009992, 0.027169855644204963, 0.027978171980177883, 0.0025041374635315305], [0.6347538741538452, 0.1636866798522738, 0.000999000999000999, 0.1666560179036678, 0.031330790603330105, 0.00257363648788197], [0.709110742475221, 0.2132604724214538, 0.000999000999000999, 0.03233855575028696, 0.040929748171091754, 0.0033614801829454284], [0.8601233033897339, 0.10031235937582428, 0.0009990009990009992, 0.014685535198715712, 0.020944352746103952, 0.0029354482906211636], [0.875906845703279, 0.08850865259449574, 0.000999000999000999, 0.012478413481312865, 0.019133667043430554, 0.0029734201784807597], [0.9225648737598561, 0.030633489037338323, 0.018911598124614237, 0.014183924471602858, 0.010801402140557055, 0.0029047124660313804], [0.9950248756218911, 0.0009950248756218911, 0.0009950248756218911, 0.0009950248756218911, 0.0009950248756218911, 0.0009950248756218911]], [[0.9950248756218911, 0.0009950248756218911, 0.0009950248756218911, 0.0009950248756218911, 0.0009950248756218911, 0.0009950248756218911], [0.015225879096397365, 0.11494114767742301, 0.008059610183874355, 0.008409993350755022, 0.850657418790299, 0.0027059509012512914], [0.7577524582893738, 0.2110847753467695, 0.000999000999000999, 0.009486073256139137, 0.018410901667946452, 0.002266790440770151], [0.030225465334733914, 0.19607502892410697, 0.0009990009990009992, 0.013528800384210737, 0.7567677878734068, 0.0024039164845406306], [0.8960335594955093, 0.07374206516466356, 0.0009990009990009992, 0.010683594688391815, 0.01629677680741323, 0.002245002845021002], [0.8892901887952436, 0.07977994809498933, 0.0009990009990009992, 0.011537092266936099, 0.01617284714746755, 0.0022209226963624926], [0.730686724758269, 0.09445499722545964, 0.0009990009990009992, 0.013593858308900334, 0.15808879250186372, 0.0021766262065063525], [0.7317484738156127, 0.18832167887701262, 0.0009990009990009992, 0.03573902069959251, 0.040685145172451725, 0.002506680436329491], [0.4394165060587793, 0.24142226811916473, 0.000999000999000999, 0.17669234322130759, 0.13903162896667337, 0.002438252635073977], [0.744918835489189, 0.18790958274773326, 0.0009990009990009992, 0.0237192019309237, 0.03996867303440964, 0.002484705798743429], [0.6898028159688906, 0.14697268794770954, 0.0009990009990009992, 0.13607813367147353, 0.024179189965748502, 0.001968171447176827], [0.6487482973202233, 0.27259717209064305, 0.0009990009990009992, 0.035587702241860156, 0.04007912676505125, 0.001988700583221245], [0.2556878902782034, 0.3191168686804596, 0.0009990009990009994, 0.009041993258722902, 0.41316104014989186, 0.0019932066337213805], [0.6865181062953, 0.266682652012529, 0.000999000999000999, 0.017244362469421196, 0.02654207595277201, 0.002013802270976682], [0.7897034542475746, 0.18464941634185633, 0.000999000999000999, 0.009822700568862884, 0.013041924248335484, 0.0017835035943696588], [0.7540857838691531, 0.2175994765476151, 0.0009990009990009992, 0.010998985876266949, 0.014079613164414074, 0.0022371395435497724], [0.8800127226379686, 0.10137054174040726, 0.000999000999000999, 0.0016654885171890374, 0.013736938367794133, 0.0022153077376399085], [0.5322398574129855, 0.3260461552169379, 0.000999000999000999, 0.10383360873645071, 0.0343257808288962, 0.002555596805728511], [0.7283412242573956, 0.18874783478053586, 0.000999000999000999, 0.04493053823271013, 0.03445654645086543, 0.0025248552794919672], [0.2543710928838867, 0.2522821616567992, 0.0009990009990009992, 0.01937292348597483, 0.47045168466065146, 0.0025231363136868435], [0.6688224666991721, 0.18813159934540866, 0.0009990009990009992, 0.1253368386031658, 0.014932820256468379, 0.001777274096784179], [0.7954099888409947, 0.17873963759419, 0.000999000999000999, 0.009991364405459223, 0.013059098857207718, 0.0018009093031471563], [0.9230756511584814, 0.05372675029865033, 0.0009990009990009992, 0.007915810969506117, 0.012450831600612316, 0.0018319549737488942], [0.028296242747903683, 0.039518706728358916, 0.0009990009990009992, 0.010714752951901559, 0.9185454156934062, 0.0019258808794287332], [0.9334657680249883, 0.04338872446817957, 0.0009990009990009992, 0.0073130828678729665, 0.012968281472901555, 0.001865142167056762], [0.9239382890490135, 0.05135241580431112, 0.000999000999000999, 0.008790905324282852, 0.01260673377360214, 0.0023126550497892737], [0.9094011444384446, 0.07245059863216025, 0.000999000999000999, 0.0013261962694809542, 0.013093007098484846, 0.002730052562428425], [0.9097346146337156, 0.07220967737113955, 0.000999000999000999, 0.0012909686661423212, 0.01303466290109245, 0.002731075428909045], [0.91706027710461, 0.06620821745926529, 0.0009990009990009992, 0.001191850944886401, 0.012210775877276335, 0.002329877614960981], [0.9140696033756524, 0.06667524152307133, 0.0009990009990009992, 0.0017980447332200332, 0.014131388142991056, 0.002326721226064234], [0.7548454073571929, 0.07224397802893325, 0.000999000999000999, 0.15331414197156595, 0.01635040740275318, 0.002247064240553694], [0.8761991583603835, 0.08866719232837537, 0.000999000999000999, 0.012812272547429534, 0.019121811644226515, 0.002200564120583968], [0.5473463147446689, 0.32944498353335866, 0.0009990009990009992, 0.06429708002078913, 0.0554047554825638, 0.0025078652196185883], [0.17651232023725194, 0.11385151941999597, 0.000999000999000999, 0.015890591584018197, 0.6901693446045841, 0.0025772231551487116], [0.7361118663107721, 0.1833561032501632, 0.0009990009990009992, 0.03744663247859396, 0.03955124034572867, 0.00253515661574113], [0.70931598987684, 0.21342243795938162, 0.000999000999000999, 0.031843933028149675, 0.04105335813216011, 0.0033652800044675977], [0.8440584287589734, 0.11307074308340015, 0.000999000999000999, 0.01617519765959898, 0.0228011274369928, 0.0028955020620336012], [0.3011976908880066, 0.08099352307314782, 0.000999000999000999, 0.01849717653831263, 0.5953385979011557, 0.0029740106003762327], [0.9016992608224393, 0.03842412399899826, 0.02594330716756047, 0.017990847526656865, 0.01303897130499847, 0.0029034891793466486], [0.9950248756218911, 0.0009950248756218911, 0.0009950248756218911, 0.0009950248756218911, 0.0009950248756218911, 0.0009950248756218911]], [[0.9950248756218911, 0.0009950248756218911, 0.0009950248756218911, 0.0009950248756218911, 0.0009950248756218911, 0.0009950248756218911], [0.9396494004987826, 0.022034803643726734, 0.012536572682535356, 0.011492700417489855, 0.011704541634944573, 0.002581981122520738], [0.027041951890361418, 0.1942596028449015, 0.000999000999000999, 0.012724856107433905, 0.7625539965360467, 0.002420591622255409], [0.9093392495917778, 0.0585456959584481, 0.000999000999000999, 0.009295979577320436, 0.019525929336528792, 0.0022941445369236853], [0.9009307769074286, 0.06900664769933643, 0.0009990009990009992, 0.009988704873941628, 0.016816841277240473, 0.0022580282430519735], [0.7397644750382223, 0.08608609651395142, 0.000999000999000999, 0.012328514626902164, 0.15861984634642223, 0.002202066475500854], [0.775414088391387, 0.16168235705899628, 0.000999000999000999, 0.02543543443921213, 0.033907829715677504, 0.002561289395725961], [0.3611296668751982, 0.06356180759676071, 0.000999000999000999, 0.17300224202407333, 0.3987086012184241, 0.0025986812865425165], [0.809080794100981, 0.1464293179423724, 0.0009990009990009992, 0.016137272649232426, 0.02496432567827994, 0.0023892886301332865], [0.3571056427451387, 0.06348553954253874, 0.000999000999000999, 0.030777651498654936, 0.5450492713981865, 0.0025828938164801623], [0.3906034699530154, 0.10638421959663462, 0.0009990009990009992, 0.020718146361548992, 0.4792524788886065, 0.0020426842011935357], [0.2349919472668102, 0.05475938236481443, 0.0009990009990009992, 0.013601804226039462, 0.6938347530335125, 0.0018131121098224992], [0.32184612175650373, 0.05631876849919627, 0.000999000999000999, 0.01349907422140579, 0.605507984385186, 0.0018290501387070728], [0.9015912462173113, 0.07115084790073162, 0.0009990009990009992, 0.009991574543650468, 0.014491799998543702, 0.0017755303407618864], [0.7938480510664224, 0.18125097977344276, 0.000999000999000999, 0.009669535142867898, 0.012443232056854702, 0.0017892009614111667], [0.9016800672831111, 0.07111919501998225, 0.0009990009990009992, 0.010563850251965306, 0.013387206107306574, 0.002250680338633833], [0.8778719249085459, 0.09190025581401533, 0.0009990009990009992, 0.013238677806989757, 0.013805643002438944, 0.0021844974690091597], [0.6002947786759788, 0.32701568742615555, 0.0009990009990009992, 0.029071183288329888, 0.04009896155127332, 0.0025203880592614253], [0.5166103695885234, 0.15361794020900957, 0.000999000999000999, 0.12945532474781843, 0.19754216658997442, 0.0017751978656732538], [0.8143429007065777, 0.145001516626045, 0.0009990009990009992, 0.015751631530311557, 0.021506121218540182, 0.0023988289195246695], [0.6973215678125807, 0.1420352424538636, 0.000999000999000999, 0.13634742965691612, 0.021284325730033596, 0.0020124333476049913], [0.6714384046197739, 0.30119872133768033, 0.000999000999000999, 0.010877410832222644, 0.013710623433483306, 0.0017758387778388058], [0.900297641884447, 0.07171997677953584, 0.000999000999000999, 0.009772031468412216, 0.015437314677461404, 0.0017740341911423548], [0.80349300155193