{"prediction": [[[0.9950248756218911, 0.0009950248756218911, 0.0009950248756218911, 0.0009950248756218911, 0.0009950248756218911, 0.0009950248756218911], [0.9950248756218911, 0.0009950248756218911, 0.0009950248756218911, 0.0009950248756218911, 0.0009950248756218911, 0.0009950248756218911], [0.9950248756218911, 0.0009950248756218911, 0.0009950248756218911, 0.0009950248756218911, 0.0009950248756218911, 0.0009950248756218911], [0.9950248756218911, 0.0009950248756218911, 0.0009950248756218911, 0.0009950248756218911, 0.0009950248756218911, 0.0009950248756218911], [0.9950248756218911, 0.0009950248756218911, 0.0009950248756218911, 0.0009950248756218911, 0.0009950248756218911, 0.0009950248756218911], [0.9950248756218911, 0.0009950248756218911, 0.0009950248756218911, 0.0009950248756218911, 0.0009950248756218911, 0.0009950248756218911], [0.9950248756218911, 0.0009950248756218911, 0.0009950248756218911, 0.0009950248756218911, 0.0009950248756218911, 0.0009950248756218911], [0.9950248756218911, 0.0009950248756218911, 0.0009950248756218911, 0.0009950248756218911, 0.0009950248756218911, 0.0009950248756218911], [0.9950248756218911, 0.0009950248756218911, 0.0009950248756218911, 0.0009950248756218911, 0.0009950248756218911, 0.0009950248756218911], [0.9950248756218911, 0.0009950248756218911, 0.0009950248756218911, 0.0009950248756218911, 0.0009950248756218911, 0.0009950248756218911], [0.9950248756218911, 0.0009950248756218911, 0.0009950248756218911, 0.0009950248756218911, 0.0009950248756218911, 0.0009950248756218911], [0.9950248756218911, 0.0009950248756218911, 0.0009950248756218911, 0.0009950248756218911, 0.0009950248756218911, 0.0009950248756218911], [0.9950248756218911, 0.0009950248756218911, 0.0009950248756218911, 0.0009950248756218911, 0.0009950248756218911, 0.0009950248756218911], [0.9950248756218911, 0.0009950248756218911, 0.0009950248756218911, 0.0009950248756218911, 0.0009950248756218911, 0.0009950248756218911], [0.9950248756218911, 0.0009950248756218911, 0.0009950248756218911, 0.0009950248756218911, 0.0009950248756218911, 0.0009950248756218911], [0.9950248756218911, 0.0009950248756218911, 0.0009950248756218911, 0.0009950248756218911, 0.0009950248756218911, 0.0009950248756218911], [0.9950248756218911, 0.0009950248756218911, 0.0009950248756218911, 0.0009950248756218911, 0.0009950248756218911, 0.0009950248756218911], [0.9950248756218911, 0.0009950248756218911, 0.0009950248756218911, 0.0009950248756218911, 0.0009950248756218911, 0.0009950248756218911], [0.9950248756218911, 0.0009950248756218911, 0.0009950248756218911, 0.0009950248756218911, 0.0009950248756218911, 0.0009950248756218911], [0.9950248756218911, 0.0009950248756218911, 0.0009950248756218911, 0.0009950248756218911, 0.0009950248756218911, 0.0009950248756218911], [0.9950248756218911, 0.0009950248756218911, 0.0009950248756218911, 0.0009950248756218911, 0.0009950248756218911, 0.0009950248756218911], [0.9950248756218911, 0.0009950248756218911, 0.0009950248756218911, 0.0009950248756218911, 0.0009950248756218911, 0.0009950248756218911], [0.9950248756218911, 0.0009950248756218911, 0.0009950248756218911, 0.0009950248756218911, 0.0009950248756218911, 0.0009950248756218911], [0.9950248756218911, 0.0009950248756218911, 0.0009950248756218911, 0.0009950248756218911, 0.0009950248756218911, 0.0009950248756218911], [0.9950248756218911, 0.0009950248756218911, 0.0009950248756218911, 0.0009950248756218911, 0.0009950248756218911, 0.0009950248756218911], [0.9950248756218911, 0.0009950248756218911, 0.0009950248756218911, 0.0009950248756218911, 0.0009950248756218911, 0.0009950248756218911], [0.9950248756218911, 0.0009950248756218911, 0.0009950248756218911, 0.0009950248756218911, 0.0009950248756218911, 0.0009950248756218911], [0.9950248756218911, 0.0009950248756218911, 0.0009950248756218911, 0.0009950248756218911, 0.0009950248756218911, 0.0009950248756218911], [0.9950248756218911, 0.0009950248756218911, 0.0009950248756218911, 0.0009950248756218911, 0.0009950248756218911, 0.0009950248756218911], [0.9950248756218911, 0.0009950248756218911, 0.0009950248756218911, 0.0009950248756218911, 0.0009950248756218911, 0.0009950248756218911], [0.9950248756218911, 0.0009950248756218911, 0.0009950248756218911, 0.0009950248756218911, 0.0009950248756218911, 0.0009950248756218911], [0.9950248756218911, 0.0009950248756218911, 0.0009950248756218911, 0.0009950248756218911, 0.0009950248756218911, 0.0009950248756218911], [0.9950248756218911, 0.0009950248756218911, 0.0009950248756218911, 0.0009950248756218911, 0.0009950248756218911, 0.0009950248756218911], [0.9950248756218911, 0.0009950248756218911, 0.0009950248756218911, 0.0009950248756218911, 0.0009950248756218911, 0.0009950248756218911], [0.9950248756218911, 0.0009950248756218911, 0.0009950248756218911, 0.0009950248756218911, 0.0009950248756218911, 0.0009950248756218911], [0.9950248756218911, 0.0009950248756218911, 0.0009950248756218911, 0.0009950248756218911, 0.0009950248756218911, 0.0009950248756218911], [0.9950248756218911, 0.0009950248756218911, 0.0009950248756218911, 0.0009950248756218911, 0.0009950248756218911, 0.0009950248756218911], [0.9950248756218911, 0.0009950248756218911, 0.0009950248756218911, 0.0009950248756218911, 0.0009950248756218911, 0.0009950248756218911], [0.9950248756218911, 0.0009950248756218911, 0.0009950248756218911, 0.0009950248756218911, 0.0009950248756218911, 0.0009950248756218911], [0.9950248756218911, 0.0009950248756218911, 0.0009950248756218911, 0.0009950248756218911, 0.0009950248756218911, 0.0009950248756218911]], [[0.9950248756218911, 0.0009950248756218911, 0.0009950248756218911, 0.0009950248756218911, 0.0009950248756218911, 0.0009950248756218911], [0.021431934009842588, 0.04544664312813067, 0.03378407955325164, 0.011604365779069575, 0.885487797009076, 0.00224518052062956], [0.9066516928213516, 0.050415087750418364, 0.024410905582264438, 0.0069312129628683735, 0.0092423831834812, 0.002348717699616016], [0.8974847591126031, 0.05633364448569136, 0.02678761699375188, 0.008573483084246124, 0.008513578224975346, 0.0023069180987322748], [0.8968543828479949, 0.05735361990979831, 0.02621725517142475, 0.008703567859881554, 0.008566806921383289, 0.0023043672895171827], [0.8990382209534045, 0.05587416500100775, 0.027540390503089603, 0.008576200866080783, 0.006665291677415129, 0.0023057309990022552], [0.8921242172876341, 0.05988811517123545, 0.0296313720010988, 0.009115610279305797, 0.0069608715983096375, 0.002279813662416227], [0.9106578179685448, 0.04129383731006054, 0.02028709451197128, 0.0036723362407282347, 0.021909649842926177, 0.002179264125768963], [0.913033046081462, 0.041373645765630074, 0.01989187151952576, 0.0036443674865536584, 0.019879558278291434, 0.0021775108685371408], [0.9307238982628868, 0.03312825020501669, 0.010034218395456353, 0.008687173759114014, 0.01521208215943558, 0.0022143772180906055], [0.9134658105458928, 0.041610424791745294, 0.020491294372427853, 0.003677615790521851, 0.018575857355100752, 0.002178997144311543], [0.9117895553529374, 0.04180105315629425, 0.02048985762049554, 0.0036695782088819366, 0.0200747781360979, 0.002175177525293114], [0.9091647798406579, 0.04279552697705765, 0.020612833423662186, 0.003707531475798208, 0.021545301998562794, 0.0021740262842613687], [0.9217975324431551, 0.035040638809984516, 0.015780318920065, 0.003524002419497639, 0.02166079761990339, 0.002196709787394366], [0.8967041841302834, 0.05724988626008012, 0.02861429248017633, 0.008782627489911963, 0.0063558501326475446, 0.002293159506900707], [0.8943961508768626, 0.05815506198939086, 0.027764386577928044, 0.00880912527409714, 0.00857815489046401, 0.002297120391257348], [0.023683897723408103, 0.05558952305773149, 0.03501171465507661, 0.011839733016967516, 0.8716495821407148, 0.0022255494061015615], [0.8948193755972247, 0.05776096913632357, 0.02781537940023172, 0.008756902587255325, 0.008548661113250706, 0.002298712165714055], [0.8994756230879019, 0.0558053910139672, 0.027597439014700288, 0.008569716034234329, 0.0062487776783271606, 0.0023030531708692157], [0.9263472094365912, 0.032670701320099756, 0.015733375049858313, 0.003397008217950511, 0.019645333761094518, 0.002206372214405727], [0.9383682354975578, 0.02636516302227319, 0.00805673456589108, 0.008238669833212807, 0.016639589904186482, 0.002331607176878695], [0.9384224006676923, 0.026339981538176446, 0.008027768466858971, 0.008256699209638396, 0.016621047020378477, 0.0023321030972554896], [0.9376696322887449, 0.02670638489481642, 0.008186112368776468, 0.00834387027418986, 0.016764747960627407, 0.002329252212845053], [0.9409947210163593, 0.02604620055042143, 0.012663514911443208, 0.0027226253797097365, 0.01578781552740115, 0.0017851226146652684], [0.9016297077161379, 0.05512212515508147, 0.029252889098920872, 0.007223868521430597, 0.004976460479409555, 0.0017949490290194168], [0.6997942234405381, 0.15604899196094682, 0.1282029175122053, 0.007471114126292764, 0.007053930059437987, 0.0014288229005791125], [0.30967285514232246, 0.038466028589043716, 0.13014350720505288, 0.016335327413711655, 0.5040262837795321, 0.00135599787033732], [0.4558891762711569, 0.07336576238868851, 0.251742071825627, 0.07937759407634298, 0.1379762295087232, 0.0016491659294616198], [0.5757638612442852, 0.2154524842278496, 0.04898070514251232, 0.025509571980559368, 0.1325846384621396, 0.0017087389426538638], [0.39378603986538685, 0.035763041777173626, 0.0302838932123217, 0.12307436132300832, 0.41598833529194595, 0.0011043285301634664], [0.5110959636057976, 0.08215456490013998, 0.28983922059714207, 0.06189044328927356, 0.05343191582446277, 0.0015878917831838757], [0.6664073224319318, 0.19460663927895322, 0.06207058334049726, 0.02555991224891239, 0.04975471593521813, 0.0016008267644874116], [0.7933850294888743, 0.15733013718864294, 0.022442959224452535, 0.0037123965556704, 0.02140777154734657, 0.0017217059950134735], [0.03983061527191406, 0.05218882414386532, 0.14483833761515258, 0.009855047701299316, 0.7515060931676559, 0.0017810821001126834], [0.018993631493162293, 0.16031916625995135, 0.026494926811717757, 0.0096327553126441, 0.7827539806825954, 0.001805539439929107], [0.9223773561618811, 0.03374425891232342, 0.015518611199707997, 0.0034265993769575457, 0.022734064998262544, 0.0021991093508673294], [0.9261263443784865, 0.03332756336999291, 0.015293049138255289, 0.0033824140274872623, 0.019663384707372854, 0.0022072443784052704], [0.9281431989044482, 0.03373643948433402, 0.010644939265400057, 0.008879152891366527, 0.01600425168347527, 0.0025920177709758607], [0.934001497877382, 0.02792259351681747, 0.00871440037813553, 0.008756256328494206, 0.01801944078991585, 0.002585811109255006], [0.9950248756218911, 0.0009950248756218911, 0.0009950248756218911, 0.0009950248756218911, 0.0009950248756218911, 0.0009950248756218911]], [[0.9950248756218911, 0.0009950248756218911, 0.0009950248756218911, 0.0009950248756218911, 0.0009950248756218911, 0.0009950248756218911], [0.02118996896751978, 0.04582960430033546, 0.03300973984467525, 0.011582417568031054, 0.8861338777877867, 0.002254391531651739], [0.9091324520986869, 0.05319105627058948, 0.0009990009990009992, 0.005750414418954803, 0.02860804233689086, 0.00231903387587721], [0.02478908080970874, 0.06090694717736103, 0.000999000999000999, 0.006195267772957046, 0.9046899097483475, 0.002419793492624646], [0.02381055196430071, 0.06170539747722538, 0.0009990009990009992, 0.006283472020670506, 0.904782680264023, 0.002418897274779493], [0.901236218235759, 0.059329227681489786, 0.0009990009990009992, 0.007023986346168151, 0.029116971252546617, 0.0022945954850356175], [0.89167564417977, 0.06982776591064258, 0.0009990009990009992, 0.007472455051509718, 0.027759800600085687, 0.002265333258991072], [0.19891401124008629, 0.015269821394802959, 0.000999000999000999, 0.011813910124997095, 0.7702072870881459, 0.0027959691529667176], [0.8795717706017967, 0.07907099523271888, 0.0009990009990009992, 0.008208724917365788, 0.0299413711985675, 0.0022081370505501667], [0.873171521891243, 0.08977781696752796, 0.0009990009990009992, 0.009477854977050722, 0.024391398999394062, 0.002182406165783205], [0.876520867727898, 0.08319067322527249, 0.000999000999000999, 0.008599671744174912, 0.028496866127769385, 0.0021929201758842057], [0.8624264523602417, 0.09550856927724417, 0.000999000999000999, 0.009734810668391906, 0.029162706797172432, 0.0021684598979487455], [0.08108472611764829, 0.2153870240906232, 0.000999000999000999, 0.00688692079358597, 0.6932406927468503, 0.002401635252291149], [0.7464389535508874, 0.21519972907737234, 0.0009990009990009992, 0.007668787122157782, 0.02744010713094366, 0.0022534221196379546], [0.8960283581117113, 0.07095461720445728, 0.0009990009990009992, 0.007623544023330929, 0.022126993894302498, 0.002267485767196976], [0.7586830478620564, 0.20555043106496645, 0.0009990009990009992, 0.008144470213473393, 0.024340674860215343, 0.002282375000287497], [0.8998620394380222, 0.06126405355580871, 0.000999000999000999, 0.007065372857526589, 0.028516677280891828, 0.002292855868749481], [0.7569597936419307, 0.2080259631956748, 0.000999000999000999, 0.007003408731553302, 0.024730647450998147, 0.0022811859808421304], [0.9093404164809764, 0.05694839236212288, 0.0009990009990009994, 0.0074747223509405505, 0.02292777799228435, 0.0023096898146749926], [0.9147605526836867, 0.04955595237023887, 0.0009990009990009992, 0.006066884437372229, 0.026312201218119557, 0.002305408291581621], [0.942103032191082, 0.017646288003852855, 0.000999000999000999, 0.012337429169660892, 0.024801874598992354, 0.002112375037410737], [0.9433227978734893, 0.01686048926192739, 0.0009990009990009992, 0.012064257622320296, 0.023110936068260073, 0.0036425181750021343], [0.9426458435202162, 0.017221340387145893, 0.000999000999000999, 0.012197619288201591, 0.023295083939561517, 0.003641111865873757], [0.9308222134423993, 0.04358736980977661, 0.000999000999000999, 0.004858089173817889, 0.01787067890078097, 0.0018626476742240321], [0.916133692901551, 0.05451359963586612, 0.000999000999000999, 0.005961462251348637, 0.02054598554326182, 0.0018462586689713225], [0.16829179352213985, 0.3451201282344701, 0.0009990009990009992, 0.005290149511344022, 0.47706435201614084, 0.0032345757169042148], [0.18463787322195144, 0.3016757682520487, 0.000999000999000999, 0.10682242141915095, 0.4041076452057451, 0.0017572909021027455], [0.3539001742168085, 0.3887575576106171, 0.000999000999000999, 0.15442532499637454, 0.10040394902764926, 0.0015139931495496532], [0.3889623331827207, 0.3013438052364032, 0.000999000999000999, 0.028190970935120855, 0.2788137868788445, 0.0016901027679095577], [0.5711996098991484, 0.3653294004539003, 0.000999000999000999, 0.02178529285596877, 0.039076555742904084, 0.001610140049077315], [0.22385507263815554, 0.43232864795917175, 0.0009990009990009992, 0.17776746140104357, 0.1640139385765178, 0.0010358784261103983], [0.6346423985410379, 0.2196807815514707, 0.000999000999000999, 0.005077175725010659, 0.1376917330820761, 0.0019089101014034455], [0.6682173042040211, 0.18696672851269308, 0.0009990009990009992, 0.007331067617217797, 0.13471594532272219, 0.0017699533443448544], [0.8056440627199938, 0.16561870238738896, 0.000999000999000999, 0.005370012158983537, 0.020532069636656696, 0.0018361520979759233], [0.9209205935545631, 0.0506911443693052, 0.0009990009990009992, 0.005379603190786784, 0.02017277464906106, 0.0018368832372829104], [0.899696260965857, 0.06800964330000929, 0.0009990009990009992, 0.007356112433539675, 0.021662740836740125, 0.002276241464852996], [0.7589528622600663, 0.20903569352542806, 0.0009990009990009992, 0.0072741131176851355, 0.021456972920270035, 0.0022813571775495774], [0.9064588827373954, 0.06023887393720592, 0.000999000999000999, 0.00633240804004937, 0.023687835550090172, 0.0022829987362580533], [0.9155663750542673, 0.039356863532287664, 0.020103140765116777, 0.003488539489121223, 0.01929981287904088, 0.002185268280166202], [0.9950248756218911, 0.0009950248756218911, 0.0009950248756218911, 0.0009950248756218911, 0.0009950248756218911, 0.0009950248756218911]], [[0.9950248756218911, 0.0009950248756218911, 0.0009950248756218911, 0.0009950248756218911, 0.0009950248756218911, 0.0009950248756218911], [0.9093903099711181, 0.048196798891726116, 0.0243094993048626, 0.007062916657348983, 0.00868625982866062, 0.002354215346283341], [0.9167386669480921, 0.0510427431199472, 0.000999000999000999, 0.00583431738983686, 0.023055240182529455, 0.002330031360593247], [0.903788355794571, 0.057979046213849895, 0.0009990009990009992, 0.007064701999500334, 0.02787242909655361, 0.0022964658965243002], [0.8987233600976332, 0.05899345365370699, 0.0009990009990009992, 0.007176703046720028, 0.031814236472125, 0.0022932457308138298], [0.025759770561375787, 0.06315589081824097, 0.000999000999000999, 0.00655451794144014, 0.9011213615597261, 0.0024094581202158995], [0.04789718767058464, 0.06807183392518638, 0.000999000999000999, 0.006719290221470463, 0.8738957925483664, 0.002416894635391141], [0.870417789115663, 0.08548139199392131, 0.000999000999000999, 0.009379000837858207, 0.03152205957902714, 0.0022007574745291467], [0.7087332485142733, 0.12024247145742908, 0.000999000999000999, 0.0720398980052801, 0.09560969356771594, 0.0023756874563003716], [0.781144405477496, 0.12027800447272163, 0.0009990009990009992, 0.044799073832068693, 0.05040242386641951, 0.002377091352293341], [0.7596576605384494, 0.17454543503821474, 0.000999000999000999, 0.027210722627728813, 0.035117692079817776, 0.00246948871678823], [0.7101211020142314, 0.25221484649083503, 0.000999000999000999, 0.010448521108751363, 0.02386050403350817, 0.002356025353673042], [0.2170892802127378, 0.09163065647307524, 0.0009990009990009992, 0.008753309213877174, 0.6792364540353213, 0.0022912990659876287], [0.21935871861087755, 0.08404122845469693, 0.000999000999000999, 0.007999183686639391, 0.6852961759156949, 0.0023056923330902297], [0.8610099861393383, 0.09204942598809632, 0.0009990009990009992, 0.010266215093535473, 0.03350441346340543, 0.002170958316623539], [0.7317192016779926, 0.08332494977466616, 0.000999000999000999, 0.15175488235550713, 0.029990724238063444, 0.0022112409547695834], [0.12396490749218163, 0.21352527096869897, 0.0009990009990009992, 0.007558374861641105, 0.6515488384246391, 0.0024036072538382723], [0.10512923293593007, 0.07004314063460197, 0.0009990009990009992, 0.007457685822287805, 0.8139575331232103, 0.0024134064849690015], [0.7546408668814311, 0.06362315138598892, 0.000999000999000999, 0.1498066650267542, 0.027297607629109242, 0.0036327080777155876], [0.047197316640130056, 0.012186921220719397, 0.000999000999000999, 0.010651810147494464, 0.9249072637817806, 0.004057687210874446], [0.9259720741471745, 0.040745195313103576, 0.0009990009990009992, 0.005250839449201122, 0.023637568501906337, 0.0033953215896135275], [0.0009950248756218907, 0.0009950248756218907, 0.0009950248756218907, 0.0009950248756218907, 0.0009950248756218907, 0.9950248756218907], [0.0009950248756218907, 0.0009950248756218907, 0.0009950248756218907, 0.0009950248756218907, 0.0009950248756218907, 0.9950248756218907], [0.9217276561936957, 0.04557157382031933, 0.0009990009990009992, 0.0052063049386030635, 0.02158326369548542, 0.004912200352895659], [0.08169436964558087, 0.05603889796117894, 0.000999000999000999, 0.005651230085579071, 0.850491294587731, 0.005125206720929077], [0.0009950248756218907, 0.0009950248756218907, 0.0009950248756218907, 0.0009950248756218907, 0.0009950248756218907, 0.9950248756218907], [0.8665802303836299, 0.07980957642131206, 0.0009990009990009992, 0.015630343722861866, 0.033724247285102274, 0.0032566011880930455], [0.23530745271343834, 0.2974914433463478, 0.0009990009990009992, 0.01053522136306638, 0.4539020172525286, 0.0017648643256178947], [0.5625232370467038, 0.40546506653786785, 0.000999000999000999, 0.010424620814127832, 0.018919361443230774, 0.0016687131590686457], [0.6910696399104211, 0.2647252947446606, 0.0009990009990009992, 0.005142806970544491, 0.03643422891670402, 0.0016290284586686875], [0.6438021093272763, 0.3233636293561078, 0.000999000999000999, 0.006960031541389538, 0.02294761040969311, 0.0019276183665321962], [0.64743731303056, 0.32190065544638935, 0.0009990009990009992, 0.004648819859417325, 0.0230830977291412, 0.0019311129354911897], [0.787831572332527, 0.17884096931575347, 0.000999000999000999, 0.006750269975931873, 0.023794389722562172, 0.0017837976542244222], [0.8060534624865521, 0.16795440907822745, 0.0009990009990009992, 0.0060018304937759165, 0.017145117285204597, 0.0018461796572390994], [0.9169589407033627, 0.05559192581035843, 0.0009990009990009992, 0.006145433274541068, 0.018466874173125973, 0.0018378250396108692], [0.7311834534267394, 0.22745531155554957, 0.0009990009990009992, 0.009229953511448974, 0.028932430783514294, 0.0021998497237467477], [0.7304456399846192, 0.22851762330697675, 0.000999000999000999, 0.00921267795212853, 0.028621084630115756, 0.0022039731271587004], [0.34131739403072064, 0.07902523342811921, 0.0009990009990009992, 0.006853957352381143, 0.5695437292432313, 0.0022606849465468663], [0.8901688973492781, 0.051122058154111, 0.026108976167644345, 0.004463707384273027, 0.026000413522910906, 0.002135947421782701], [0.9950248756218911, 0.0009950248756218911, 0.0009950248756218911, 0.0009950248756218911, 0.0009950248756218911, 0.0009950248756218911]], [[0.9950248756218911, 0.0009950248756218911, 0.0009950248756218911, 0.0009950248756218911, 0.0009950248756218911, 0.0009950248756218911], [0.92684319231005, 0.03260782481000005, 0.015384369866158916, 0.003360952476203455, 0.01959670798406546, 0.002206952553522225], [0.9114972854701028, 0.05541078169274695, 0.000999000999000999, 0.006842024868772094, 0.02293850880580396, 0.0023123981635730264], [0.9020562674584847, 0.057813716385137805, 0.0009990009990009988, 0.007066663741387934, 0.02976702177471341, 0.0022973296412749796], [0.02584696432846864, 0.062253128825111706, 0.0009990009990009992, 0.006522667945701915, 0.9019661084468877, 0.002412129454828982], [0.8900376967970716, 0.07053447630571896, 0.000999000999000999, 0.007651804510193971, 0.028518047278880073, 0.0022589741091342866], [0.8855454739765156, 0.07501750671246325, 0.000999000999000999, 0.008145464802141565, 0.02805354603761999, 0.0022390074722585408], [0.8644929066700026, 0.0955162427887673, 0.000999000999000999, 0.010547336819215268, 0.026275397094207478, 0.002169115628806286], [0.819571832015487, 0.11533914205626711, 0.000999000999000999, 0.01921387296845251, 0.042502740590827516, 0.0023734113699649673], [0.4572686900959193, 0.24509726478450514, 0.000999000999000999, 0.19974444726468674, 0.09462072860394996, 0.0022698682519378386], [0.3654535660880002, 0.14480709820912013, 0.000999000999000999, 0.030139543298766516, 0.4560480816460258, 0.0025527097590863556], [0.5461414196944996, 0.3143532515024413, 0.000999000999000999, 0.09491304233247853, 0.04115553819178411, 0.0024377472797953497], [0.5954129884681061, 0.1780242097968091, 0.0009990009990009992, 0.18975927557255032, 0.033379128195169014, 0.0024253969683645433], [0.6086588992784826, 0.32128773048585624, 0.000999000999000999, 0.029780761979344476, 0.036844461708072665, 0.0024291455492430627], [0.29382788666401305, 0.16206461684845225, 0.000999000999000999, 0.026612488897262036, 0.5138226276278551, 0.002673378963416409], [0.4155105235174875, 0.14905285228631124, 0.0009990009990009992, 0.16833886153565422, 0.2634836598879778, 0.0026151017735682367], [0.8503812069776426, 0.11118428594070692, 0.0009990009990009992, 0.011066154777475587, 0.024015934096669484, 0.002353417208504338], [0.7231978640855156, 0.23408868209837308, 0.000999000999000999, 0.010455058748930714, 0.027736021134319503, 0.00352337293385996], [0.0009950248756218907, 0.0009950248756218907, 0.0009950248756218907, 0.0009950248756218907, 0.0009950248756218907, 0.9950248756218907], [0.0009950248756218907, 0.0009950248756218907, 0.0009950248756218907, 0.0009950248756218907, 0.0009950248756218907, 0.9950248756218907], [0.9220335519065049, 0.04586743489167735, 0.000999000999000999, 0.005193860963786322, 0.02117786632217093, 0.004728284916859514], [0.0009950248756218907, 0.0009950248756218907, 0.0009950248756218907, 0.0009950248756218907, 0.0009950248756218907, 0.9950248756218907], [0.0009950248756218907, 0.0009950248756218907, 0.0009950248756218907, 0.0009950248756218907, 0.0009950248756218907, 0.9950248756218907], [0.0009950248756218907, 0.0009950248756218907, 0.0009950248756218907, 0.0009950248756218907, 0.0009950248756218907, 0.9950248756218907], [0.0009950248756218907, 0.0009950248756218907, 0.0009950248756218907, 0.0009950248756218907, 0.0009950248756218907, 0.9950248756218907], [0.8024931101124111, 0.17108622577784016, 0.0009990009990009992, 0.007604920088206511, 0.0130426335418125, 0.004774109480728845], [0.8090027120413554, 0.16666638135155723, 0.0009990009990009992, 0.0070135023241817964, 0.01469825300842683, 0.00162015027547779], [0.7988240789179822, 0.17760395131146386, 0.000999000999000999, 0.007791915167787825, 0.01320410258969083, 0.0015769510140741783], [0.6878816306781226, 0.2944587073174752, 0.000999000999000999, 0.006382241198322744, 0.00859699796640148, 0.0016814218406768849], [0.7795718964277164, 0.20392212414981406, 0.000999000999000999, 0.006773671451262358, 0.007077551546152089, 0.0016557554260540033], [0.6268559956912333, 0.35397947539748564, 0.000999000999000999, 0.007975563196289807, 0.00820640816501969, 0.001983556550970519], [0.8613228240601385, 0.11810761762840134, 0.000999000999000999, 0.007427805428435397, 0.010121049670644791, 0.002021702213378832], [0.8997980931087624, 0.06402269049950264, 0.000999000999000999, 0.006848585741966567, 0.026552643217168253, 0.0017789864335991047], [0.9172688224031984, 0.05524760887772671, 0.000999000999000999, 0.006139508323455531, 0.01850844818113457, 0.0018366112154837339], [0.8016197601396082, 0.16925123150732266, 0.0009990009990009992, 0.006169405271317981, 0.02012352129242343, 0.0018370807903267698], [0.33398212365961794, 0.07540577255089212, 0.0009990009990009992, 0.007203387172229447, 0.580136077497375, 0.002273638120884631], [0.5405144355839258, 0.27529932065508583, 0.000999000999000999, 0.11547347244456434, 0.06536159878118186, 0.0023521715362411163], [0.5547597487385278, 0.2814637448938849, 0.0009990009990009992, 0.1100724302903156, 0.05037994887295865, 0.002325126205312029], [0.35744886623974936, 0.19568765829111845, 0.04556367652693097, 0.03966140930731535, 0.3596925005507411, 0.0019458890841449455], [0.9950248756218911, 0.0009950248756218911, 0.0009950248756218911, 0.0009950248756218911, 0.0009950248756218911, 0.0009950248756218911]], [[0.9950248756218911, 0.0009950248756218911, 0.0009950248756218911, 0.0009950248756218911, 0.0009950248756218911, 0.0009950248756218911], [0.9264033913781459, 0.032966374079873365, 0.015284757872391764, 0.0033791865157409874, 0.01976116095814045, 0.002205129195707612], [0.9095671325704676, 0.055366880184916305, 0.0009990009990009992, 0.006863902236393988, 0.02489038382542891, 0.002312700183792193], [0.025578322045620876, 0.060501203764985585, 0.0009990009990009992, 0.00640048051245846, 0.9041022458107095, 0.0024187468672245815], [0.02401153499332651, 0.060966019571075065, 0.000999000999000999, 0.0064481707855920155, 0.9051583889682723, 0.0024168846827330634], [0.8965349155128076, 0.06782859907334164, 0.0009990009990009992, 0.007653914547039993, 0.02471136042424671, 0.002272209443563047], [0.8694474342905585, 0.08754777034600839, 0.0009990009990009992, 0.009556135023846368, 0.03026439206328256, 0.002185267277303329], [0.31292595514215676, 0.041394122673331694, 0.0009990009990009992, 0.014740655624141875, 0.6283498312588564, 0.0015904343025123135], [0.7865114961716553, 0.16671108938808984, 0.000999000999000999, 0.015326067079209695, 0.027985881946670742, 0.002466464415373486], [0.6446156705812763, 0.31001906111662975, 0.0009990009990009992, 0.015727500122193712, 0.02616989179330718, 0.0024688753875920285], [0.778353541468748, 0.1724713520620976, 0.000999000999000999, 0.015583755255359008, 0.030153632063275027, 0.0024387181515193954], [0.5049750932033229, 0.1516849069992819, 0.0009990009990009992, 0.03751846159585548, 0.30217877534704884, 0.0026437618554899915], [0.4970993764328856, 0.18067948532082143, 0.000999000999000999, 0.2238430532669998, 0.09535236851625783, 0.0020267154640342135], [0.5189379331535369, 0.1823278779807725, 0.0009990009990009992, 0.0797499960693638, 0.2155646271745747, 0.0024205646227512304], [0.34127542218219853, 0.1531441149650944, 0.000999000999000999, 0.049454485779954094, 0.4525091324726668, 0.002617843601085157], [0.7349959926497036, 0.1746624335363033, 0.0009990009990009992, 0.05353936101894583, 0.033370951313222506, 0.002432260482823803], [0.6570755155551413, 0.17753025577133552, 0.000999000999000999, 0.1258495305373911, 0.036090789017122656, 0.0024549081200083956], [0.7494386072898302, 0.11959090648893701, 0.0009990009990009992, 0.07046476471421312, 0.05710704278808899, 0.002399677719929786], [0.6319091224332247, 0.25189420177427435, 0.0009990009990009992, 0.050272298755194136, 0.06118664120746855, 0.003738734830837274], [0.8707167240588081, 0.08543106537997475, 0.000999000999000999, 0.009300743785053486, 0.030005188883043463, 0.0035472768941191505], [0.04063823509937799, 0.1699553204654957, 0.0009990009990009992, 0.005466464652463507, 0.7794470385286817, 0.0034939402549801998], [0.0009950248756218907, 0.0009950248756218907, 0.0009950248756218907, 0.0009950248756218907, 0.0009950248756218907, 0.9950248756218907], [0.0009950248756218907, 0.0009950248756218907, 0.0009950248756218907, 0.0009950248756218907, 0.0009950248756218907, 0.9950248756218907], [0.9047989579876511, 0.06008624476433059, 0.0009990009990009992, 0.006462959690112517, 0.022790023341753934, 0.004862813217150894], [0.5455723798894732, 0.33069852298368513, 0.0009990009990009992, 0.0696495017173841, 0.04961063307384153, 0.003469961336615151], [0.8631267406065549, 0.07644496420841651, 0.000999000999000999, 0.019853237090345328, 0.0379448003570693, 0.0016312567386129549], [0.7940272713175125, 0.17250082967114563, 0.000999000999000999, 0.011824606499977585, 0.019029840199479755, 0.0016184513128834567], [0.8346494565218916, 0.13430808368855715, 0.000999000999000999, 0.013761106303464552, 0.014797989427858758, 0.0014843630592269118], [0.8590207558956737, 0.03494099008851964, 0.000999000999000999, 0.08297102407890532, 0.021044614954973093, 0.001023613982927122], [0.7573398005953322, 0.1713419112449234, 0.000999000999000999, 0.047491123241178865, 0.021209466301589357, 0.0016186976179751271], [0.866540348855442, 0.09236926849771865, 0.000999000999000999, 0.014518879263124966, 0.023648358160207158, 0.001924144224506211], [0.8983199117273392, 0.06360266644855116, 0.000999000999000999, 0.006854863457526711, 0.02844108609008151, 0.0017824712775004559], [0.021232227951665548, 0.012496709501621158, 0.0009990009990009992, 0.009803838431973138, 0.9530182350876373, 0.0024499880281018895], [0.8011452210044067, 0.169261830463465, 0.0009990009990009992, 0.006189793903383479, 0.020567018632399448, 0.0018371349973444404], [0.913676093832672, 0.056801493047460336, 0.000999000999000999, 0.006232588911481076, 0.02045676206271598, 0.0018340611466695516], [0.7188795853066124, 0.23938156757831003, 0.000999000999000999, 0.010338477405749972, 0.028237382467417072, 0.0021639862429093703], [0.3244736912527436, 0.15494562174423465, 0.0009990009990009992, 0.026488986052249735, 0.49061484805028405, 0.0024778519014868575], [0.15418683376947329, 0.6344180127161918, 0.0009990009990009992, 0.1402257436602074, 0.06811718857363223, 0.0020532202814943514], [0.5682769907908898, 0.10475079157156525, 0.08526980907668263, 0.1987514388288717, 0.04048799261249273, 0.002462977119497749], [0.9950248756218911, 0.0009950248756218911, 0.0009950248756218911, 0.0009950248756218911, 0.0009950248756218911, 0.0009950248756218911]], [[0.9950248756218911, 0.0009950248756218911, 0.0009950248756218911, 0.0009950248756218911, 0.0009950248756218911, 0.0009950248756218911], [0.9224146851639843, 0.03352337559929229, 0.015115507666747735, 0.003434578510135789, 0.023310899189840646, 0.0022009538699991685], [0.9101255799612521, 0.05644131937253575, 0.0009990009990009992, 0.0069633372423344875, 0.02316256329903858, 0.002308199125838139], [0.9068393378806843, 0.05670326272813259, 0.000999000999000999, 0.007156713466445946, 0.025994865661467772, 0.002306819264268411], [0.907972194226756, 0.05712326490208039, 0.000999000999000999, 0.0064240067379835245, 0.02519478098573191, 0.0022867521484471317], [0.8984809752098206, 0.06744167165408443, 0.0009990009990009992, 0.007675042912110962, 0.023131355088068115, 0.0022719541369149586], [0.878422091405542, 0.07951003604145981, 0.0009990009990009992, 0.0085033865739603, 0.030366587365690062, 0.002198897614346929], [0.616633122599763, 0.23480338828372987, 0.000999000999000999, 0.07260401784966015, 0.07265038902106363, 0.002310081246782207], [0.7748306814637852, 0.10236954396003643, 0.000999000999000999, 0.03608114352292579, 0.08331442955777026, 0.002405200496481153], [0.6233021017038458, 0.3150926888940883, 0.000999000999000999, 0.02129159127039851, 0.03684013441376564, 0.0024744827189007498], [0.387323045415016, 0.291035166180292, 0.000999000999000999, 0.02532468038550261, 0.29271955826502816, 0.002598548755160217], [0.7798948028239099, 0.16784438382499536, 0.000999000999000999, 0.02140872256802796, 0.027387254361095317, 0.0024658354229703514], [0.783643209744764, 0.1689931447785941, 0.0009990009990009992, 0.016504326265074993, 0.027406482309123452, 0.0024538359034426156], [0.3443271616706671, 0.15048456666838605, 0.000999000999000999, 0.1773329119785746, 0.3242945734602576, 0.002561785223113525], [0.45458728315227603, 0.1886380209363078, 0.000999000999000999, 0.29525121739770505, 0.058795681165311725, 0.0017287963493983227], [0.7729657138381174, 0.17115184715892903, 0.000999000999000999, 0.023995778471182956, 0.028429045470294276, 0.0024586140624752993], [0.6203665494154315, 0.32013897576783, 0.0009990009990009992, 0.02580012850297599, 0.03024075146205857, 0.0024545938527030715], [0.3679114935492673, 0.3303549370754149, 0.0009990009990009992, 0.23185946368828864, 0.06679556395566041, 0.0020795407323678647], [0.67275347291653, 0.2657105850506439, 0.000999000999000999, 0.017547168657506638, 0.040627839635756065, 0.002361932740562353], [0.7159556956158278, 0.24264234597448173, 0.000999000999000999, 0.010373800767022703, 0.027870326250390594, 0.002158830393276088], [0.03371849247237975, 0.1707877572874711, 0.0009990009990009992, 0.005958622129332898, 0.785046139221066, 0.0034899878907493015], [0.0009950248756218907, 0.0009950248756218907, 0.0009950248756218907, 0.0009950248756218907, 0.0009950248756218907, 0.9950248756218907], [0.9157746458142376, 0.05309366100467392, 0.000999000999000999, 0.0060729661020252025, 0.01915237101495834, 0.004907355065103746], [0.7832124000108706, 0.18389257630845585, 0.000999000999000999, 0.007442267059215212, 0.02267701670608866, 0.0017767389163686129], [0.7584258721899712, 0.20991650186647748, 0.0009990009990009992, 0.004941141742867776, 0.023803307655775593, 0.0019141755459071083], [0.47746536968572006, 0.20605810169472275, 0.000999000999000999, 0.1388363703330184, 0.17564106160562157, 0.0010000956819161773], [0.9221691861788979, 0.05926883116799575, 0.0009990009990009992, 0.007886818445233233, 0.00811142043322275, 0.0015647427756494514], [0.8317464923256707, 0.04179718896917305, 0.000999000999000999, 0.11120039305315214, 0.01277901219713381, 0.0014779124558692881], [0.9240633226992904, 0.057897535773538636, 0.0009990009990009992, 0.00791935276526288, 0.0075578262363914074, 0.0015629615265158059], [0.5558019571463975, 0.12123590492231963, 0.0009990009990009992, 0.15324459747742747, 0.1677001387749311, 0.0010184006799233284], [0.874940941632577, 0.09149340235165343, 0.0009990009990009992, 0.0049105893147056105, 0.025733906851838784, 0.0019221588502243059], [0.16765720153266764, 0.014692910437629778, 0.0009990009990009992, 0.011002794088199055, 0.8031236788257343, 0.0025244141167682843], [0.9129222908872523, 0.055108049828220054, 0.000999000999000999, 0.006298261909645689, 0.02283636727721113, 0.0018360290986698313], [0.9201518305154665, 0.05170370105347225, 0.000999000999000999, 0.005819888642568729, 0.019476493081080272, 0.001849085708411274], [0.0769245444316038, 0.05522516413396136, 0.000999000999000999, 0.005461082854091686, 0.8594412043341721, 0.0019490032471699995], [0.8625124503284733, 0.0917308337600593, 0.0009990009990009992, 0.009451225141489621, 0.033127911948916074, 0.0021785778220607837], [0.3446983302516471, 0.29249247037707277, 0.0009990009990009992, 0.018565165908917717, 0.34073827274714025, 0.0025067597162213], [0.6635431134837352, 0.27271781953143703, 0.0009990009990009992, 0.017491318080154427, 0.04292239073867518, 0.0023263571669971408], [0.6146647557733852, 0.10303060918118608, 0.21989698917474151, 0.027874151568219246, 0.03204502245940504, 0.002488471843062837], [0.9950248756218911, 0.0009950248756218911, 0.0009950248756218911, 0.0009950248756218911, 0.0009950248756218911, 0.0009950248756218911]], [[0.9950248756218911, 0.0009950248756218911, 0.0009950248756218911, 0.0009950248756218911, 0.0009950248756218911, 0.0009950248756218911], [0.018634308655078098, 0.040223295882963, 0.01977645554909476, 0.007552000420554857, 0.9114669202958301, 0.0023470191964792262], [0.897682711476804, 0.06797485840315001, 0.0009990009990009992, 0.007409921343412108, 0.023656538063742457, 0.002276969713890471], [0.76024971125975, 0.20769851281219243, 0.0009990009990009992, 0.007489811734060062, 0.02127875186379248, 0.0022842113312040602], [0.9010056662485597, 0.06654349301717852, 0.0009990009990009992, 0.007582454473867803, 0.02158837144022267, 0.002281013821170283], [0.8938660237521586, 0.07177738965456551, 0.0009990009990009992, 0.008129102137025461, 0.02297111525287063, 0.002257368204378789], [0.8687997373915265, 0.09367099026756198, 0.0009990009990009992, 0.010981839562399762, 0.02336561518598199, 0.0021828165935288304], [0.6809313520289646, 0.11276181320467611, 0.0009990009990009992, 0.1638156103859442, 0.03910001475381872, 0.0023922086275954815], [0.3073885954837869, 0.19698408154101948, 0.000999000999000999, 0.3320923176692999, 0.16006751441875577, 0.002468489888136822], [0.8238151683625344, 0.11457512309829083, 0.000999000999000999, 0.017600134095281696, 0.04063009011927805, 0.0023804833256140757], [0.8197035662728318, 0.15532645806715162, 0.0009990009990009992, 0.010077707436798703, 0.01145191284059669, 0.00244135438362027], [0.8704291775773825, 0.08774855309544809, 0.0009990009990009992, 0.009568647297005227, 0.02906265896779629, 0.002191962063367072], [0.7066206308117626, 0.1164677573342786, 0.0009990009990009992, 0.011431018263218674, 0.16214819722923704, 0.002333395362502103], [0.6393200172099363, 0.31203298049316625, 0.000999000999000999, 0.0179950006334817, 0.027199406025121307, 0.002453594639293467], [0.6398484551627157, 0.31233200485956575, 0.000999000999000999, 0.018069684064527868, 0.0262956463553148, 0.002455208558874887], [0.6422701954130852, 0.3118193444810556, 0.000999000999000999, 0.015476455657604245, 0.026972973807286593, 0.002462029641967379], [0.6407695354584775, 0.3130204737098535, 0.0009990009990009992, 0.015972241479027156, 0.026781924148678964, 0.002456824204961871], [0.3526733290585258, 0.14474439356461602, 0.0009990009990009992, 0.15746679283649956, 0.34159941014041306, 0.0025170734009446606], [0.6713039079117299, 0.26161461011183973, 0.0009990009990009992, 0.0174548229809092, 0.04627622476552342, 0.0023514332309968276], [0.2849849212087632, 0.22218451088841176, 0.000999000999000999, 0.007939249266072356, 0.48160978499588025, 0.002282532641871428], [0.15519040406900578, 0.05578312302395583, 0.0009990009990009992, 0.12044632843694059, 0.6640973269059292, 0.0034838165651676573], [0.0009950248756218907, 0.0009950248756218907, 0.0009950248756218907, 0.0009950248756218907, 0.0009950248756218907, 0.9950248756218907], [0.7902322699178165, 0.17550859505280342, 0.0009990009990009992, 0.00677497354859984, 0