{"prediction": [[[0.837863615785843, 0.054437604354833836, 0.04778357774953845, 0.011678768991270672, 0.04323986986312671, 0.004996563255387368], [0.8284358242800386, 0.057138261822242645, 0.04833094408406144, 0.012009570277615251, 0.049088836278132465, 0.004996563257909644], [0.8283297767064076, 0.060675362985351956, 0.04442654080050126, 0.012252939364268868, 0.04931881688484613, 0.004996563258624304], [0.826703166713608, 0.06135270901501077, 0.044870789508733244, 0.012325725419520572, 0.04975104608440901, 0.004996563258718556], [0.8282640411948246, 0.05898450635920473, 0.04553204198647585, 0.012166650298285977, 0.05005619690299057, 0.004996563258218358], [0.899094259003856, 0.033779687281244586, 0.027132224986310006, 0.007207115770370897, 0.027798417255446458, 0.004988295702771936], [0.8983373411217944, 0.033195913507496656, 0.028201267195380027, 0.007166038668116367, 0.028111143804154835, 0.004988295703057831], [0.8972798226815184, 0.03361498498847323, 0.02868205228211054, 0.0072070332999130396, 0.028227811044765218, 0.004988295703219485], [0.8981813793394658, 0.034392138603620954, 0.027249781363081458, 0.007259930476771304, 0.027928474514058242, 0.004988295703002389], [0.8934815728960785, 0.036284800678868634, 0.028739058576667965, 0.0074651950292205504, 0.029041077116129115, 0.00498829570303517], [0.8873755246702796, 0.03854395979001005, 0.030556240621809755, 0.007726260863830881, 0.03080971835080422, 0.004988295703265632], [0.8914972366727238, 0.03979284708722381, 0.023844925853005572, 0.007857598755166032, 0.03201909592888882, 0.0049882957029920095], [0.8900667275649664, 0.03964435749114465, 0.025411236961708033, 0.007855402270785086, 0.03203398000824379, 0.00498829570315215], [0.8898859236752904, 0.0397781598111064, 0.025323714948555544, 0.0078738315266698, 0.03215007433523303, 0.004988295703144784], [0.8869738876149876, 0.03960850565852571, 0.029049042802947494, 0.007875118746288238, 0.031505149473903926, 0.004988295703347088], [0.8874969471772631, 0.03781189320326066, 0.03146920562019624, 0.0076671121416674514, 0.030566546154531554, 0.0049882957030810545], [0.8874922706298192, 0.03739167610498399, 0.03222544780478156, 0.007626304083757494, 0.03027600567358183, 0.004988295703075957], [0.8842508831966996, 0.03814749053299345, 0.0343721818028503, 0.0077345099685947405, 0.030506638795497858, 0.004988295703364166], [0.8783463259082622, 0.04012354846687359, 0.03554948855271725, 0.007943774916184657, 0.03304856645109279, 0.004988295704869459], [0.8775316795425978, 0.042156772913302186, 0.03384737066003493, 0.008093015095588619, 0.03338286608319112, 0.004988295705285299], [0.806670160696541, 0.07015852187345642, 0.04963567351270878, 0.013335005407775508, 0.05520407525102561, 0.004996563258492706], [0.8088150137971726, 0.07028485777371092, 0.04632021968271392, 0.013322764985388277, 0.05626058050246508, 0.004996563258549315], [0.8204127317385416, 0.06874131497965012, 0.03697296628474186, 0.013115528000355595, 0.055760895738531456, 0.004996563258179432], [0.8296148401721215, 0.06596419503703141, 0.033635909351146014, 0.012771322080323708, 0.05301717010124698, 0.004996563258130316], [0.8293899701834134, 0.062259714335401034, 0.03877992372143004, 0.012491314889558708, 0.05208251361210026, 0.004996563258096443], [0.8310291614837053, 0.06154921845140429, 0.03862737315528545, 0.012408899892853284, 0.051388783758657526, 0.004996563258094098], [0.8318512710155272, 0.06352697533591313, 0.03644312193117655, 0.012505551180200912, 0.05067651727864189, 0.004996563258540206], [0.8318512710155272, 0.06352697533591313, 0.03644312193117655, 0.012505551180200912, 0.05067651727864189, 0.004996563258540206], [0.8302241863983799, 0.060916694725630334, 0.04073924408503553, 0.012338069130171473, 0.05078524240263531, 0.004996563258147398], [0.8425818535471915, 0.05701525792762874, 0.03755937289718913, 0.011938780261593137, 0.04590817211186494, 0.004996563254532574], [0.8410260977041463, 0.05648657963278082, 0.040182068679139336, 0.011877620501611022, 0.04543107022763888, 0.0049965632546838615], [0.8402257541843448, 0.054346431820508384, 0.04391753604157097, 0.011661549603900515, 0.044852165095451355, 0.004996563254224116], [0.8387043066221175, 0.05312348315072709, 0.046224759189648676, 0.01157812888908447, 0.04537275889382242, 0.004996563254599974], [0.8387795466238664, 0.052678177343575175, 0.046295608360707965, 0.011546402052581086, 0.045703702364615954, 0.0049965632546534995], [0.8377541037369214, 0.05198278416302795, 0.04780295607729795, 0.011506678503647746, 0.04595691426422218, 0.004996563254882773], [0.827981536687242, 0.056157033749810195, 0.04874631192110931, 0.011907636981547768, 0.050210917401905863, 0.004996563258384915], [0.829426831183152, 0.057485255381243425, 0.04646816797285365, 0.011999017557715383, 0.04962416464694962, 0.004996563258085903], [0.829426831183152, 0.057485255381243425, 0.04646816797285365, 0.011999017557715383, 0.04962416464694962, 0.004996563258085903], [0.8396595905525079, 0.05328627423039017, 0.04643755693691952, 0.011570367882412723, 0.04404964714370135, 0.0049965632540684346], [0.8395012438722989, 0.05515859173969574, 0.04593138875416584, 0.011686807838086951, 0.04272540454067576, 0.004996563255076877]], [[0.828071509731481, 0.05683489092133961, 0.049069089801328236, 0.011989949429765645, 0.04903799685827717, 0.004996563257808464], [0.9161856666048656, 0.012832091819082073, 0.010296074827426189, 0.009661251830214507, 0.03073566505004272, 0.02028924986836899], [0.01900304474238862, 0.019477414257843693, 0.013046649607499699, 0.01803265711591968, 0.9100703581847613, 0.020369876091586983], [0.022474816988102043, 0.01921677269482721, 0.012999063067989924, 0.01793493658450765, 0.9070151270502563, 0.02035928361431682], [0.9177528011607098, 0.014191142203057784, 0.011388782892128364, 0.01147182062029651, 0.024824657751344237, 0.020370795372463297], [0.8919007836949717, 0.03564649271803214, 0.028647306986228086, 0.007471936866942463, 0.03134518403073104, 0.004988295703094466], [0.902540300496659, 0.020344185652662636, 0.01687444730239957, 0.01685545958634445, 0.026960544012890605, 0.0164250629490438], [0.8902375265898864, 0.03492204855142502, 0.030611653916466565, 0.007413921168722487, 0.03182655407012331, 0.004988295703376204], [0.8920855798230283, 0.0359699462999812, 0.02842054358630144, 0.007479726325655199, 0.031055908262053247, 0.004988295702980613], [0.9186708004794853, 0.01706028501663717, 0.014491488156984115, 0.012633887003500464, 0.020372333360417896, 0.016771205982975084], [0.9042831832103412, 0.020385661347589172, 0.018448847785012802, 0.01501151545511585, 0.024683510598484858, 0.01718728160345627], [0.8617151558657893, 0.021879524836333212, 0.015534552676395074, 0.04304152362793072, 0.04515401398026297, 0.012675229013288738], [0.6878924738320845, 0.023007441653974003, 0.019602429820383526, 0.01661566122201393, 0.24009801136789066, 0.012783982103653346], [0.8593546180603251, 0.02213327184681883, 0.014510779770401331, 0.043166808508596534, 0.04822219213702695, 0.012612329676831324], [0.899066896811379, 0.020704052818385145, 0.018098261443661758, 0.015023056979689522, 0.02988202791729582, 0.017225704029588756], [0.9025705245710263, 0.020598095496058996, 0.0182097549270319, 0.016521765104605166, 0.029062806774337226, 0.013037053126940437], [0.8864002084453004, 0.037855827064633085, 0.031845396598997634, 0.00771361409111111, 0.031196658097061365, 0.004988295702896512], [0.8802972454182392, 0.039464025032366595, 0.03617252673776966, 0.0080973073833227, 0.03098059972512493, 0.0049882957031768945], [0.8565319444867496, 0.04936172706191931, 0.046448911096404526, 0.008709552480180514, 0.03395956916716253, 0.004988295707583479], [0.08168423151443237, 0.07661773771750313, 0.06763138593325392, 0.02568446954264517, 0.7406467332206502, 0.007735442071515262], [0.11724600258837026, 0.06674574218595464, 0.05362396443088149, 0.03349047740974561, 0.711494819185591, 0.01739899419945703], [0.8847915017210453, 0.024237659611917844, 0.021888544054716946, 0.015592866174759008, 0.03185864709441335, 0.02163078134314763], [0.026269079779021914, 0.023931001193274175, 0.014678046633852068, 0.019909700036859303, 0.8943718008379886, 0.02084037151900395], [0.02555913258278963, 0.020441997817030266, 0.012201689370770104, 0.01892632228354785, 0.9023739616655029, 0.020496896280359223], [0.9165320142366977, 0.014772912336247999, 0.011253214652602282, 0.011782012609941175, 0.025180809535070566, 0.020479036629440246], [0.912497859611009, 0.01773416022639591, 0.014238876670666199, 0.011833857047334107, 0.022941020620728145, 0.020754225823866688], [0.02393462847000493, 0.01926450186293384, 0.011527459609718358, 0.017974787597106454, 0.9069274454036464, 0.020371177056589935], [0.0227211068597894, 0.01960150796271303, 0.011056709200428068, 0.018109629627310265, 0.9081846759960692, 0.02032637035369004], [0.9142347870399391, 0.014569431144580166, 0.010732325659930078, 0.011629392132134618, 0.028401791032634252, 0.020432272990781642], [0.9110849645547892, 0.015801012311438656, 0.011082078840717801, 0.01403966574026583, 0.027536755410510483, 0.020455523142278182], [0.9075898826714782, 0.015500177163712523, 0.011654486277189659, 0.013898042727274107, 0.030897875685660995, 0.020459535474684543], [0.8853738809847967, 0.01980351669803883, 0.015109323388593823, 0.02000503326767666, 0.03936175636671489, 0.02034648929417908], [0.8887451826082854, 0.019704537752833966, 0.015277254454969354, 0.019759000605009708, 0.03631321366684084, 0.020200810912060795], [0.8357262356724009, 0.05233293589279625, 0.04514827063714907, 0.011614704558893614, 0.05018128998376233, 0.004996563254997821], [0.834476460870735, 0.051045212062501774, 0.04712421713296629, 0.011538505489662548, 0.05081904118888086, 0.004996563255253579], [0.8834043012043808, 0.019724908969829657, 0.015292867159800608, 0.01959763647465896, 0.041811762156629115, 0.020168524034700798], [0.07536057651831177, 0.08812373013012863, 0.0429327192344808, 0.028112352056027464, 0.7524564908490465, 0.01301413121200478], [0.8832090012540925, 0.019695899538537856, 0.015116772209361974, 0.019811871917394502, 0.041865993492214176, 0.020300461588398933], [0.8882713314653459, 0.019621997203423943, 0.015512103445387962, 0.019892192146879435, 0.03643012986013989, 0.020272245878822884], [0.8386314757575826, 0.054936871378029495, 0.045234975776087726, 0.011716178855903992, 0.04448393497768702, 0.004996563254709266]], [[0.8279017888368279, 0.060290973279899025, 0.04526316212855092, 0.012230954296716692, 0.04931655819945785, 0.0049965632585475175], [0.018559204342863202, 0.01877399965036969, 0.013118960419721533, 0.018217287350578343, 0.9110072929434273, 0.020323255293039875], [0.01180742547344825, 0.02095208136169768, 0.019298713023910407, 0.004989142973209578, 0.9242299297460048, 0.01872270742172934], [0.9123644337339084, 0.021239597049729074, 0.01958676321750428, 0.004989107266474363, 0.022526884649621506, 0.019293214082762498], [0.9214344521496302, 0.014255595836504908, 0.011123063109221985, 0.011465565777227682, 0.021286618208924673, 0.020434704918490657], [0.8934512031409966, 0.036991361819196385, 0.02427931009134827, 0.00760002838787057, 0.03268980085730231, 0.004988295703285879], [0.9130280355892764, 0.01858358837355863, 0.015972410302236322, 0.015139474483942086, 0.024392549232875992, 0.012883942018110571], [0.9123989500430028, 0.01862978999122559, 0.01622672943064506, 0.015301096598513232, 0.02456637743768787, 0.012877056498925623], [0.890732572646495, 0.03854870768614873, 0.026238734628577006, 0.007729725495318278, 0.031761963840668324, 0.004988295702792811], [0.9034420368258429, 0.020603678967486, 0.017974539341916843, 0.014818636390778085, 0.026010837562114916, 0.01715027091186122], [0.7965840160199402, 0.05544188964450619, 0.049603605111362956, 0.040207280743885694, 0.04582824608223021, 0.012334962398074727], [0.9001831288056502, 0.029412360959364118, 0.012811166554586084, 0.004990855187924513, 0.040501270402534394, 0.01210121808994061], [0.5457506231206338, 0.060705988516675476, 0.014720147358201877, 0.028470281380753446, 0.33678688927213557, 0.013566070351599596], [0.9059618090080191, 0.027173969509902113, 0.01235109529391281, 0.004989481734722353, 0.037541408534225114, 0.011982235919218358], [0.03576316755703863, 0.025719783533864428, 0.017288956810387984, 0.004989231245654777, 0.8995315650697134, 0.01670729578334074], [0.9111441061440374, 0.019106508295572103, 0.01604873453473863, 0.012352708251139757, 0.024077894012066316, 0.017270048762445773], [0.8788860844452351, 0.02290692976018444, 0.020011107948296455, 0.016273216656311606, 0.04915154051550685, 0.01277112067446561], [0.8598121068849646, 0.05075657812577804, 0.04003482318724313, 0.008806593621799794, 0.03560160247219642, 0.004988295708018055], [0.8986870146166575, 0.019752278105009066, 0.020432500556202406, 0.013118959968419384, 0.03537037553937954, 0.012638871214332291], [0.659803588800333, 0.05378209892603757, 0.07159112732880732, 0.08401845519267945, 0.12338757073799275, 0.007417159014150089], [0.8291675850596375, 0.03308886217005189, 0.03059837356398419, 0.02136440191169947, 0.0650717915137515, 0.02070898578087547], [0.8932645682558138, 0.03996740332830037, 0.020570475691478445, 0.005588321458123947, 0.020779113087101276, 0.019830118179182277], [0.9011946652667604, 0.0344231426016913, 0.020753135285863197, 0.004993290884442591, 0.01829523047289008, 0.02034053548835249], [0.9137358181676657, 0.02690050871672825, 0.019884229576272464, 0.004990583917261792, 0.014864553248055083, 0.019624306374016607], [0.9213634725660168, 0.024100167449701688, 0.019582807680935465, 0.004989255474436347, 0.010586928791173893, 0.01937736803773588], [0.9188809219993461, 0.023489654380206858, 0.019525411397697142, 0.004989008378692196, 0.013786508117538433, 0.01932849572651905], [0.9161601299191228, 0.024636455750215693, 0.01966340062525462, 0.004989277789857047, 0.015075223884444471, 0.019475512031105296], [0.9123351729684407, 0.024892728989078055, 0.019694364555100107, 0.004989360018458718, 0.018594666901604343, 0.019493706567318168], [0.024371967208126014, 0.020896808963208835, 0.019209004982492634, 0.00498890504429602, 0.9116747818414437, 0.01885853196043275], [0.9203353772219262, 0.01857967900978293, 0.019180995443055317, 0.00498806187177005, 0.01788217245691909, 0.019033713996546433], [0.023404799311075652, 0.01937027896725397, 0.019017564673934315, 0.004988426122923793, 0.9145222518500643, 0.018696679074747976], [0.9081076776489326, 0.015460142214318873, 0.01141599422562066, 0.013825181387522137, 0.030744412824815635, 0.020446591698790057], [0.8397542017130945, 0.05674318171883091, 0.03444602201666421, 0.011991774252628432, 0.05206825704378198, 0.004996563255000122], [0.8353161081496195, 0.05534628988040442, 0.040278008999236115, 0.011882239922734081, 0.05218078979246365, 0.004996563255542196], [0.8327171341050973, 0.05377821409718716, 0.044106197175660014, 0.011775094513123491, 0.05262679685299833, 0.004996563255933802], [0.8228571159181045, 0.05720322073047254, 0.0451512763046402, 0.012126043015909587, 0.057665780771440835, 0.004996563259432243], [0.8285428613460948, 0.06022163098533819, 0.037280012914632975, 0.012335889901948043, 0.05662304159335401, 0.0049965632586321035], [0.8868914142582293, 0.019466838069612743, 0.014670498161443921, 0.019701436428019727, 0.03894687868114262, 0.020322934401551775], [0.8890935519454605, 0.019466429527494913, 0.015101118262742153, 0.019825902786500527, 0.03618820840753931, 0.020324789070262615], [0.8387908758565492, 0.055363413235994745, 0.043919225034576445, 0.011752561217181786, 0.045177361401009995, 0.004996563254687901]], [[0.8312990196842561, 0.062362760339819724, 0.03872813111249922, 0.012409483744062253, 0.050204041860816374, 0.004996563258546208], [0.019521951655098162, 0.02011397232916072, 0.012766369430890297, 0.01845325288033269, 0.9087382657930048, 0.020406187911513343], [0.012018362685255489, 0.020345282644415087, 0.019025286963642613, 0.004989132470702612, 0.9249239507543122, 0.018697984481671887], [0.020653466497605164, 0.0209295160839357, 0.009417745748224854, 0.01896030406825428, 0.9096039486035412, 0.020435018998438803], [0.9089262503531692, 0.019188989361833265, 0.014388050989680124, 0.012617505273335773, 0.024074284968044753, 0.02080491905393696], [0.8976673047673274, 0.0402385543944397, 0.015500663479837785, 0.007891579283874767, 0.03371360237315132, 0.004988295701369028], [0.8943905164997645, 0.04048350891559237, 0.019244375901558235, 0.007926444001532511, 0.032966858979539285, 0.004988295702013122], [0.8626453911921291, 0.02211680920747891, 0.015573570982714018, 0.04318928528824695, 0.04382448294598715, 0.01265046038344378], [0.8631007300183723, 0.022395283747998523, 0.013970064128388759, 0.04355190716123214, 0.04446036288853271, 0.012521652055475604], [0.8688200143448538, 0.05515532937432091, 0.024806385656265223, 0.009223668193542348, 0.03700630672434073, 0.004988295706676987], [0.10042243279784645, 0.06591733756900126, 0.05242359298626466, 0.022168303870302275, 0.7513605344015927, 0.007707798374992768], [0.10420808153899125, 0.04398993102880248, 0.021804671103802947, 0.02106544329009339, 0.7984026560098088, 0.010529217028501231], [0.12012091510210965, 0.04299474232292082, 0.018533651591588807, 0.020813393458977602, 0.7870406362885201, 0.01049666123588313], [0.9047791511184431, 0.026700545152571926, 0.012230009941879666, 0.004988697119410316, 0.0393347064862757, 0.01196689018141934], [0.923249144601847, 0.025071867429386586, 0.01626491226266913, 0.004988966760343511, 0.014400405943376975, 0.01602470300237663], [0.9181693753047473, 0.02990300958013166, 0.01659534612948187, 0.004991335085347811, 0.01400750575353135, 0.016333428146759855], [0.8953024300807912, 0.021149948878371013, 0.013678281869579706, 0.013383039400024353, 0.043845384372415586, 0.012640915398818071], [0.4277812918903919, 0.058876074782003324, 0.041447259131293296, 0.06145344125612587, 0.40163756990444366, 0.008804363035742061], [0.8665101959896252, 0.05532384376132484, 0.026283247263255, 0.009120041809060475, 0.03777437546872344, 0.00498829570801104], [0.8721293429357139, 0.05360016495070378, 0.022342945188002963, 0.00903757752416051, 0.037901673694374284, 0.004988295707044686], [0.8399660997242286, 0.0325585124903557, 0.02413556668996028, 0.02155219370238119, 0.0614091919650381, 0.020378435428036083], [0.04299016660866921, 0.04284724718099644, 0.020308803197333546, 0.00591133872344973, 0.8684362791088663, 0.0195061651806847], [0.9005394638777733, 0.03219185209844853, 0.020455558061495016, 0.004992634554726256, 0.02162278114786133, 0.020197710259695568], [0.9073829791803502, 0.030361864209621302, 0.0202454707074024, 0.004992275652248474, 0.01701273025565643, 0.02000467999472111], [0.9085326411306115, 0.029639027750393693, 0.02015506359754232, 0.004991918933166651, 0.01675993787628441, 0.019921410712001326], [0.03663075059094713, 0.02936808038124506, 0.02072337281058894, 0.004991546024462008, 0.887861875366684, 0.020424374826072792], [0.90678365970757, 0.029077806127012475, 0.020091104037626217, 0.00499189452505518, 0.019187542070766384, 0.019867993531969736], [0.909926629517064, 0.03042881589844978, 0.020269942638056607, 0.004991892091353512, 0.014341537278037601, 0.020041182577038436], [0.9128818304486191, 0.024121236428213705, 0.019609953863298314, 0.004989143540148806, 0.018936142661523603, 0.019461693058196564], [0.9216357678568861, 0.019099894341655724, 0.01926875318914866, 0.004988084430464538, 0.015849755622369423, 0.0191577445594754], [0.9242715698527795, 0.01806843168551587, 0.01910830551937685, 0.004988042707798634, 0.014548703218991772, 0.019014947015537423], [0.9183230691280555, 0.017620182872255814, 0.012313980491055091, 0.011744145445583613, 0.019278161930437906, 0.020720460132612296], [0.9135706614243001, 0.015731022083304704, 0.010931103276375146, 0.013923856304066557, 0.025493107734704812, 0.020350249177248654], [0.8384816282338644, 0.062166279102536824, 0.028316366576139486, 0.012499836370757918, 0.05353932646304845, 0.004996563253653061], [0.9048092116434522, 0.019949389963066, 0.016205133787421895, 0.01463431166657192, 0.023693199264662037, 0.020708753674825917], [0.8302694769169433, 0.06003568396009468, 0.03916671115100311, 0.012343393424898201, 0.05318817129147006, 0.004996563255590756], [0.8420389122206117, 0.0640947594805064, 0.02229251864195197, 0.01262705145327873, 0.05395019495163382, 0.00499656325201754], [0.9056529439753078, 0.019743724312516534, 0.015809726632982732, 0.014578556975644188, 0.02346595714241043, 0.020749090961138444], [0.8774727463150684, 0.025597973725550456, 0.02100666028037632, 0.021312295419610192, 0.033915681678201616, 0.0206946425811929], [0.8319294536627708, 0.05969469447518616, 0.043694133655916685, 0.012196541064081903, 0.047488613887051105, 0.004996563254993509]], [[0.8296574862885174, 0.058155841475586854, 0.04534093234764112, 0.012091287450107797, 0.04975788918045115, 0.004996563257695628], [0.9175122370068638, 0.01429105048640248, 0.011410062902072337, 0.011525351296385522, 0.02481311257520638, 0.02044818573306945], [0.9164497596015637, 0.02077701610994561, 0.019518964042083774, 0.004988786019723449, 0.019008573168532727, 0.01925690105815066], [0.019038382897729626, 0.022715137949860006, 0.014280444188044085, 0.018715145513830595, 0.904616910973729, 0.020633978476806702], [0.8186198373591089, 0.07204839423971424, 0.03327476404597738, 0.013369807238268678, 0.05769063385941299, 0.004996563257517953], [0.8940755853060801, 0.04045221421813849, 0.019424751860147235, 0.007950940302127405, 0.033108212611491064, 0.004988295702015778], [0.7875506955000795, 0.07141757801968135, 0.0509933143156409, 0.030172083310685775, 0.05091624222453096, 0.008950086629381546], [0.7744731206906798, 0.07395815910459852, 0.05662339471349864, 0.0330205150003413, 0.05289329173871806, 0.0090315187521638], [0.65829183635795, 0.08054837540012115, 0.048606656125760116, 0.10324228673757965, 0.1016309783590266, 0.007679867019562519], [0.8703769398967919, 0.05806267675519129, 0.019189554377708428, 0.009407274103090878, 0.037975259161283616, 0.004988295705934068], [0.8821855735654953, 0.04565745693640442, 0.02435636641218949, 0.008476886598005605, 0.0343354207834184, 0.004988295704486783], [0.8859683459433483, 0.047500873116089255, 0.01746455564411324, 0.00851025720036017, 0.03556767239209154, 0.004988295703997639], [0.03734026121803494, 0.020294431488884206, 0.010696592200634842, 0.014492543565997941, 0.903423347101604, 0.013752824424844198], [0.9068129067099087, 0.021099381409358114, 0.01216453839496098, 0.012794469786079473, 0.029872857493172908, 0.01725584620651986], [0.9174087762922095, 0.026057144078216056, 0.016389791029708774, 0.0049893107818179214, 0.01898615729315847, 0.016168820524889264], [0.027436152332329523, 0.0239414904169221, 0.016576327157446686, 0.0049893449051951, 0.9107849456672423, 0.016271739520864314], [0.03336806299736983, 0.03446482996419481, 0.01602676004435365, 0.004998397491246402, 0.8956295528223019, 0.015512396680533377], [0.3804161577103567, 0.2749358235312912, 0.02440728754264771, 0.026956893724386907, 0.28400313262585297, 0.009280704865464503], [0.4923894749852567, 0.04189182786093148, 0.17525387380596755, 0.23259081201796072, 0.04645133721187392, 0.011422674118009587], [0.8740377911897717, 0.056197711572515546, 0.01506701279615444, 0.009246480814918988, 0.04046270792073454, 0.004988295705904826], [0.45747718639724316, 0.09016331982607739, 0.10255763482827693, 0.13108137032507922, 0.2067449615489907, 0.01197552707433259], [0.2828551179781961, 0.13982576547721828, 0.031124187400120813, 0.04270011540950817, 0.48803994102930226, 0.015454872705654358], [0.027438017972006793, 0.03214668711644111, 0.020968979014377345, 0.0049938410029478145, 0.8938656469033229, 0.02058682799090401], [0.037442997976991146, 0.028826674607478064, 0.020981481877746455, 0.004992702397184519, 0.887070327630831, 0.020685815509768907], [0.8600791072836173, 0.038760892591197936, 0.019371255090338154, 0.004995568009290619, 0.057664069163134296, 0.019129107862421772], [0.8564458074409151, 0.03890937890583589, 0.019371169044293875, 0.004996622360760492, 0.06114330696652367, 0.019133715281671005], [0.14025385173784194, 0.05081544292800688, 0.02031697061218848, 0.01646769455612072, 0.7522061420671944, 0.019939898098647657], [0.9004767706014272, 0.03024214006251992, 0.020243023321913873, 0.004992091283529505, 0.024021152012412422, 0.020024822718197118], [0.021673112048039005, 0.023549756567628696, 0.019414627021594646, 0.00498974305719118, 0.911204728000583, 0.019168033304963496], [0.020762983203017636, 0.022344480540299656, 0.019243628144170587, 0.004989138930631517, 0.9136399739261136, 0.019019795255767108], [0.9163739715294108, 0.022650323747042293, 0.019433051799698946, 0.004988700582053271, 0.017283925551865188, 0.01927002678992938], [0.9225988581388623, 0.023388472152290868, 0.01951795724609859, 0.0049890313251012485, 0.010196895979714137, 0.019308785157932766], [0.9106494091624077, 0.018887841913437824, 0.014450596629248169, 0.012407947088934073, 0.022798249895067207, 0.02080595531090505], [0.8270444870009585, 0.06827801111997943, 0.027448566965922228, 0.013119669541220036, 0.059112702116147456, 0.0049965632557725185], [0.8809271719537466, 0.025256699408972728, 0.021941726323652124, 0.018274319519064216, 0.032096966191338915, 0.021503116603225462], [0.8851385006705127, 0.023947019817181392, 0.019893384856617017, 0.017171174070696783, 0.032590435121597275, 0.021259485463394918], [0.8842624881792885, 0.02960541419057656, 0.018599541166906517, 0.020294516857157118, 0.025830789147787404, 0.021407250458283848], [0.8297629405889871, 0.0631765237509118, 0.03700869433285804, 0.012605532894011779, 0.05244974517889229, 0.0049965632543390115], [0.858497474870608, 0.030239288619651125, 0.026149461592997237, 0.024539820478074993, 0.03972299037280098, 0.020850964065867603], [0.8327603791267877, 0.059696695448808124, 0.042667091383588165, 0.012203324758892752, 0.04767594602699695, 0.004996563254926391]], [[0.8408489363732307, 0.05439700096273474, 0.04330208328995532, 0.011693297748251561, 0.04476211837206627, 0.004996563253761329], [0.9229401278220953, 0.014109642422286166, 0.01136132752971309, 0.01139927208256147, 0.01986043822143834, 0.020329191921905583], [0.9182195081475266, 0.01430136151835442, 0.010939626652167153, 0.011453387608895685, 0.024661712662814396, 0.020424403410241734], [0.02370401768860648, 0.022058762171103138, 0.014036784814084375, 0.0184690810247882, 0.90107630240272, 0.02065505189869784], [0.895295369166257, 0.022720036317255745, 0.01877605464094596, 0.01455025586111844, 0.027430029374427893, 0.02122825463999502], [0.8940181208035942, 0.04513706690482598, 0.017357461028548484, 0.007669722933094845, 0.030831461747217476, 0.004986166582718958], [0.8377821118395319, 0.05728268841930246, 0.034162205041708985, 0.024461605790168, 0.039433293858468194, 0.006878095050820615], [0.051785728300629094, 0.05054193202694322, 0.00949754014508398, 0.023610944212924357, 0.8559197116958369, 0.008644143618582444], [0.7541862814147501, 0.017407874938535996, 0.012108660886222618, 0.011444510693543746, 0.19430037158720817, 0.010552300479739284], [0.3142529742618751, 0.06699751276477903, 0.03036907950193251, 0.02114550216499401, 0.5592964784469573, 0.007938452859462073], [0.9012378802434258, 0.035539639492089645, 0.022521816354596404, 0.006937392449468972, 0.02877710487881556, 0.004986166581603721], [0.9011505083216319, 0.034490353322432186, 0.023846686803223445, 0.006779701038593724, 0.02874658393223198, 0.004986166581886795], [0.9059921406121604, 0.036877926485161326, 0.014860423778969964, 0.006950444596022479, 0.030332897946641246, 0.004986166581044491], [0.021583586809506772, 0.01785319976793457, 0.007777654750748955, 0.014636969262112677, 0.9230823169784087, 0.015066272431288306], [0.018995674192366772, 0.017908727738262496, 0.014183330045877181, 0.004986384435723382, 0.9299148468807383, 0.01401103670703191], [0.9246472234165882, 0.022994405549858144, 0.014824454645037895, 0.0049877585373414015, 0.017892177329719105, 0.014653980521455369], [0.9173545034267222, 0.026140601965851693, 0.014394575099384735, 0.00499423844904954, 0.022899284529938363, 0.014216796529053282], [0.03340820455335812, 0.03181455064825436, 0.014678195813029366, 0.004997622647532354, 0.9009717803099898, 0.01412964602783607], [0.5154069857945042, 0.04890299388026179, 0.024944561200682842, 0.07013228487032488, 0.3332630946444011, 0.00735007960982526], [0.917952672925805, 0.017183423512570534, 0.011447232089518016, 0.011226501748196898, 0.03172270321060568, 0.01046746651330386], [0.8013507820572673, 0.09497365219730965, 0.020073448509554857, 0.015210288464100412, 0.0633952655161364, 0.004996563255631423], [0.7929124757111141, 0.04165402660065725, 0.01794368813940778, 0.027299820823435926, 0.0998600440812199, 0.02032994464416478], [0.033754260211953435, 0.030190007578776414, 0.020909930799187217, 0.004993521774083974, 0.8895882345941087, 0.020564045041890158], [0.8983239201671872, 0.035840166100178296, 0.020573921612029235, 0.0049946450110136984, 0.019927313004981347, 0.020340034104610192], [0.8621903589383734, 0.039079114496563004, 0.01940825832639263, 0.0049964007209197265, 0.055184419732584276, 0.019141447785167045], [0.5817452535252134, 0.08197267756075623, 0.022076582481751535, 0.047518577570173214, 0.24521023314385096, 0.021476675718254602], [0.8558533085104381, 0.03946898856028423, 0.01942902690543924, 0.004996725437766944, 0.06108291653819596, 0.019169034047875552], [0.032406665442933566, 0.029305787425845838, 0.02044747238716438, 0.004991463586338319, 0.8926964800166534, 0.020152131141064553], [0.9103147381307399, 0.025224498100794513, 0.019744317837947917, 0.0049901083121668246, 0.020095602302196976, 0.019630735316153773], [0.902449236180997, 0.02867592288074629, 0.02005648011831256, 0.004992013025324934, 0.022317524946963013, 0.021508822847656036], [0.035188598594698646, 0.025084591325036293, 0.020386823387641764, 0.00499137062386383, 0.8925869644349007, 0.02176165163385887], [0.9014616871753104, 0.034051173048318964, 0.02078120174530811, 0.006198346274029444, 0.01717075364076891, 0.020336838116264185], [0.12430364997450963, 0.09172014634170117, 0.04871207266213565, 0.03759762354147728, 0.6825005180981759, 0.015165989382000292], [0.8227756422940357, 0.07201366600331269, 0.02688858477207576, 0.01348996856386639, 0.05983557511120773, 0.004996563255501948], [0.8731731311263211, 0.026253967966908216, 0.022073415236390816, 0.018551880083430634, 0.03843469532808613, 0.021512910258862893], [0.105841015474811, 0.12458442660392093, 0.004994237317364925, 0.012304812333234806, 0.7406377632179281, 0.011637745052740253], [0.7971867694904576, 0.03848169033378387, 0.02727882189137526, 0.027312394399009024, 0.08913698925873471, 0.02060333462663953], [0.7770711999411979, 0.035783819458979016, 0.025358274172739715, 0.06993191372061218, 0.07132761225607166, 0.02052718045039954], [0.8212613697821528, 0.060778207557538426, 0.0494926586264354, 0.01244611447515323, 0.05102508630413403, 0.004996563254586128], [0.8301207323839245, 0.058831430443155565, 0.04671131074565319, 0.012152390734763563, 0.04718757243766298, 0.004996563254840197]], [[0.8321273886422688, 0.05892310161858226, 0.042221577307691646, 0.012109442354063003, 0.04962192681963253, 0.004996563257761954], [0.8321600900829049, 0.0587225988925697, 0.03763117082164598, 0.012224275462277522, 0.054265301483368035, 0.004996563257233853], [0.8349089397362005, 0.06319526324759182, 0.028473135575319823, 0.012546157911379996, 0.055879940272737044, 0.004996563256770824], [0.8312265545393429, 0.06748840822381498, 0.02376902695208692, 0.013006703235452353, 0.05951274379413614, 0.004996563255166702], [0.8261145506486514, 0.07065944587852126, 0.023729187680804228, 0.01336044053595226, 0.06113981200139604, 0.004996563254674957], [0.8959870710902834, 0.045804019293594345, 0.01397265635183249, 0.0077208789094840745, 0.03152920777298201, 0.004986166581823654], [0.7068322098970239, 0.049798793074523215, 0.05567728952237481, 0.07612873758030121, 0.1048625410621848, 0.006700428863591996], [0.9123477139847239, 0.029979814824978447, 0.014283044829172717, 0.004991926102649837, 0.024630842570735677, 0.013766657687739606], [0.925392399673519, 0.02728181732981677, 0.014542680234238773, 0.004994863028067347, 0.013523991053882604, 0.014264248680475265], [0.9144409318053884, 0.016894237240843303, 0.012270139759214262, 0.01094532394802593, 0.03487924935758904, 0.010570117888939096], [0.9152424408495098, 0.016782591562504345, 0.015694081986176004, 0.011119527699115473, 0.030555741184229306, 0.010605616718464933], [0.887743672232944, 0.0452235516008259, 0.023318617414161854, 0.007673036307333929, 0.03105495586057125, 0.004986166584163133], [0.9055372346446526, 0.03619583646967426, 0.016285691315462706, 0.006870514230779146, 0.030124556758041997, 0.0049861665813892096], [0.9273779379064271, 0.015612438884218136, 0.010770409993463327, 0.009762704652248362, 0.02116666022114054, 0.015309848342502458], [0.934307152816027, 0.012611035953841514, 0.007426360962350426, 0.009624812683585417, 0.020970364684699903, 0.015060272899495741], [0.9330095587072956, 0.020547510520987636, 0.014516402690069796, 0.004987068740981468, 0.012559168285452211, 0.01438029105521327], [0.02814556849937396, 0.021139424633003626, 0.014959941808912006, 0.0049878435982471, 0.916089604905896, 0.014677616554567435], [0.8909667666334357, 0.02950829700122955, 0.014234018650443011, 0.004990251429568672, 0.04631790482845523, 0.01398276145686785], [0.9144969179536034, 0.029560391641762912, 0.014113640994439763, 0.004991631940518033, 0.02306281175888986, 0.013774605710785745], [0.9201464342885451, 0.01698617900097584, 0.009210009593031756, 0.010909757023484734, 0.03227498390522218, 0.01047263618874031], [0.14582599065440657, 0.13106535516122947, 0.04863114213217084, 0.03863210514409511, 0.6231266920308358, 0.01271871487726219], [0.8876223232683937, 0.02669320331949384, 0.013278604470164167, 0.016054465040675064, 0.03488185029390362, 0.021469553607369626], [0.9071618991923507, 0.030469528313146702, 0.020237064193073567, 0.004992552687412875, 0.017118183563288647, 0.020020772050727508], [0.9110090600810098, 0.029912550604448113, 0.020196541827810135, 0.004992230824806562, 0.013919339728342544, 0.01997027693358276], [0.8628874650092299, 0.038955765048177236, 0.019407859365490027, 0.004995618656609541, 0.054617597371044865, 0.01913569454944855], [0.8586945610812939, 0.039167435251414896, 0.019418780880180536, 0.004996577656121781, 0.058573947082372846, 0.019148698048616086], [0.8625623439074339, 0.03948453405944055, 0.01944220414093796, 0.004995732043756581, 0.05434439953468433, 0.019170786313746763], [0.9069801531097451, 0.030561853829738278, 0.020272649482137042, 0.00499228985068588, 0.017184159005877865, 0.02000889472181563], [0.9160094420788724, 0.025405979747248543, 0.019676399655987067, 0.004990632360443212, 0.012803975654920276, 0.021113570502528586], [0.20997725845468673, 0.1210479698189006, 0.013692433543653041, 0.02509428486735639, 0.19804519114332012, 0.43214286217208325], [0.2117388379799143, 0.14108025682845732, 0.013712094173016734, 0.026068721508004964, 0.17525722707210672, 0.4321428624384999], [0.8574899759515557, 0.04040872797228497, 0.019570807839975463, 0.00499717430388746, 0.056745478891065064, 0.020787835041231374], [0.8018183269672404, 0.0368089916936602, 0.023250307177587144, 0.02619563856982644, 0.0900215385097524, 0.02190519708193335], [0.8209853379512625, 0.07221215382071766, 0.021976465800998508, 0.013685461648548461, 0.06614401752344902, 0.004996563255023709], [0.04921557655393442, 0.030357648392140023, 0.02123779783176453, 0.022179417407317655, 0.8548991958718019, 0.022110363943041597], [0.7878976839461277, 0.03891173752636357, 0.03267577581105295, 0.027215503814882774, 0.09255161597133023, 0.020747682930242758], [0.35286438250093005, 0.11485827263800258, 0.06461023334258562, 0.13539126167007665, 0.31970890658841394, 0.01256694325999122], [0.7912410530352518, 0.038607052771108215, 0.0326010884394372, 0.02754283484433131, 0.08917916943820879, 0.020828801471662595], [0.8769931458979756, 0.029963520864972375, 0.022317691366254052, 0.020566798323338513, 0.028611867409833156, 0.02154697613762633], [0.8185653397976226, 0.06315452037575202, 0.04819563772452266, 0.012599465571555528, 0.052488473272120216, 0.004996563258427201]], [[0.8318078784635949, 0.05894092054519093, 0.04256044911356296, 0.012109527377855275, 0.04958466124195776, 0.004996563257838371], [0.0645883306637603, 0.07331184716491296, 0.041226985234407765, 0.03420471002091954, 0.7711459460812015, 0.015522180834797897], [0.9188527325884176, 0.014397103141299744, 0.010839249836258396, 0.011449637382150617, 0.02407484596701227, 0.0203864310848614], [0.9144708647615423, 0.018932838178314697, 0.012933388794215031, 0.012448153466988996, 0.020429205316293178, 0.020785549482645747], [0.8983155843561402, 0.022899776784949852, 0.015089019138216102, 0.014717052284124106, 0.027795533936783325, 0.021183033499786293], [0.9012199728138569, 0.020047181385511717, 0.010331825077022393, 0.013825565523676748, 0.04400548875001519, 0.010569966449917019], [0.8984742065454594, 0.01970133675609542, 0.009625273236543889, 0.013928616321343531, 0.047771624449750034, 0.01049894269080778], [0.9001633118347317, 0.028452323061354732, 0.014119058337772742, 0.004990147401339534, 0.038379292758094034, 0.013895866606707353], [0.9267965323222787, 0.025058477643974213, 0.014272372151091664, 0.004994238375084858, 0.014804494636599145, 0.014073884870971618], [0.07270498898895389, 0.027922088002525755, 0.010744704523644292, 0.009037748710905794, 0.8692235222910203, 0.01036694748295013], [0.5123830525112891, 0.0610105315981531, 0.024468708160937214, 0.07842475301697104, 0.31722310909563417, 0.0064898456170154025], [0.8847464651953544, 0.021141895229691298, 0.01195672935219893, 0.014313224001382518, 0.05724819290828569, 0.010593493313087272], [0.03982606186878668, 0.022825559008134044, 0.012948823179801791, 0.016687044899794577, 0.8917308181427167, 0.01598169290076625], [0.9088138819952465, 0.0362116761883136, 0.011821988249987515, 0.006872445810002725, 0.0312938411760619, 0.004986166580387803], [0.9359240652067884, 0.014463175003358178, 0.010387896726471698, 0.00952234023011452, 0.01455176389215885, 0.015150758941108457], [0.9306114415327899, 0.01637041658742506, 0.009894361311830233, 0.010512887461680885, 0.017255696061470805, 0.015355197044803202], [0.9187727701487766, 0.017881841662588313, 0.01060040085362326, 0.011368375583290248, 0.025806895558765783, 0.015569716192955774], [0.9321483844390777, 0.02337095419622202, 0.01484383924173646, 0.004988114958026104, 0.010030833571699718, 0.014617873593237971], [0.9301685296878808, 0.026499956472771424, 0.01499721669541657, 0.004989550806693787, 0.008596998977518198, 0.014747747359719189], [0.929637389562386, 0.022524235537729212, 0.014734913025644496, 0.004988082675460928, 0.013543458565382114, 0.01457192063339725], [0.9007767170906295, 0.032710306246457564, 0.02056049427684206, 0.004993454967418106, 0.020788541677654645, 0.02017048574099823], [0.0265319389274781, 0.025589526274598894, 0.019687315797309004, 0.00499095810997649, 0.9037771217870254, 0.019423139103612277], [0.9040550417282168, 0.030244857102069065, 0.020230773780496977, 0.004992267014226518, 0.020485703673150807, 0.01999135670183984], [0.9087018104460154, 0.029396251572843264, 0.019375575553984975, 0.004997905808264417, 0.018373858603743607, 0.019154598015148166], [0.9028750835792605, 0.03375867748051819, 0.019576100807312088, 0.005189289936742828, 0.019253212588988877, 0.01934763560717755], [0.04837933819548575, 0.041095060841865115, 0.021170775668703047, 0.011789637095813712, 0.8567474279485907, 0.02081776024954177], [0.899225028262029, 0.03061507430899548, 0.01951854061399076, 0.004998609174870436, 0.026337245343148373, 0.019305502296965857], [0.9081138738020412, 0.02975729428765693, 0.020166891072170363, 0.004992120021866091, 0.01701899