{"prediction": [[[0.9950248756218911, 0.0009950248756218911, 0.0009950248756218911, 0.0009950248756218911, 0.0009950248756218911, 0.0009950248756218911], [0.9950248756218911, 0.0009950248756218911, 0.0009950248756218911, 0.0009950248756218911, 0.0009950248756218911, 0.0009950248756218911], [0.9950248756218911, 0.0009950248756218911, 0.0009950248756218911, 0.0009950248756218911, 0.0009950248756218911, 0.0009950248756218911], [0.9950248756218911, 0.0009950248756218911, 0.0009950248756218911, 0.0009950248756218911, 0.0009950248756218911, 0.0009950248756218911], [0.9950248756218911, 0.0009950248756218911, 0.0009950248756218911, 0.0009950248756218911, 0.0009950248756218911, 0.0009950248756218911], [0.9950248756218911, 0.0009950248756218911, 0.0009950248756218911, 0.0009950248756218911, 0.0009950248756218911, 0.0009950248756218911], [0.9950248756218911, 0.0009950248756218911, 0.0009950248756218911, 0.0009950248756218911, 0.0009950248756218911, 0.0009950248756218911], [0.9950248756218911, 0.0009950248756218911, 0.0009950248756218911, 0.0009950248756218911, 0.0009950248756218911, 0.0009950248756218911], [0.9950248756218911, 0.0009950248756218911, 0.0009950248756218911, 0.0009950248756218911, 0.0009950248756218911, 0.0009950248756218911], [0.9950248756218911, 0.0009950248756218911, 0.0009950248756218911, 0.0009950248756218911, 0.0009950248756218911, 0.0009950248756218911], [0.9950248756218911, 0.0009950248756218911, 0.0009950248756218911, 0.0009950248756218911, 0.0009950248756218911, 0.0009950248756218911], [0.9950248756218911, 0.0009950248756218911, 0.0009950248756218911, 0.0009950248756218911, 0.0009950248756218911, 0.0009950248756218911], [0.9950248756218911, 0.0009950248756218911, 0.0009950248756218911, 0.0009950248756218911, 0.0009950248756218911, 0.0009950248756218911], [0.9950248756218911, 0.0009950248756218911, 0.0009950248756218911, 0.0009950248756218911, 0.0009950248756218911, 0.0009950248756218911], [0.9950248756218911, 0.0009950248756218911, 0.0009950248756218911, 0.0009950248756218911, 0.0009950248756218911, 0.0009950248756218911], [0.9950248756218911, 0.0009950248756218911, 0.0009950248756218911, 0.0009950248756218911, 0.0009950248756218911, 0.0009950248756218911], [0.9950248756218911, 0.0009950248756218911, 0.0009950248756218911, 0.0009950248756218911, 0.0009950248756218911, 0.0009950248756218911], [0.9950248756218911, 0.0009950248756218911, 0.0009950248756218911, 0.0009950248756218911, 0.0009950248756218911, 0.0009950248756218911], [0.9950248756218911, 0.0009950248756218911, 0.0009950248756218911, 0.0009950248756218911, 0.0009950248756218911, 0.0009950248756218911], [0.9950248756218911, 0.0009950248756218911, 0.0009950248756218911, 0.0009950248756218911, 0.0009950248756218911, 0.0009950248756218911], [0.9950248756218911, 0.0009950248756218911, 0.0009950248756218911, 0.0009950248756218911, 0.0009950248756218911, 0.0009950248756218911], [0.9950248756218911, 0.0009950248756218911, 0.0009950248756218911, 0.0009950248756218911, 0.0009950248756218911, 0.0009950248756218911], [0.9950248756218911, 0.0009950248756218911, 0.0009950248756218911, 0.0009950248756218911, 0.0009950248756218911, 0.0009950248756218911], [0.9950248756218911, 0.0009950248756218911, 0.0009950248756218911, 0.0009950248756218911, 0.0009950248756218911, 0.0009950248756218911], [0.9950248756218911, 0.0009950248756218911, 0.0009950248756218911, 0.0009950248756218911, 0.0009950248756218911, 0.0009950248756218911], [0.9950248756218911, 0.0009950248756218911, 0.0009950248756218911, 0.0009950248756218911, 0.0009950248756218911, 0.0009950248756218911], [0.9950248756218911, 0.0009950248756218911, 0.0009950248756218911, 0.0009950248756218911, 0.0009950248756218911, 0.0009950248756218911], [0.9950248756218911, 0.0009950248756218911, 0.0009950248756218911, 0.0009950248756218911, 0.0009950248756218911, 0.0009950248756218911], [0.9950248756218911, 0.0009950248756218911, 0.0009950248756218911, 0.0009950248756218911, 0.0009950248756218911, 0.0009950248756218911], [0.9950248756218911, 0.0009950248756218911, 0.0009950248756218911, 0.0009950248756218911, 0.0009950248756218911, 0.0009950248756218911], [0.9950248756218911, 0.0009950248756218911, 0.0009950248756218911, 0.0009950248756218911, 0.0009950248756218911, 0.0009950248756218911], [0.9950248756218911, 0.0009950248756218911, 0.0009950248756218911, 0.0009950248756218911, 0.0009950248756218911, 0.0009950248756218911], [0.9950248756218911, 0.0009950248756218911, 0.0009950248756218911, 0.0009950248756218911, 0.0009950248756218911, 0.0009950248756218911], [0.9950248756218911, 0.0009950248756218911, 0.0009950248756218911, 0.0009950248756218911, 0.0009950248756218911, 0.0009950248756218911], [0.9950248756218911, 0.0009950248756218911, 0.0009950248756218911, 0.0009950248756218911, 0.0009950248756218911, 0.0009950248756218911], [0.9950248756218911, 0.0009950248756218911, 0.0009950248756218911, 0.0009950248756218911, 0.0009950248756218911, 0.0009950248756218911], [0.9950248756218911, 0.0009950248756218911, 0.0009950248756218911, 0.0009950248756218911, 0.0009950248756218911, 0.0009950248756218911], [0.9950248756218911, 0.0009950248756218911, 0.0009950248756218911, 0.0009950248756218911, 0.0009950248756218911, 0.0009950248756218911], [0.9950248756218911, 0.0009950248756218911, 0.0009950248756218911, 0.0009950248756218911, 0.0009950248756218911, 0.0009950248756218911], [0.9950248756218911, 0.0009950248756218911, 0.0009950248756218911, 0.0009950248756218911, 0.0009950248756218911, 0.0009950248756218911]], [[0.9950248756218911, 0.0009950248756218911, 0.0009950248756218911, 0.0009950248756218911, 0.0009950248756218911, 0.0009950248756218911], [0.03278883861374924, 0.027314817464130885, 0.03334629109513937, 0.00809508470400599, 0.8968566875671242, 0.0015982805558502988], [0.9301082176022231, 0.02121232038400193, 0.011667016106798761, 0.0037051964137489583, 0.03110541099352385, 0.0022018384997034616], [0.9242640284358351, 0.0260345219122685, 0.013136803152535435, 0.0047110686542693615, 0.029663433210731324, 0.002190144634360299], [0.9213283072814381, 0.02703376818248054, 0.012755948252838814, 0.004824805080236531, 0.03187386557744855, 0.0021833056255575237], [0.8902919903971983, 0.04715524878044762, 0.0213889336109106, 0.007588462163118677, 0.03175243356278291, 0.0018229314855419006], [0.09511063958029235, 0.0258300648034486, 0.012564872295056711, 0.011451823660507812, 0.8530014845599267, 0.0020411151007677882], [0.8805586172004873, 0.05408790115456957, 0.029169322693301688, 0.007927655539393244, 0.02647892337591655, 0.001777580036331718], [0.25690133068917864, 0.02831342990509562, 0.013680933451500092, 0.0113774822877621, 0.6876636468724786, 0.002063176793984875], [0.9284362410271189, 0.027368937546053282, 0.01354619495381762, 0.004649600710873764, 0.024241225186815697, 0.0017578005753207996], [0.9279088805425005, 0.027355154427269806, 0.014082502887525744, 0.004640378214763215, 0.02425642868504091, 0.0017566552428997634], [0.8800644585569066, 0.05486104847890053, 0.030088876995077347, 0.007969879082587786, 0.02524542803431223, 0.0017703088522155364], [0.0657640003064265, 0.02759101569853487, 0.012138869600518817, 0.012261854751454986, 0.8801976515238408, 0.002046608119224121], [0.07348739568216554, 0.14439727114461393, 0.012599206548280237, 0.12725376821332063, 0.6401983963129887, 0.002063962098630863], [0.36048083485959637, 0.025524081142844896, 0.12680597707493188, 0.12502832713994566, 0.3606980106334996, 0.0014627691491815573], [0.24157222275175044, 0.10127353890986528, 0.20409257692236613, 0.032707493384442086, 0.41858792146178986, 0.0017662465697859966], [0.6874159874824064, 0.07880212769916249, 0.06481894418188264, 0.10525733689552465, 0.061327625447878155, 0.00237797829314569], [0.27089215318732174, 0.24369038551799813, 0.0618634388265415, 0.032876952277574194, 0.388916084844691, 0.0017609853458735304], [0.6694347931207909, 0.22858879478019412, 0.04969167577262944, 0.012097669968858497, 0.03816560539758314, 0.0020214609599437106], [0.6976527639593693, 0.0730876638604268, 0.18472524499068801, 0.010587233662078331, 0.03180312763948691, 0.0021439658879507046], [0.7974582735385192, 0.09485595809078834, 0.04595204656951512, 0.013290890446867305, 0.04560246482435909, 0.0028403665299511554], [0.09878131790017118, 0.046518672938383444, 0.02267867109638586, 0.018932037300597178, 0.8097582879771275, 0.0033310127873349207], [0.8191338127987139, 0.07926857938584884, 0.04041411017674433, 0.01335933293195784, 0.044896461077051406, 0.0029277036296837086], [0.8295265172970381, 0.0724630675672324, 0.039360756964791736, 0.012371436104115601, 0.04330375141493364, 0.0029744706518884238], [0.8231669595403676, 0.07701205826436411, 0.037170810653893674, 0.01241722485455526, 0.04729010766754385, 0.0029428390192755838], [0.054903499604111616, 0.03240952171235332, 0.012850727436677756, 0.01422143838248733, 0.8830465432654232, 0.0025682695989468715], [0.05524349218944316, 0.03246659115239071, 0.0125498424300962, 0.014249634215612055, 0.8829257477210254, 0.002564692291432356], [0.8629032166971503, 0.057730400666493945, 0.029710909055668422, 0.00938287639933371, 0.038027127881745226, 0.002245469299608411], [0.06123238394677088, 0.03078762530562611, 0.014121671314085803, 0.013685197915648087, 0.877618755121077, 0.002554366396792177], [0.9201430639062257, 0.026743100844328405, 0.012608797404672582, 0.004794344853625114, 0.0335215105380915, 0.0021891824530567267], [0.9232135636013555, 0.026267155415697338, 0.013676049576819052, 0.0047688258974382764, 0.029885938741201205, 0.0021884667674884352], [0.9269733528035013, 0.025350911045355744, 0.01340861377632421, 0.004604492680610322, 0.027472475768020203, 0.0021901539261882305], [0.9950248756218911, 0.0009950248756218911, 0.0009950248756218911, 0.0009950248756218911, 0.0009950248756218911, 0.0009950248756218911], [0.25825328210835874, 0.2051061794822986, 0.01727490844435816, 0.012551559164030807, 0.504738501492786, 0.0020755693081677775], [0.5415731950408667, 0.0724899786900678, 0.07636351715807638, 0.06897342208915969, 0.23820492059675705, 0.0023949664250725003], [0.5769699177989481, 0.07367877326435701, 0.21948962851304607, 0.06992036146373161, 0.057555648008312685, 0.0023856709516044583], [0.22257139936854028, 0.24565019579192118, 0.06106392538074278, 0.024628819340921784, 0.44431850051238125, 0.0017671596054926449], [0.4502991156888923, 0.033024415617782306, 0.01768636956921676, 0.013081987902332776, 0.48383446082228054, 0.0020736503994954873], [0.8572369886291147, 0.06401251255837231, 0.038081097734572605, 0.009418493319276274, 0.029048341505979396, 0.002202566252684714], [0.9950248756218911, 0.0009950248756218911, 0.0009950248756218911, 0.0009950248756218911, 0.0009950248756218911, 0.0009950248756218911]], [[0.9950248756218911, 0.0009950248756218911, 0.0009950248756218911, 0.0009950248756218911, 0.0009950248756218911, 0.0009950248756218911], [0.9313931585741225, 0.01331424627270421, 0.011628533449335239, 0.009161757236304495, 0.032228136435215556, 0.0022741680323179383], [0.9402810111875535, 0.03865126154223007, 0.0009990009990009992, 0.013033994886218479, 0.004327039155621087, 0.0027076922293759885], [0.9309237489351305, 0.04326809860415915, 0.000999000999000999, 0.01596134756433673, 0.006159826829541434, 0.002687977067831001], [0.04674557006832668, 0.05231589743417513, 0.000999000999000999, 0.012320168365100845, 0.8856507217410088, 0.001968641392387534], [0.017947060814806164, 0.05144979590843976, 0.0009990009990009992, 0.008181968587855637, 0.9194648150290873, 0.001957358660810139], [0.9262274782754941, 0.045870859278676374, 0.0009990009990009992, 0.006249334207830402, 0.018845384827938873, 0.0018079424110592124], [0.9099607592192216, 0.05993626180340327, 0.000999000999000999, 0.007769386585786462, 0.01956793817699875, 0.0017666532155887285], [0.798255957678414, 0.17293707245964268, 0.0009990009990009988, 0.008210814707318768, 0.017823641277927363, 0.0017735128776960052], [0.7936092058267309, 0.06400020012249209, 0.000999000999000999, 0.12392519573595254, 0.01570373449508559, 0.001762662820737754], [0.3146835725219481, 0.06288631303295947, 0.0009990009990009992, 0.12459317669271204, 0.494951508181646, 0.0018864285717334283], [0.7968255773630594, 0.17412472488960629, 0.0009990009990009992, 0.008288751531425822, 0.017992038597803732, 0.0017699066191038033], [0.8089492827512326, 0.16273264002134036, 0.0009990009990009992, 0.0064364833168139715, 0.019078998707342382, 0.0018035942042697896], [0.04259456283428838, 0.060602943998617154, 0.000999000999000999, 0.009719187655084742, 0.8841323020586158, 0.0019520024543927443], [0.66448525940443, 0.3032164573888204, 0.000999000999000999, 0.009819146696082894, 0.019744697098602854, 0.001735438413062757], [0.6115897647719473, 0.28750592993715673, 0.000999000999000999, 0.053202811766245105, 0.044385978933626904, 0.0023165135920229585], [0.22319578402955803, 0.40758248024882904, 0.0009990009990009992, 0.2126908924068865, 0.1536574558121325, 0.0018743865035929317], [0.3764138780196093, 0.13000793694294985, 0.000999000999000999, 0.18769470599873084, 0.3023603243976325, 0.0025241536420764223], [0.6354780473112124, 0.28757550791947795, 0.0009990009990009992, 0.028083253614864363, 0.04535847550732525, 0.0025057146481191695], [0.16047846753204165, 0.24048708298775673, 0.000999000999000999, 0.013764803947756988, 0.5819575884421965, 0.0023130560912471656], [0.18345288618992356, 0.11519339801198747, 0.0009990009990009992, 0.01667622877275219, 0.6806051391325348, 0.003073346893801017], [0.8507551167555847, 0.09937057145595642, 0.0009990009990009992, 0.0130272522784818, 0.03298096696088539, 0.0028670915500907937], [0.8872572686987028, 0.07380984160510175, 0.0009990009990009992, 0.010403936438977385, 0.024585733441355586, 0.0029442188168615283], [0.028091091097963653, 0.08294742133040336, 0.0009990009990009992, 0.013247446141001559, 0.8715304566300847, 0.0031845838015458197], [0.8921815158161688, 0.06431959411271759, 0.0009990009990009992, 0.009713361397085049, 0.029826130794903115, 0.0029603968801246495], [0.016707728060794482, 0.06509684908492938, 0.0009990009990009992, 0.01050696760008838, 0.9042663130534359, 0.0024231412017510293], [0.01881596609101834, 0.06506205395068645, 0.000999000999000999, 0.010513495578391534, 0.9021901695762409, 0.0024193138046616665], [0.9186650380502459, 0.04894264360192585, 0.0009990009990009992, 0.007361297246962666, 0.021776371392631916, 0.0022556487092326534], [0.918740454911967, 0.047315017558560976, 0.000999000999000999, 0.007249204493188189, 0.02343557576963528, 0.002260746267647531], [0.02065413400061295, 0.06286781959631173, 0.000999000999000999, 0.010069763712224358, 0.9029807466030333, 0.0024285350888165833], [0.9282451065457727, 0.04525182338532357, 0.0009990009990009992, 0.016395695441610063, 0.0064265616704117096, 0.0026818119578810263], [0.9209280654266699, 0.03139562577016873, 0.015994052941899976, 0.004822726485132118, 0.024659436035709914, 0.002200093340419426], [0.9141353378956445, 0.03393850923220609, 0.01627445719148802, 0.005168381869390155, 0.028314932407391663, 0.0021683814038795557], [0.9950248756218911, 0.0009950248756218911, 0.0009950248756218911, 0.0009950248756218911, 0.0009950248756218911, 0.0009950248756218911], [0.6226212242668979, 0.07573188099685127, 0.20955383658712703, 0.038568204012943946, 0.05112856885756353, 0.0023962852786163467], [0.21707981971708062, 0.2646549593821457, 0.0009990009990009992, 0.2802681604185838, 0.23493200042458912, 0.002066059058599907], [0.42609674084332444, 0.1548220063295481, 0.000999000999000999, 0.024078632641889124, 0.39153850825877845, 0.0024651109274588415], [0.737042277768788, 0.2280610998191562, 0.0009990009990009992, 0.01081038329076841, 0.02092032056966655, 0.00216691755261991], [0.7131202368897125, 0.20783886974114826, 0.03897671040115162, 0.009559911221550454, 0.02830294707638828, 0.0022013246700489826], [0.9950248756218911, 0.0009950248756218911, 0.0009950248756218911, 0.0009950248756218911, 0.0009950248756218911, 0.0009950248756218911]], [[0.9950248756218911, 0.0009950248756218911, 0.0009950248756218911, 0.0009950248756218911, 0.0009950248756218911, 0.0009950248756218911], [0.9341120203731371, 0.013819695806946381, 0.011551798305666912, 0.009506714516177366, 0.02872892352617319, 0.0022808474718990506], [0.9419279494022245, 0.0372570578822651, 0.000999000999000999, 0.013021115519557638, 0.004086376696327438, 0.0027084995006243315], [0.9332466982494023, 0.04248622993795065, 0.000999000999000999, 0.016255684650966305, 0.004317860808805735, 0.0026945253538739247], [0.9300015919744561, 0.043504191540203664, 0.0009990009990009992, 0.01652600685035992, 0.006283111988524979, 0.0026860966474544306], [0.9384168121145374, 0.03600721025532774, 0.0009990009990009992, 0.005920381453891308, 0.01682244897307437, 0.0018341462041682722], [0.9283962558367307, 0.04513814242813046, 0.0009990009990009992, 0.006337504597414416, 0.017321723183178813, 0.0018073729555447614], [0.29442832708529265, 0.06363739803065405, 0.000999000999000999, 0.009674190483221996, 0.6293825600284616, 0.0018785233733685733], [0.6948783412316035, 0.12896429062027798, 0.000999000999000999, 0.12432036532411556, 0.04894432686767533, 0.0018936749573264975], [0.5600140454659157, 0.22934112957009084, 0.000999000999000999, 0.06233926802041581, 0.1454021154502272, 0.0019044404943493586], [0.7819319624656711, 0.11545037987359542, 0.0009990009990009992, 0.06558820029620645, 0.03412117652216728, 0.00190927984335888], [0.9131959184135832, 0.057877390452830406, 0.0009990009990009992, 0.007988600192733812, 0.018168029047766897, 0.0017710608940848078], [0.9253857111532635, 0.04745448365072029, 0.000999000999000999, 0.007405913845167865, 0.016951666172866003, 0.0018032241789813315], [0.03328747232987997, 0.1725480690750245, 0.0009990009990009992, 0.12380203785465327, 0.6674114148312619, 0.0019520049101794232], [0.7920352758685273, 0.060188404642378096, 0.0009990009990009992, 0.008673251645538248, 0.13633102348705975, 0.00177304335749567], [0.6456295356993061, 0.2709673865308516, 0.0009990009990009992, 0.04378854000302729, 0.034681696564638556, 0.0039338402031754895], [0.7960328711235077, 0.12947734841243524, 0.000999000999000999, 0.035173019847031264, 0.03438474422524656, 0.003933015392778118], [0.39349173253098974, 0.11745260599466467, 0.000999000999000999, 0.1731405868936141, 0.31100260262742535, 0.0039134709543050955], [0.5556669048215266, 0.2798562836044981, 0.0009990009990009992, 0.10868555054411656, 0.05225078320351053, 0.0025414768273472796], [0.6118622038779207, 0.1425048908973145, 0.000999000999000999, 0.20466433772817555, 0.037448010303707285, 0.0025215561938810326], [0.25167890614268945, 0.19937910314229843, 0.0009990009990009992, 0.051837368789937006, 0.49257575026774636, 0.0035298706583278597], [0.8537740100846621, 0.09801742892466841, 0.000999000999000999, 0.013557297077484329, 0.030779735501184645, 0.002872527412999246], [0.8777512704178914, 0.08070908960237173, 0.000999000999000999, 0.011612739091745794, 0.026010162399659045, 0.0029177374893309773], [0.8853815756317521, 0.07421062771694335, 0.0009990009990009992, 0.010722377529643095, 0.025746717688331262, 0.0029397004343292444], [0.8797893649349929, 0.07752380814324021, 0.0009990009990009992, 0.010794887100517167, 0.02796759774268361, 0.0029253410795651805], [0.02605061103761366, 0.07036208760139025, 0.0009990009990009992, 0.011251978534423137, 0.888937390404973, 0.002398931422599062], [0.9154511488980834, 0.04930473032640778, 0.0009990009990009992, 0.007644047763030439, 0.024347957984221607, 0.0022531140292557446], [0.9210957932550715, 0.047970745731211135, 0.000999000999000999, 0.0075708110019188524, 0.02010380033281321, 0.002259848679984249], [0.9196293171655175, 0.047320569216070474, 0.000999000999000999, 0.007434454473400006, 0.02235890452345722, 0.0022577536225537906], [0.023187322127992245, 0.062392972457302194, 0.000999000999000999, 0.010315068210372725, 0.900680971796003, 0.0024246644093287597], [0.9226988698800782, 0.04609310207461729, 0.0009990009990009992, 0.0074770393338743895, 0.020466907529115605, 0.0022650801833136746], [0.9275250250317156, 0.04470078190899564, 0.0009990009990009992, 0.007243290421708344, 0.017263130349328568, 0.002268771289250986], [0.8490642720649727, 0.07914839992075431, 0.02814359097173406, 0.011287147522537897, 0.030192967245802796, 0.002163622274198298], [0.9950248756218911, 0.0009950248756218911, 0.0009950248756218911, 0.0009950248756218911, 0.0009950248756218911, 0.0009950248756218911], [0.6599758176195702, 0.2250862959432733, 0.04557073351282896, 0.020870837405379497, 0.04603839092801036, 0.002457924590937771], [0.4647383557248545, 0.15010117000021456, 0.0009990009990009992, 0.026353378414375597, 0.35525998528684216, 0.0025481095747122515], [0.3200135348522995, 0.28102802449304165, 0.000999000999000999, 0.020604743607221587, 0.37491532737935335, 0.0024393686690827904], [0.20740064222914972, 0.23062707298586127, 0.000999000999000999, 0.012619468363869766, 0.5460393224286758, 0.002314492993442398], [0.6942002837886337, 0.07505720016281568, 0.18219862451499405, 0.01045520758655246, 0.03595585052456103, 0.002132833422443024], [0.9950248756218911, 0.0009950248756218911, 0.0009950248756218911, 0.0009950248756218911, 0.0009950248756218911, 0.0009950248756218911]], [[0.9950248756218911, 0.0009950248756218911, 0.0009950248756218911, 0.0009950248756218911, 0.0009950248756218911, 0.0009950248756218911], [0.9338962076131062, 0.014080706517361838, 0.011267864356776779, 0.00957673601003421, 0.028898864497898854, 0.0022796210048220506], [0.8868282286816098, 0.0669974633510276, 0.0009990009990009992, 0.014099148022885902, 0.028614376038485656, 0.0024617829069901484], [0.9350558847512621, 0.04119817380327197, 0.0009990009990009992, 0.015948471479643483, 0.004105231618053469, 0.0026932373487679466], [0.9341280487912619, 0.04183969156339582, 0.000999000999000999, 0.01614762940004868, 0.004197182202920361, 0.0026884470433722295], [0.9405368933182653, 0.03857156705644051, 0.000999000999000999, 0.005788250818425581, 0.012269623818509448, 0.0018346639893580033], [0.9310576404527567, 0.043872581050213307, 0.0009990009990009992, 0.006341174961207328, 0.015917109894657274, 0.0018124926421644375], [0.28426200071987956, 0.06778503667268819, 0.000999000999000999, 0.009649333679206992, 0.6354358686566068, 0.0018687592726174451], [0.39980792743509724, 0.11676693703434096, 0.0009990009990009992, 0.022374330141259755, 0.4581452784669368, 0.0019065259233643464], [0.2911567940902113, 0.3264541292385564, 0.000999000999000999, 0.25424348700674526, 0.12540094786306283, 0.001745640802423117], [0.8330485252284218, 0.11113553506193832, 0.000999000999000999, 0.02640650845393905, 0.026501353686858506, 0.0019090765698413714], [0.7946080658978892, 0.06309456726652975, 0.0009990009990009992, 0.009278411574511177, 0.13025961170278275, 0.0017603425592862194], [0.8136974120759863, 0.045134794957807436, 0.000999000999000999, 0.12142983358714542, 0.01693032622875907, 0.0018086321513006284], [0.03991282278297387, 0.05683342380124467, 0.000999000999000999, 0.009620229838604376, 0.8906793960861956, 0.0019551264919803785], [0.9100609188546187, 0.05618409716384342, 0.0009990009990009992, 0.008124133938591575, 0.021517843915471246, 0.0031140051284742017], [0.0009950248756218907, 0.0009950248756218907, 0.0009950248756218907, 0.0009950248756218907, 0.0009950248756218907, 0.9950248756218907], [0.0009950248756218907, 0.0009950248756218907, 0.0009950248756218907, 0.0009950248756218907, 0.0009950248756218907, 0.9950248756218907], [0.0009950248756218907, 0.0009950248756218907, 0.0009950248756218907, 0.0009950248756218907, 0.0009950248756218907, 0.9950248756218907], [0.35693222061534063, 0.26574352027121206, 0.0009990009990009992, 0.05674293013506993, 0.3156680939839246, 0.003914233995451961], [0.4689967841223504, 0.18629792425187197, 0.0009990009990009992, 0.20229430703352777, 0.13944691154540123, 0.0019650720478476577], [0.7087837373392877, 0.1826021817366988, 0.000999000999000999, 0.05643497117380108, 0.047847334427096086, 0.0033327743241153315], [0.7312635275612857, 0.17359458447372164, 0.0009990009990009992, 0.035900409916134364, 0.05484341098311691, 0.003399066066740485], [0.851901659405315, 0.10349359581093182, 0.0009990009990009992, 0.01470743470547083, 0.026037661497316053, 0.002860647581965238], [0.8565127256869123, 0.09576836104354439, 0.0009990009990009992, 0.013328502038126157, 0.030516594519952676, 0.0028748157124636646], [0.8501747883229283, 0.09974457874242046, 0.000999000999000999, 0.013346564740314029, 0.03287605550829583, 0.002859011687040391], [0.03522894656068951, 0.2147633700859717, 0.0009990009990009992, 0.011149894497849719, 0.7354425762158852, 0.0024162116406029697], [0.9157311116705524, 0.049971655416196484, 0.000999000999000999, 0.007648075812789286, 0.023396214249463358, 0.0022539418519973604], [0.024492217077120626, 0.21129085731829117, 0.000999000999000999, 0.010536486911047227, 0.7502534706520974, 0.002427967042442537], [0.9188646270082738, 0.04850384648293474, 0.000999000999000999, 0.007471448883258414, 0.021903747418981684, 0.002257329207550342], [0.9218995792091184, 0.04516202763651989, 0.0009990009990009992, 0.007365789432119464, 0.022306809774172598, 0.0022667929490688015], [0.9208519171584093, 0.04775162070204499, 0.000999000999000999, 0.007500825438987124, 0.020641125567768252, 0.0022555101337893174], [0.9216440383141057, 0.047024708801602914, 0.0009990009990009992, 0.007511669772978729, 0.020559271761484133, 0.0022613103508277877], [0.8429547918880522, 0.08303971992261615, 0.02628839309874117, 0.011607180841872154, 0.03395760618218361, 0.002152308066534634], [0.7108079041890449, 0.051495098224904494, 0.18611682822503464, 0.011389978327914814, 0.03882181130314339, 0.0013683797299576825], [0.5627812979034453, 0.06333571053147763, 0.029030858783372797, 0.011952688003196633, 0.33148042367685404, 0.001419021101653498], [0.6426354407489023, 0.1384310430198274, 0.000999000999000999, 0.027329603746141372, 0.18807401899426412, 0.00253089249186385], [0.7902690014509501, 0.12759020725879378, 0.000999000999000999, 0.025565804924805875, 0.052993916325420914, 0.0025820690410281715], [0.3900454756128987, 0.2197037678873847, 0.000999000999000999, 0.006353852098185635, 0.38057124553646055, 0.0023266578660693354], [0.07366821017520629, 0.0378857545931017, 0.017381575498511877, 0.015109021850063565, 0.8534246123949597, 0.0025308254881568214], [0.9950248756218911, 0.0009950248756218911, 0.0009950248756218911, 0.0009950248756218911, 0.0009950248756218911, 0.0009950248756218911]], [[0.9950248756218911, 0.0009950248756218911, 0.0009950248756218911, 0.0009950248756218911, 0.0009950248756218911, 0.0009950248756218911], [0.9337869731059242, 0.014001165150184403, 0.011540457160007381, 0.009515956229809277, 0.028875992776374874, 0.0022794555776998993], [0.8949421694286672, 0.06062239511117731, 0.0009990009990009992, 0.01186924211465087, 0.029066843684763068, 0.0025003486617406687], [0.9352758655600085, 0.04097083013468267, 0.000999000999000999, 0.015857472972143596, 0.004203736648830101, 0.0026930936853340544], [0.8814241261478084, 0.06861908693507082, 0.000999000999000999, 0.014715977224930324, 0.0318032917224802, 0.0024385169707092516], [0.9366318537624078, 0.0390814114454061, 0.000999000999000999, 0.014807177210938112, 0.006065455066229956, 0.002415101516016975], [0.9333163050444713, 0.04337193256138549, 0.000999000999000999, 0.006338406797083033, 0.014158836460733418, 0.001815518137325786], [0.9095387959297213, 0.05874288729805969, 0.0009990009990009992, 0.00792739500105342, 0.02102395556844593, 0.0017679652037187583], [0.7391713654788482, 0.2185960994692319, 0.000999000999000999, 0.012415675556955549, 0.02692156956205243, 0.0018962889339107928], [0.7400852190961875, 0.1035606825854941, 0.0009990009990009992, 0.12803941638538152, 0.025424624378965973, 0.0018910565549700295], [0.3851142793833407, 0.10865187519314574, 0.000999000999000999, 0.016558178031541516, 0.486723090056689, 0.00195357633628199], [0.795106019638222, 0.17273293410266977, 0.0009990009990009992, 0.008071970552665323, 0.021319646654748878, 0.0017704280526930263], [0.9304150432445258, 0.0452681796665352, 0.0009990009990009992, 0.006940972734202007, 0.014568080888116649, 0.0018087224676193523], [0.9300166412752814, 0.04451416888416343, 0.0009990009990009992, 0.006446513629459182, 0.01621284749537981, 0.0018108277167152064], [0.9374328553634752, 0.04019882628344269, 0.0009990009990009992, 0.014123168475212876, 0.005394097478449242, 0.001852051400419129], [0.7435638059996651, 0.07637268332773349, 0.000999000999000999, 0.15339779818319849, 0.020794432882206438, 0.004872278608195534], [0.7792991314921583, 0.1143620740347063, 0.0009990009990009992, 0.06263785460062533, 0.0376049868785646, 0.005096951994944467], [0.3702681514971004, 0.2547591270937798, 0.0009990009990009992, 0.18030263154550916, 0.18903658799016076, 0.004634500874449024], [0.2888002797216242, 0.12860975191784502, 0.000999000999000999, 0.03415513414566032, 0.5447267235056872, 0.0027091097101822757], [0.2813786552987748, 0.27286172543584364, 0.000999000999000999, 0.03276538291341909, 0.40928484536612736, 0.0027103899868339497], [0.388188099481235, 0.16364053108177443, 0.000999000999000999, 0.04113777028693947, 0.40256885754893107, 0.003465740602118938], [0.6424987149350874, 0.18757270067333032, 0.000999000999000999, 0.0956376206354532, 0.06991965875451094, 0.0033723040026170333], [0.7218176325714362, 0.16072856513806189, 0.000999000999000999, 0.057346138074484986, 0.05599315629554388, 0.0031155069214719774], [0.3077087720230063, 0.1850796761376305, 0.0009990009990009992, 0.03962180098861593, 0.4632072658736463, 0.003383483978100059], [0.848572354121004, 0.0996409548784427, 0.000999000999000999, 0.013463431628467061, 0.034464165458344166, 0.00286009291474107], [0.07430857595310068, 0.0765245482496509, 0.000999000999000999, 0.011612112954236682, 0.8341534996323648, 0.002402262211645818], [0.9075728863555482, 0.0591123614450186, 0.0009990009990009992, 0.008227356261904139, 0.02185790447525686, 0.0022304904632712117], [0.7690781070581205, 0.2003274964890895, 0.0009990009990009992, 0.008083397805306671, 0.01927268837934086, 0.0022393092691414124], [0.7673025855485235, 0.1994041260106279, 0.0009990009990009992, 0.00798701561402293, 0.022070779614571996, 0.0022364922132526973], [0.0411988642713086, 0.07013750706311324, 0.000999000999000999, 0.01077759976297269, 0.8744642595118493, 0.002422768391755105], [0.9110000045434123, 0.05237657378678503, 0.0009990009990009992, 0.008082075041481947, 0.025299141801170568, 0.002243203828149144], [0.023568116472992968, 0.06486584499820319, 0.000999000999000999, 0.010525482207135327, 0.8976245238993478, 0.0024170314233197274], [0.05771580221952011, 0.21635678118475554, 0.0009990009990009992, 0.011414450754268238, 0.7111089622247924, 0.0024050026176628304], [0.8819189390146865, 0.07732643534419174, 0.0009990009990009992, 0.010292745449022025, 0.027286974560294573, 0.002175904632804222], [0.7436864372974274, 0.13367255424165933, 0.0009990009990009992, 0.07800757958038457, 0.04129447448708728, 0.0023399533944403537], [0.7821569652519488, 0.1297384588275248, 0.000999000999000999, 0.049185333262199, 0.035572361986888186, 0.0023478796724382286], [0.6529769346260654, 0.1266883207560967, 0.0009990009990009992, 0.18098734451600612, 0.03599434398336082, 0.0023540551194700696], [0.8769280352005527, 0.08231333185099744, 0.0009990009990009992, 0.011030484966994294, 0.02656353834819275, 0.0021656086342617072], [0.8380703211082186, 0.0750014485398098, 0.039004740702137, 0.010583369383590403, 0.035210195336190256, 0.002129924930053882], [0.9950248756218911, 0.0009950248756218911, 0.0009950248756218911, 0.0009950248756218911, 0.0009950248756218911, 0.0009950248756218911]], [[0.9950248756218911, 0.0009950248756218911, 0.0009950248756218911, 0.0009950248756218911, 0.0009950248756218911, 0.0009950248756218911], [0.9287050985195279, 0.022199461049345268, 0.011484110567247338, 0.003864690199762716, 0.031545583304334116, 0.002201056359782685], [0.9397899594732576, 0.038769158582109234, 0.000999000999000999, 0.013328862801367638, 0.004404546372934534, 0.002708471771329851], [0.9354652694654867, 0.040924460031757336, 0.0009990009990009992, 0.01582564427348926, 0.00409185122289279, 0.002693774007373059], [0.8795020811470813, 0.06860265125480937, 0.0009990009990009992, 0.0146612680676834, 0.03379968462371536, 0.0024353139077095756], [0.04333237860568026, 0.04105459622878138, 0.0009990009990009992, 0.01008539232939264, 0.9029395843133986, 0.0015890475237462056], [0.9314210430058321, 0.04297619654017324, 0.000999000999000999, 0.006277767613059511, 0.016512577150314095, 0.0018134146916200461], [0.7988098408743091, 0.05648947071972234, 0.000999000999000999, 0.007866970869147625, 0.13406109390481358, 0.0017736226330064611], [0.24641702455716497, 0.06410631424211809, 0.000999000999000999, 0.010136877882700535, 0.6764590125715858, 0.0018817697474295934], [0.786804754057184, 0.06638885289245047, 0.0009990009990009992, 0.12426189585976923, 0.019792671084393473, 0.001752825107201839], [0.7902275369912358, 0.1761985249839508, 0.0009990009990009992, 0.008619823645631396, 0.022193985463426675, 0.0017611279167544277], [0.2809674717366529, 0.06615542788763341, 0.000999000999000999, 0.009874127422448507, 0.6401365867638202, 0.0018673851904440718], [0.9286314077007213, 0.04563481065472536, 0.0009990009990009992, 0.006570651675308598, 0.01635715310915022, 0.001806975861093619], [0.9359405485422996, 0.038043329386609225, 0.0009990009990009992, 0.006083490923040875, 0.01710858772087811, 0.0018250424281711886], [0.027631693974815148, 0.05610201792517018, 0.000999000999000999, 0.00881001080687217, 0.9031549295015773, 0.003302346792564238], [0.0009950248756218907, 0.0009950248756218907, 0.0009950248756218907, 0.0009950248756218907, 0.0009950248756218907, 0.9950248756218907], [0.0009950248756218907, 0.0009950248756218907, 0.0009950248756218907, 0.0009950248756218907, 0.0009950248756218907, 0.9950248756218907], [0.0009950248756218907, 0.0009950248756218907, 0.0009950248756218907, 0.0009950248756218907, 0.0009950248756218907, 0.9950248756218907], [0.7765662651148653, 0.1358561418128889, 0.000999000999000999, 0.038201169878184206, 0.044496817948057876, 0.0038806042470027283], [0.39851718453533674, 0.22502416630929326, 0.000999000999000999, 0.007543502818242936, 0.3655249713668915, 0.0023911739712344925], [0.7209288464162058, 0.17711840142994073, 0.0009990009990009994, 0.035960640588263246, 0.06164268942216279, 0.0033504211444265624], [0.705713213483353, 0.17897033823759992, 0.0009990009990009992, 0.058742782747330045, 0.05221669058966774, 0.0033579739430482877], [0.3299001932573465, 0.261531513767293, 0.000999000999000999, 0.21100407596504783, 0.19435013477806307, 0.002215081233248553], [0.7566057225626069, 0.16705524701727856, 0.0009990009990009992, 0.023870864150968434, 0.0483689254438776, 0.0031002398262675018], [0.8430771239108995, 0.10941158928812782, 0.000999000999000999, 0.01481524072206741, 0.028857076772882857, 0.0028399683070212916], [0.23873244484267936, 0.22804199266048908, 0.000999000999000999, 0.012928278094145176, 0.5169714936909918, 0.0023267897126935675], [0.8853848062010792, 0.07561748212189486, 0.0009990009990009992, 0.01010252309836709, 0.02571357311893845, 0.0021826144607194915], [0.7444123019743492, 0.22197979991993036, 0.000999000999000999, 0.010997700069571044, 0.019434162336493546, 0.0021770347006548492], [0.7444444211960598, 0.07439452433407087, 0.000999000999000999, 0.009926563585540678, 0.16804623379597658, 0.0021892560893509304], [0.23564303342207302, 0.08088976495298908, 0.0009990009990009992, 0.012154334454960756, 0.6679828248022622, 0.0023310413687140197], [0.909449691414874, 0.057832321483642764, 0.0009990009990009992, 0.008104409087514227, 0.02138176255979034, 0.002232814455177787], [0.9180719655105176, 0.05208545696283142, 0.0009990009990009992, 0.007586740972810643, 0.019004924116592607, 0.0022519114382468304], [0.9068519475059534, 0.058795542600466565, 0.0009990009990009992, 0.008182766250792372, 0.02293852360518596, 0.0022322190386007148], [0.16829267185680225, 0.08684985014647761, 0.0009990009990009992, 0.012345232763568036, 0.7291675083736239, 0.002345735860527244], [0.22707516399419558, 0.14816402846710444, 0.0009990009990009992, 0.028121624792831635, 0.5929595909488414, 0.002680590798025932], [0.3075899345444194, 0.12600635900643423, 0.0009990009990009992, 0.09062765181089297, 0.47259273205456626, 0.002184321584686177], [0.6740540536702373, 0.26979218686479545, 0.0009990009990009992, 0.019493363958735636, 0.03330417130127059, 0.002357223205960025], [0.16288116966290442, 0.08663486197040748, 0.0009990009990009992, 0.011812671648616681, 0.7353255684931154, 0.002346727225955225], [0.8505382971942876, 0.06785783413952226, 0.03873098334327385, 0.009879985792155124, 0.030806386672766927, 0.0021865128579942024], [0.9950248756218911, 0.0009950248756218911, 0.0009950248756218911, 0.0009950248756218911, 0.0009950248756218911, 0.0009950248756218911]], [[0.9950248756218911, 0.0009950248756218911, 0.0009950248756218911, 0.0009950248756218911, 0.0009950248756218911, 0.0009950248756218911], [0.021104404247187524, 0.05323190234209019, 0.01168793255909266, 0.011352611563218018, 0.9004507154250171, 0.0021724338633945395], [0.9308542661980476, 0.04333469179056265, 0.000999000999000999, 0.01599982270519123, 0.006121636348305528, 0.0026905819588919594], [0.9354349768258277, 0.040944243838413545, 0.000999000999000999, 0.015836612958058067, 0.0040914657517639366, 0.002693699626935709], [0.8814466163556773, 0.06858970523322802, 0.0009990009990009992, 0.014679191411608124, 0.031846915140430504, 0.002438570860054983], [0.9370248776078992, 0.03875910888715945, 0.0009990009990009992, 0.014768503915935097, 0.006030435402623502, 0.0024180731873818598], [0.9364425885040568, 0.03874672580152824, 0.000999000999000999, 0.006310593794097095, 0.015677517896247436, 0.0018235730050693317], [0.9322237501462157, 0.04383876026865114, 0.000999000999000999, 0.006366014275868191, 0.014760683662595489, 0.0018117906476682968], [0.9227894796132834, 0.04680460734889892, 0.0009990009990009992, 0.00652731182830835, 0.02107479513920373, 0.0018048050713045836], [0.01926722562751094, 0.1746717655195019, 0.0009990009990009992, 0.009496714628233137, 0.7936206191739821, 0.0019446740517710293], [0.8070947514182598, 0.16400962906264707, 0.0009990009990009992, 0.006679400231415731, 0.019417757219747582, 0.0017994610689288522], [0.018211334925624028, 0.0600755676763825, 0.000999000999000999, 0.009119793790924256, 0.9096509163640445, 0.0019433862440236167], [0.9242595412348996, 0.04470439220996606, 0.000999000999000999, 0.006751470873891859, 0.021481123533502997, 0.001804471148738416], [0.9326293680592926, 0.039159401367837805, 0.000999000999000999, 0.006213402236357669, 0.019174173501796447, 0.001824653835714394], [0.9281269766213437, 0.04259724202171235, 0.000999000999000999, 0.006371851138732469, 0.01721026173813932, 0.00469466748107098], [0.0009950248756218907, 0.0009950248756218907, 0.0009950248756218907, 0.0009950248756218907, 0.0009950248756218907, 0.9950248756218907], [0.0009950248756218907, 0.0009950248756218907, 0.0009950248756218907, 0.0009950248756218907, 0.0009950248756218907, 0.9950248756218907], [0.8826103575917148, 0.07778263591806421, 0.000999000999000999, 0.011174399882781632, 0.022568907118862665, 0.004864698489575511], [0.30980526597559027, 0.07572657709420937, 0.0009990009990009992, 0.007395010635013049, 0.6035500826168806, 0.0025240626793057346], [0.568675433352418, 0.1408225383407159, 0.0009990009990009992, 0.24165955147897325, 0.04530242714950065, 0.0025410486793913576], [0.7077048051333907, 0.17671541839831342, 0.0009990009990009992, 0.06891584029783186, 0.042306468033289656, 0.0033584671381734136], [0.7260569702219769, 0.17594193947991119, 0.0009990009990009992, 0.05266196699945388, 0.04096841953742693, 0.0033717027622301244], [0.7379480330979721, 0.17280359346674296, 0.0009