{"prediction": [[[0.8606793258795561, 0.04099788411790582, 0.03954683217191115, 0.010820364048688873, 0.03795560750105994, 0.009999986280878108], [0.8537411534050848, 0.043012678797730915, 0.0421971332773335, 0.011092870475791439, 0.03995617776318117, 0.00999998628087822], [0.8371862016436483, 0.04892071142581321, 0.04752901887014032, 0.011721884760718858, 0.04464219701880104, 0.009999986280878325], [0.8379734124737068, 0.05056116220221225, 0.04444857218960564, 0.011870025521649018, 0.045146841331948094, 0.009999986280878325], [0.8374836883605695, 0.05015183202638911, 0.04562354060295401, 0.011849213785297309, 0.044891738943911706, 0.009999986280878323], [0.8494124961918934, 0.05101636089119238, 0.034446115762692874, 0.011904221304180486, 0.04322081956916272, 0.009999986280878245], [0.8504920819675679, 0.05167626823501066, 0.03246259791126882, 0.011947352347668881, 0.04342171325760569, 0.009999986280878224], [0.8623104081181646, 0.04752595917037069, 0.02741810364106706, 0.011478629761528069, 0.04126691302799145, 0.009999986280878132], [0.8623104081181646, 0.04752595917037069, 0.02741810364106706, 0.011478629761528069, 0.04126691302799145, 0.009999986280878132], [0.863336367520485, 0.04797784516037086, 0.02558418361444972, 0.011515177782912882, 0.04158643964090352, 0.009999986280878111], [0.8633213544593297, 0.046957753669369336, 0.027284444625275777, 0.011418336183502624, 0.04101812478164463, 0.009999986280878125], [0.8608465953563977, 0.04615906494521864, 0.030736648103560842, 0.011358363102117979, 0.04089934221182665, 0.009999986280878158], [0.8535868439102746, 0.04468300005572032, 0.03993728493893321, 0.01123723356476846, 0.04055565124942527, 0.009999986280878235], [0.8536128685921524, 0.043178550204252715, 0.04165212189265759, 0.011107960522960118, 0.04044851250709894, 0.009999986280878224], [0.8536128191967758, 0.04274936990193186, 0.041990695461958924, 0.011081595245999139, 0.04056553391245608, 0.009999986280878224], [0.8629108665144722, 0.039130082496947306, 0.038572045221300096, 0.010685654986610747, 0.03870136449979164, 0.009999986280878103], [0.8560902581637437, 0.04092262126813113, 0.04053332750437112, 0.01091359967291092, 0.04154020710996505, 0.009999986280878184], [0.8565231577504008, 0.04106786837602684, 0.04017859641523325, 0.010907560019388097, 0.041322831158072955, 0.009999986280878184], [0.8558755229242401, 0.0420871937344912, 0.03991790509141715, 0.010990228143166862, 0.04112916382580656, 0.009999986280878198], [0.8607895303531136, 0.041567807835498925, 0.038187105891757056, 0.010907491917254456, 0.03854807772149782, 0.00999998628087815], [0.8616058942952274, 0.04231763887754435, 0.03645265054015093, 0.010974229262491052, 0.03864960074370807, 0.009999986280878144], [0.8651774323520358, 0.04368594038292804, 0.030772597958606915, 0.011108022533302543, 0.03925602049224871, 0.00999998628087811], [0.8662241687639921, 0.04425011624175696, 0.029193349828523854, 0.0111489377368442, 0.039183441148004795, 0.009999986280878096], [0.8632108185257581, 0.04523719691809349, 0.02843679285578362, 0.011268226605521035, 0.041846978813965714, 0.009999986280878134], [0.8630188086177679, 0.04511044827622299, 0.028837346421932634, 0.011254720777532028, 0.04177868962566636, 0.009999986280878134], [0.8645872515287629, 0.046636962813841575, 0.025917174560817234, 0.011334740306024028, 0.04152388450967621, 0.009999986280878103], [0.8627488681780613, 0.045851331794309697, 0.027767605958506685, 0.011330004757619763, 0.04230220303062455, 0.009999986280878136], [0.8640077441957613, 0.04538384558269951, 0.027233814219731912, 0.011278626405475679, 0.04209598331545352, 0.009999986280878118], [0.8684246786589902, 0.043400186619624324, 0.0282608776203529, 0.011056183283344638, 0.03885808753680998, 0.009999986280878061], [0.8640077441957613, 0.04538384558269951, 0.027233814219731912, 0.011278626405475679, 0.04209598331545352, 0.009999986280878118], [0.8640077441957613, 0.04538384558269951, 0.027233814219731912, 0.011278626405475679, 0.04209598331545352, 0.009999986280878118], [0.8641731160031333, 0.045510692176194356, 0.026862344052752788, 0.011291792203889095, 0.04216206928315231, 0.009999986280878117], [0.8719860529222309, 0.043864484004349974, 0.023847927641054208, 0.011067376291144931, 0.039234172860342004, 0.009999986280877997], [0.8720628490996609, 0.04400529147117624, 0.023545771451471367, 0.011081001977449777, 0.03930509971936377, 0.009999986280877999], [0.871221699125453, 0.0439201036229365, 0.024533900391664483, 0.01109524035466913, 0.03922907022439906, 0.009999986280878021], [0.865139310776882, 0.04528563283506696, 0.026397465061248283, 0.011270054452901747, 0.041907550593022945, 0.009999986280878104], [0.8649838222996583, 0.04515779530035786, 0.02675920277829081, 0.011256996232973266, 0.04184219710784166, 0.009999986280878108], [0.8598412170368096, 0.04275192271515414, 0.03541415300551507, 0.011030300361361461, 0.04096242060028173, 0.009999986280878167], [0.8628505323880121, 0.04090898483228879, 0.03741832379429364, 0.010831871405211644, 0.03799030129931594, 0.009999986280878117], [0.8615653616056436, 0.041885992953986345, 0.03785102818658032, 0.010896166131939711, 0.0378014648409719, 0.009999986280878113]], [[0.8633427469863751, 0.03929809807625053, 0.03850153836496793, 0.01068228267601585, 0.03817534761551276, 0.009999986280878087], [0.7057205052594294, 0.16224679764798927, 0.03259059622566572, 0.03231723542353268, 0.0498812779919078, 0.017243587451475133], [0.8400134227221581, 0.046972026289000296, 0.04612300849827652, 0.011595251271218047, 0.04529630493846878, 0.00999998628087835], [0.21366397111213967, 0.0776812598323248, 0.053432574585443704, 0.03954020299862665, 0.6020960612996912, 0.013585930171773949], [0.607468139945877, 0.09269785734043427, 0.1302766287239841, 0.07848585093787318, 0.07844062006377991, 0.01263090298805157], [0.6375561449051232, 0.09566129561215717, 0.130604647782605, 0.05920015080985119, 0.06430015718336876, 0.012677603706894667], [0.6582258684782654, 0.1891828450550681, 0.03857239262364038, 0.03629563009342216, 0.06109836467766607, 0.016624899071937874], [0.6916365034595829, 0.17056512690664832, 0.03257467798204777, 0.033130556819435664, 0.0549655582876674, 0.017127576544617888], [0.6957678696753505, 0.17014941432302375, 0.03272872119745295, 0.033204131982006876, 0.05100294513594474, 0.017146917686221102], [0.6591915835412429, 0.11355281194060106, 0.09564673794511717, 0.026125055177545084, 0.09416977454993793, 0.011314036845555998], [0.6660214888914909, 0.18681714628218002, 0.03837613872240463, 0.03611935120748669, 0.05599546400997886, 0.016670410886458785], [0.6507303975107167, 0.13215279128120053, 0.0960000170189948, 0.029128427460976377, 0.08074350178447462, 0.011244864943636822], [0.6658606305451703, 0.1823845580619288, 0.03799701628823178, 0.03562035555898334, 0.06139588940090345, 0.016741550144782298], [0.6721979868682163, 0.17965565361727057, 0.03750864789063725, 0.03521054491389693, 0.05867984195370018, 0.016747324756278683], [0.8558864126347729, 0.04136584858792908, 0.040679221584120705, 0.010983984049597951, 0.04108454686270105, 0.009999986280878219], [0.8655014847316554, 0.03761633910882942, 0.037375673692556156, 0.010573141699194244, 0.038933374486886774, 0.009999986280878094], [0.8584934585250198, 0.03976871707073405, 0.03913441081830698, 0.010829445355250147, 0.04177398194981092, 0.009999986280878191], [0.04746175655958906, 0.06034608696130649, 0.03822793424904985, 0.03273293951130979, 0.805051894716115, 0.016179388002629747], [0.8588434394709022, 0.0418461532710396, 0.03751053950022184, 0.01095052980262016, 0.040849351674338175, 0.009999986280878212], [0.8620440095175116, 0.04341034340193047, 0.032466676645821584, 0.011088696201680273, 0.04099028795217786, 0.009999986280878172], [0.5911628070787704, 0.1476346151597754, 0.0681227416420501, 0.03472809573984854, 0.14152405614621066, 0.016827684233344777], [0.554421922358886, 0.18108973269267725, 0.08096794787408756, 0.033201608981281786, 0.13431846868937838, 0.016000319403689057], [0.5876983056762003, 0.15101562108372432, 0.0679818153394811, 0.03496248733855359, 0.14153414880891652, 0.016807621753124165], [0.7103981703730499, 0.1463171733860172, 0.026783793096689244, 0.03400113987971791, 0.06506379814411492, 0.017435925120410894], [0.09208910780131346, 0.15456523845794234, 0.05195824483000522, 0.02480532859427498, 0.6643751527336748, 0.012206927582789136], [0.6883206509990879, 0.17118224099566648, 0.031713873476535086, 0.03317314749780477, 0.058530736841415874, 0.01707935018948992], [0.08610875534254718, 0.15530137473762198, 0.050519370436055124, 0.024865735467116266, 0.6709967523175788, 0.012208011699080638], [0.6899044165123693, 0.1706232006147364, 0.03235353457291902, 0.033170839458146195, 0.05683854297983145, 0.017109465861997714], [0.6809078637707324, 0.17660505608528, 0.03451677521170309, 0.03424345379359807, 0.05675359819583077, 0.016973252942855715], [0.6782045016789152, 0.17829661048046871, 0.03236456246382616, 0.03443973885014678, 0.05978277031827938, 0.016911816208363756], [0.09207897212926172, 0.15650528951133375, 0.04928260511494343, 0.024971229568587546, 0.6649626346850988, 0.012199268990774885], [0.5583930302455111, 0.18031999843481358, 0.08647404285118189, 0.03453993507697559, 0.12417449865762152, 0.01609849473389633], [0.5664486621798542, 0.1816586278338046, 0.0868306620905823, 0.03482226104856618, 0.11394247061151497, 0.016297316235677893], [0.5656986733386296, 0.18170420429302858, 0.08724336411751202, 0.034874327922249405, 0.1142004346982414, 0.016278995630339056], [0.5787380451144103, 0.15464704003987545, 0.07270674942383448, 0.035613076830805945, 0.1417410378789651, 0.016554050712108675], [0.5859190094097939, 0.1497716820597767, 0.06869848493060685, 0.03493885782500325, 0.1438626380678612, 0.016809327706958012], [0.04492368404176872, 0.05883462296788394, 0.03483786704042198, 0.03415292206253685, 0.8109710718647433, 0.016279832022645047], [0.5932668394920143, 0.14561945455342307, 0.06678427919317481, 0.0344088336118268, 0.14292426682165896, 0.016996326327902093], [0.6233425103152872, 0.12250595001782534, 0.061331251635320425, 0.029777612431619863, 0.14543374373364837, 0.01760893186629866], [0.8628405717110341, 0.04058834928671146, 0.03801134401922818, 0.01080047794436726, 0.037759270757780926, 0.009999986280878117]], [[0.8643388115260346, 0.038923937592551014, 0.03775360538026167, 0.010632980547600538, 0.038350678672674124, 0.009999986280878073], [0.7071718128439973, 0.16185115693975075, 0.03200146672086371, 0.03216817642960399, 0.04949652452007989, 0.017310862545704398], [0.875964159763953, 0.037697643617038486, 0.031090252623380613, 0.009999939890637822, 0.0352480642143523, 0.009999939890637822], [0.5323556972118129, 0.07327823088724941, 0.2902593052908454, 0.03911527565091645, 0.05486981983660317, 0.010121671122572696], [0.20475212579699575, 0.2431251188490281, 0.011424096131984356, 0.36009544634591817, 0.17060321735002132, 0.009999995526052404], [0.42481666169234095, 0.4801656850978812, 0.015285313550781691, 0.05251406445635057, 0.012711329284090555, 0.01450694591855508], [0.19376028580463683, 0.409787266459737, 0.012791207047979689, 0.030717204576767285, 0.34047178028374225, 0.012472255827136944], [0.5082528322116205, 0.42250859182399114, 0.014905588614149135, 0.016069971494110488, 0.023543557445903, 0.014719458410225678], [0.6967016929782447, 0.23307141178895122, 0.014910663182999778, 0.01608180576854969, 0.024513180452119657, 0.014721245829134998], [0.6668095714670295, 0.26407808079544753, 0.014294392092722845, 0.017056759566882577, 0.0239822758651205, 0.013778920212797101], [0.7833424444507647, 0.07350969371270785, 0.011809910485137137, 0.053383072987016125, 0.0665023659989924, 0.011452512365381692], [0.817421376081441, 0.06862503041789056, 0.012350855095242152, 0.041151331654053956, 0.04906281533673197, 0.011388591414640308], [0.1843954250058057, 0.06049506267168477, 0.03976196979748571, 0.029665492198771046, 0.6748507369384622, 0.010831313387790566], [0.8760652318179077, 0.03871404822870862, 0.030139802789751383, 0.009999940250710061, 0.035081036662212045, 0.009999940250710061], [0.8754015428896929, 0.035921495378802536, 0.03304342853651171, 0.009999939376369905, 0.03563365444225303, 0.009999939376369905], [0.8816129412986328, 0.03337605690324768, 0.031034753255312846, 0.00999993826252853, 0.03397637201774967, 0.00999993826252853], [0.6703204025241667, 0.1331853189846043, 0.06508626334673714, 0.02622186369405878, 0.09241578073415346, 0.012770370716279629], [0.855171544501361, 0.04941322961036101, 0.03096025212211512, 0.011594597947519422, 0.0428603895377652, 0.00999998628087827], [0.08734868334671829, 0.0644055011509259, 0.03980677481899539, 0.03526966685923795, 0.7569469928133857, 0.01622238101073661], [0.534204603753384, 0.19223151662126842, 0.0810931221317403, 0.03498816875261891, 0.14194551759466958, 0.015537071146318759], [0.06266389995419994, 0.06976032823794398, 0.03361793723953819, 0.03537650059733707, 0.7822438319196583, 0.016337502051322533], [0.067675453110079, 0.22342694691939294, 0.01952871861987739, 0.011786360181067207, 0.6586597544268046, 0.01892276674277884], [0.0608446608982625, 0.22124191501671986, 0.019424759307811672, 0.011703722929185293, 0.6678335137892788, 0.018951428058741875], [0.5910203342302788, 0.31962275311426425, 0.018510355639906623, 0.020961762025378163, 0.031593540979810146, 0.018291254010361992], [0.5490457366970247, 0.3609546998118735, 0.017541492734693843, 0.022117488668621347, 0.03322236935553343, 0.01711821273225314], [0.5650036699388026, 0.347079484647016, 0.017784970839508252, 0.02187612525483666, 0.030760794882572228, 0.017494954437264294], [0.5363187612605886, 0.3800030088387801, 0.0170071005935039, 0.023491673614654957, 0.026544080531628256, 0.01663537516084427], [0.5623146014011214, 0.3495601895475109, 0.017768349324566775, 0.022029860885888815, 0.030860166195651382, 0.01746683264526085], [0.5689575029793896, 0.32372336615210284, 0.01710912396893589, 0.020656542547158662, 0.05278324054008626, 0.016770223812326675], [0.22368511810771033, 0.2731089726155648, 0.01622934878364951, 0.04114090601628426, 0.4299624828692215, 0.015873171607569583], [0.5776327810637703, 0.31436518945479597, 0.017407017742400013, 0.02045857000365579, 0.05312291225312163, 0.017013529482256397], [0.5577400157841776, 0.34637309825233126, 0.016897553505064458, 0.021975867164898105, 0.04063757851481727, 0.016375886778711272], [0.5816156316455958, 0.31201063643128923, 0.01759826144254817, 0.020200778139806638, 0.0514887248224334, 0.017085967518326764], [0.5708030872672012, 0.3191282464101174, 0.017382803193343115, 0.019905943439747276, 0.055927432763006324, 0.016852486926584778], [0.6062576335857324, 0.2836194670172977, 0.018195584503337452, 0.018663669105403183, 0.05547766080452733, 0.01778598498370201], [0.04615717058574288, 0.20381333421224654, 0.019764432021909327, 0.011834171087801732, 0.6991610924046364, 0.01926979968766322], [0.6336530437803837, 0.24476006736721256, 0.018875905968297118, 0.018682503844794824, 0.06539951732266641, 0.018628961716645336], [0.044853364813318086, 0.20076150629160386, 0.020208378818070857, 0.011759625135764088, 0.7030874480494019, 0.01932967689184118], [0.6035992260204732, 0.13054788612786888, 0.05861912407973652, 0.02911491457482217, 0.16088446950487603, 0.017234379692223356], [0.8594545668570298, 0.04246142824085336, 0.036270561691870054, 0.010998776961419699, 0.04081467996794889, 0.009999986280878169]], [[0.8641903190716768, 0.0402254179999944, 0.0364072398505057, 0.0107471653578751, 0.03842987143906979, 0.00999998628087808], [0.7039182483921409, 0.16419060307354116, 0.032289966954825944, 0.03247100632951626, 0.04992972076257509, 0.0172004544874006], [0.8830852101492703, 0.03963957072578415, 0.021219222876260366, 0.009999940617348754, 0.036056115013987804, 0.009999940617348754], [0.20677772546292555, 0.06629952103281414, 0.026227127119787155, 0.03075913901962957, 0.6591379516127277, 0.01079853575211584], [0.42785673955524406, 0.47584469189331935, 0.014958014781246143, 0.05270789250005431, 0.013996825698479714, 0.014635835571656512], [0.43545045539775473, 0.4710846861017976, 0.015054336946843348, 0.051949773927236875, 0.011598564144822842, 0.014862183481544614], [0.49385511346648137, 0.421560306943286, 0.01374218610010931, 0.0161716067567061, 0.04104038835616561, 0.013630398377251662], [0.6921720217547932, 0.23380645850447043, 0.014781882718159561, 0.01606416108943059, 0.028469165118402487, 0.014706310814743764], [0.06577475578552025, 0.19266115083014282, 0.013526949456507602, 0.03132060759364718, 0.6833053642073676, 0.013411172126814516], [0.6505530949581537, 0.282708314776051, 0.013444093166504288, 0.018399222593764204, 0.021618545922539378, 0.013276728582987328], [0.8206081248430573, 0.06782659065569885, 0.011986491912648363, 0.04087768162568829, 0.04730731535235374, 0.011393795610553422], [0.44571730461740944, 0.08274588526887702, 0.09789608690297409, 0.17243454594465846, 0.19120618256206282, 0.009999994704018208], [0.7433677527096255, 0.07516611366692812, 0.08464367847928461, 0.03261047889628683, 0.0540592935694933, 0.010152682678381432], [0.8849223963600997, 0.042025085010747025, 0.01722290009932246, 0.00999994127466285, 0.03582973598050514, 0.00999994127466285], [0.05974085741872692, 0.050571459967850244, 0.030020751091048056, 0.026707251683902925, 0.8201680566235436, 0.012791623214928206], [0.627909837158729, 0.150129488777391, 0.07119236864899234, 0.02767162850085628, 0.11123702709602683, 0.011859649818004666], [0.8849375027691702, 0.04275048597589844, 0.017615956436005126, 0.009999941397232447, 0.034696172024461375, 0.009999941397232447], [0.1800464522838786, 0.08042664328070354, 0.04166056951438567, 0.036638104617154964, 0.645245942836695, 0.01598228746718227], [0.18900879031077608, 0.07549520852471243, 0.032109313137585103, 0.03810852640389912, 0.6492262249491264, 0.016051936673900934], [0.23496644761704097, 0.23412389101058512, 0.02038449777708944, 0.028542151230584116, 0.46234488608239654, 0.01963812628230387], [0.5607636115449387, 0.32451071254643515, 0.016943088897680942, 0.02074663314424828, 0.06035843969893991, 0.01667751416775707], [0.551962213053993, 0.34479014460404483, 0.016484833188323077, 0.022005502697691488, 0.048424727448637864, 0.016332579007309753], [0.5834539606186887, 0.30678158505635256, 0.017346056451121535, 0.02072569905122764, 0.054499037309769474, 0.017193661512840124], [0.5808850176222308, 0.3103789342812416, 0.017244314625481493, 0.02075676964141705, 0.05364651784645032, 0.01708844598317883], [0.5836954370276866, 0.3104040540804957, 0.017257789191571987, 0.020905714523703527, 0.05063789885112162, 0.017099106325420756], [0.7446836100207312, 0.09226285867046155, 0.014523656850808234, 0.0748075089810055, 0.059346017432422925, 0.014376348044570466], [0.5019626343817729, 0.3614794214342006, 0.0192890560638428, 0.07914495326440044, 0.01906079369951052, 0.01906314115627276], [0.5160437072499862, 0.36261557044471115, 0.019278834165725896, 0.06902920736058749, 0.013986637220775705, 0.019046043558213502], [0.5777365630467677, 0.3136778894890315, 0.017177338440535497, 0.02094572362110542, 0.05345028503015953, 0.01701220037240024], [0.5760764780766486, 0.3125624187914148, 0.017186884570671766, 0.021000353194704974, 0.05614863903337286, 0.017025226333187066], [0.4650174003179301, 0.36864560153422227, 0.01916141924095214, 0.10616362662545978, 0.022112463258282943, 0.018899489023152707], [0.47193354474720606, 0.3685532691748061, 0.019185325212730035, 0.09730215491029359, 0.024100214288078216, 0.018925491666886028], [0.34260961105644494, 0.22968628717598735, 0.01938360724623719, 0.020714098032460625, 0.3685573257191905, 0.019049070769679384], [0.21004794514665714, 0.23330449277938495, 0.01823468330440606, 0.012086016843235022, 0.5083219109870657, 0.018004950939251193], [0.0554343115827644, 0.21661658539642697, 0.019177757853143844, 0.011897500907554877, 0.6778356782650262, 0.019038165995083768], [0.04739934066975376, 0.1899643559290964, 0.01961047449270974, 0.011921284513770065, 0.7103439089671622, 0.020760635427507924], [0.04852495677078414, 0.1913824588672904, 0.019616078971793943, 0.01192403568907193, 0.7090700460248661, 0.019482423676193572], [0.043279432793761466, 0.2031550337373003, 0.019629843368493646, 0.01180413110018886, 0.7028580388800922, 0.0192735201201635], [0.04298270397956153, 0.05850174291390627, 0.03206426437007694, 0.03399678834420644, 0.81614596468234, 0.01630853570990871], [0.8658978090452629, 0.04444292548250854, 0.02697389195651328, 0.011179754795697161, 0.04150563243913989, 0.009999986280878094]], [[0.8643168207833831, 0.04107551914584183, 0.03522604144271077, 0.010824313199033889, 0.03855731914815241, 0.009999986280878085], [0.8651742541371965, 0.04474390371749219, 0.02741265380463755, 0.011228829120531855, 0.041440372939263864, 0.009999986280878113], [0.5546881745410216, 0.3310107258289739, 0.028334928088732406, 0.02750316425892301, 0.04528715180819482, 0.013175855474154285], [0.5482927659890965, 0.34195469562516806, 0.020283457406131983, 0.028274698407904763, 0.048130897439525706, 0.013063485132172897], [0.4603773230640618, 0.4729332886271126, 0.013480898915581217, 0.019154239467676144, 0.02072666394311542, 0.013327585982452693], [0.6850555495351855, 0.23142897291113648, 0.01378936594927834, 0.01608088393782391, 0.03996730977859522, 0.013677917887980558], [0.6827765436706699, 0.23235088643486942, 0.013747750746251822, 0.016038139890017056, 0.04145216207668462, 0.013634517181507303], [0.040549177436180174, 0.3806421742292148, 0.01351890944221563, 0.031387337587318855, 0.5204880178731277, 0.013414383431942822], [0.6990821762774468, 0.2288646600668701, 0.01493316683213342, 0.01622413829691779, 0.026091882204927364, 0.014803976321704545], [0.7407531149367798, 0.1491325477306723, 0.02253108332508787, 0.028296210423471087, 0.046206252813574794, 0.013080790770414146], [0.7567614761968028, 0.07644489246297118, 0.07504608371643595, 0.03140688950179211, 0.05010476177203399, 0.010235896349964002], [0.18077394417041953, 0.06189708186603109, 0.03359956569309362, 0.03044989753027596, 0.6825255472485936, 0.010753963491586218], [0.8604906312960408, 0.052691742843787366, 0.02371591739669872, 0.010800104189686782, 0.04230161881185746, 0.00999998546192886], [0.44930714711673075, 0.14775979960742422, 0.26322856236389475, 0.028282282698841935, 0.09935550738172576, 0.012066700831382667], [0.6524344777154779, 0.14518561939735167, 0.06064509317660133, 0.027842923622034162, 0.10129512413090179, 0.012596761957633044], [0.13812859084732942, 0.05744636329920196, 0.027149201634235703, 0.028452648162338272, 0.7360677217567807, 0.012755474300113924], [0.15570575073268142, 0.3769840103381819, 0.031244648220855764, 0.03580890638879076, 0.3902566900036996, 0.009999994315790533], [0.511295371069949, 0.24135444284932184, 0.05787566312053524, 0.07212622749470501, 0.10238313648786215, 0.01496515897762676], [0.4778408801668167, 0.38176645384398017, 0.01908941063066609, 0.08379973131898112, 0.01895593367171599, 0.01854759036784009], [0.6007949709424151, 0.2849328713121911, 0.018837377257707753, 0.01566694069320862, 0.061177386429523146, 0.018590453364954424], [0.48218047516229534, 0.36829090857303254, 0.019143998125415045, 0.09648516157686349, 0.015017475911268355, 0.018881980651125244], [0.505409290701644, 0.3616710451171362, 0.019294864958120325, 0.07570173627528201, 0.018856943705905557, 0.019066119241911924], [0.5126780457408321, 0.3612148393157364, 0.019319685370082676, 0.06901120814252905, 0.018681059627723408, 0.019095161803096436], [0.5620086217041365, 0.34691398211195196, 0.01767542656934266, 0.022710584073735492, 0.03316576560574892, 0.01752561993508456], [0.5383546544088974, 0.37579622949580244, 0.016827318287801388, 0.023973379491279243, 0.028343262380473116, 0.01670515593574653], [0.685696650869362, 0.225113191521056, 0.009999986839282911, 0.021117412045702402, 0.047834290260964446, 0.01023846846363229], [0.29192027978429014, 0.2342849578418585, 0.011631254678549873, 0.22594735774786995, 0.22477165294553236, 0.011444497001899246], [0.5155527785605706, 0.36244260678744433, 0.019237087577754025, 0.06847773870982726, 0.015281441108543582, 0.01900834725586028], [0.5477221290307354, 0.3469263599443217, 0.016400177871895735, 0.022170901228202967, 0.050524899294571, 0.016255532630273205], [0.23677128530585556, 0.2537148049164576, 0.01781940984685335, 0.012255125062334015, 0.4618285564855289, 0.017610818382970506], [0.4977749769853589, 0.377850374189259, 0.01902881165867974, 0.06745583017613879, 0.019115120208687608, 0.01877488678187615], [0.24828912240512763, 0.28020018452850526, 0.01647706329376299, 0.1362373781579465, 0.30275332604874805, 0.016042925565909548], [0.3653718546589103, 0.23129083964376684, 0.019086152246387728, 0.01957571595258714, 0.3459176775388396, 0.01875775995950833], [0.553784747477796, 0.3406169812865229, 0.016524158257102756, 0.02198835078933432, 0.05068898082877861, 0.016396781360465428], [0.6113165040593128, 0.2737069292309935, 0.018015446534989422, 0.01914200101790434, 0.057325242720855894, 0.020493876435944025], [0.16485205903361336, 0.09815673081885881, 0.012864703526403003, 0.021726400732722216, 0.17026748583917212, 0.5321326200492305], [0.05073763736358566, 0.1927700189600988, 0.019563641744468112, 0.012009256454751186, 0.7042175299625499, 0.02070191551454625], [0.63433956041578, 0.2474156839128887, 0.01896465658654237, 0.01880525887014631, 0.06190386552831729, 0.018570974686325417], [0.5891086479872212, 0.14938276618448107, 0.06797509511289274, 0.034857548345693865, 0.14182901367538803, 0.01684692869432304], [0.8648655672106808, 0.04452775040089813, 0.02803759951516491, 0.0111888431802177, 0.04138025341216043, 0.00999998628087811]], [[0.8659732924863578, 0.04150677802180842, 0.033185584464730765, 0.010860762114644675, 0.03847359663158026, 0.00999998628087807], [0.72255096731104, 0.14103769486797982, 0.027099995824400067, 0.03350378336472704, 0.058292712045005295, 0.017514846586847894], [0.766943970972599, 0.13211450126042792, 0.02307909699297238, 0.02553109336870183, 0.038709037025993105, 0.013622300379305747], [0.5118557670760049, 0.4171684922751704, 0.015004686796294416, 0.01690023094337034, 0.024222153057796986, 0.014848669851363114], [0.03764541444555057, 0.19329568088009216, 0.013542168684925094, 0.22059616879999752, 0.5214917126360684, 0.013428854553366273], [0.513366979977263, 0.41529662912202836, 0.014991346661850424, 0.016902827472554737, 0.02452629472355476, 0.01491592204274871], [0.5146139289409649, 0.4160078245964077, 0.014961458779776175, 0.0161668295549796, 0.023365393858326203, 0.014884564269545375], [0.7186239101991402, 0.20588468699614002, 0.015514320305883686, 0.016778839194682177, 0.027768278274189925, 0.015429965029964065], [0.7031561234241328, 0.2279738118695002, 0.014960342797645422, 0.016126643224578633, 0.022971423681762807, 0.014811655002379971], [0.7441830862482572, 0.14783728233592858, 0.02342998568727249, 0.02825699790672613, 0.043182853460457686, 0.013109794361357854], [0.8873722097672154, 0.042283334525641376, 0.013969291275944488, 0.009999941304921314, 0.03637528182135609, 0.009999941304921314], [0.885992876661141, 0.04153667892196863, 0.016286768821957634, 0.009999941153807089, 0.03618379328731855, 0.009999941153807089], [0.4525233870109227, 0.34139359289473115, 0.06465242248904447, 0.02874917821638559, 0.10055988156414378, 0.012121537824772209], [0.6367857936905494, 0.15583219609261692, 0.062241381774658926, 0.029048397143575495, 0.10391766612880682, 0.012174565169792404], [0.6904690172804858, 0.22455299562604863, 0.014266322563860656, 0.015240055170041351, 0.04170396064696922, 0.013767648712594263], [0.4618514053237263, 0.4555367605124312, 0.01300368728400284, 0.017167628000954137, 0.039626903073654005, 0.012813615805231524], [0.4017651869340854, 0.47659599298146793, 0.01498717268611755, 0.0682986608916919, 0.023644813512669092, 0.014708172993968002], [0.2669390492345837, 0.23898043080644532, 0.0167066398849423, 0.08021959361404597, 0.38106289874776655, 0.01609138771221627], [0.5087627776528618, 0.3675122210605169, 0.01913275282112413, 0.06758551760706291, 0.018142631465841094, 0.018864099392593175], [0.2438681672282245, 0.24205724002073245, 0.019730692783883733, 0.028455310224115984, 0.44644031250142635, 0.019448277241617046], [0.5719003907068733, 0.27658951660867265, 0.018996611114567366, 0.029936104657505586, 0.08381013485774079, 0.0187672420546403], [0.389746881614088, 0.2567037792380126, 0.01400605281802647, 0.13356518387917832, 0.19225746711421723, 0.013720635336477428], [0.5791089328709367, 0.2750852040065751, 0.019103340294648028, 0.029831112967795174, 0.0779944741041852, 0.01887693575585975], [0.6005761079098539, 0.29825682039762413, 0.018611122539134446, 0.016643589006463715, 0.047485462938322495, 0.018426897208601373], [0.2634625601046312, 0.2245781027770948, 0.020001555521512285, 0.02857466325385764, 0.4436835270002384, 0.019699591342665697], [0.5161571910920438, 0.36163053037525306, 0.019229227429645775, 0.06768652145903328, 0.016273215416882453, 0.019023314227141624], [0.5183447814339143, 0.3602157941593447, 0.01927730414425915, 0.06852422346606249, 0.014584158197994815, 0.01905373859842463], [0.513655810620788, 0.3643037341821646, 0.019232625704076647, 0.06764598358785448, 0.016172735051133726, 0.018989110853982454], [0.19974898802530502, 0.23854888078842768, 0.01828062995278202, 0.012554847224058339, 0.5127979615433995, 0.0180686924660273], [0.21980787958939055, 0.24189913262304957, 0.017993175286766777, 0.012555600879453276, 0.48997684904881816, 0.01776736257252174], [0.5003493658171477, 0.375690205770813, 0.019001564906552727, 0.0681604746651061, 0.018050140047058877, 0.018748248793321494], [0.36725239897510564, 0.22544608518868256, 0.018917945711425473, 0.019547339449808115, 0.35027548384248774, 0.01856074683249048], [0.5243594396959694, 0.3511567590573967, 0.019497178617338372, 0.06813758260952443, 0.017523688670447093, 0.01932535134932397], [0.5766242999312904, 0.30937193689806, 0.017156873918849683, 0.0211795627792283, 0.05607912363111862, 0.019588202841453115], [0.16822223477511497, 0.09903219388856975, 0.012874558272504758, 0.021858463403079557, 0.1658799295776612, 0.5321326200830698], [0.05325929797675908, 0.2003022409026647, 0.019320922388013043, 0.012063151522762007, 0.6932954888928502, 0.021758898316950975], [0.6400234738765022, 0.2371186426229363, 0.018883237009523657, 0.019104570709170484, 0.06607604038098183, 0.01879403540088559], [0.6390913569642709, 0.24602768225479194, 0.01899750787060603, 0.018833276708215423, 0.058442833461906825, 0.018607342740208897], [0.5901762799986767, 0.1483714421882697, 0.06800709348990361, 0.03478180006289751, 0.14178905368281627, 0.01687433057743607], [0.8646739751542029, 0.044404311526273686, 0.02843300401858592, 0.01117559711963111, 0.04131312590042828, 0.009999986280878111]], [[0.8693525180569122, 0.04260961437035463, 0.028211239531478482, 0.010961499909536087, 0.03886514185084079, 0.009999986280878038], [0.717104331226363, 0.08266800032872999, 0.06226027519598494, 0.023455006895071462, 0.10263935549759036, 0.011873030856260337], [0.5331567440419105, 0.3919671031088591, 0.015862125224699673, 0.016222021155367933, 0.027292520770861903, 0.015499485698300888], [0.5385263604230935, 0.3874512760286788, 0.015751976383568244, 0.01634711957089902, 0.026249750983211414, 0.015673516610548995], [0.7228849281680304, 0.19449901646569406, 0.014694719010390551, 0.015359632788661698, 0.037936505022078945, 0.014625198545144392], [0.5496666937379854, 0.3632259487853914, 0.015107137253710205, 0.014966121301962142, 0.0420057084643761, 0.01502839045657474], [0.7389480864866398, 0.17664649182936015, 0.015107738990384574, 0.015072388938608147, 0.039213150953948464, 0.01501214280105878], [0.7302895853455467, 0.1972186161895413, 0.015863571323657073, 0.01639333904243874, 0.02463314018998751, 0.015601747908828623], [0.7837644426319217, 0.11426683893584133, 0.016612132706900075, 0.02648839346331552, 0.04507729172626583, 0.013790900535755596], [0.7682797883460649, 0.13038566539942653, 0.02293873827488788, 0.025754947066971085, 0.03915953818919308, 0.013481322723456484], [0.8836362396699408, 0.04317832056995381, 0.014878577282328553, 0.010416085075405243, 0.03789079150387982, 0.00999998589849189], [0.8931912806608507, 0.03883825797976202, 0.013018172505881427, 0.009999939905503331, 0.034952409042499175, 0.009999939905503331], [0.6530375125302202, 0.14760956607023318, 0.051455952633090406, 0.026835033584165734, 0.10852342361650988, 0.012538511565780593], [0.03892942368784268, 0.16852868642951332, 0.01537008599814805, 0.009999990408097414, 0.752305390331516, 0.014866423144882455], [0.691419730998121, 0.21980275836521793, 0.013977153239380057, 0.015140022300600974, 0.0457818545808898, 0.013878480515790234], [0.17213951102201627, 0.1780188843593679, 0.014633795250497883, 0.009999992469085995, 0.6107296810015983, 0.014478135897433667], [0.2534296856779845, 0.18408650043961824, 0.015857513824261267, 0.016115396938834646, 0.5149039507447348, 0.015606952374566581], [0.5104665947005036, 0.36557733727662195, 0.019141399665563587, 0.06742982503885091, 0.018496944014825028, 0.018887899303634867], [0.30506646190152326, 0.23762668503832168, 0.01995823375793475, 0.020298273187211193, 0.3974374407887143, 0.019612905326294793], [0.6079206559853076, 0.27649213432417613, 0.018953421992075278, 0.015421599362027182, 0.062448338197007174, 0.01876385013940664], [0.3146668887821966, 0.3079724120380977, 0.019658848742183422, 0.06453473230695535, 0.27385243022131045, 0.019314687909256417], [0.5307614393678721, 0.27784094372111895, 0.018980419858907856, 0.04982614446605664, 0.10384597076180203, 0.01874508182424219], [0.5592167925921531, 0.28454483270399783, 0.01896677313177877, 0.03433648678611195, 0.08422383738739024, 0.018711277398568257], [0.5530350066433559, 0.28820445750111534, 0.01880297311650491, 0.03349430170542152, 0.08791152711677003, 0.018551733916832278], [0.6049906798521233, 0.28034173977153615, 0.018876925156053593, 0.015269835597044817, 0.06185238209216894, 0.018668437531073175], [0.5662882182787785, 0.31991195608442186, 0.016964571018088764, 0.02069260470900885, 0.059341501537669684, 0.01680114837203222], [0.5589123187771949, 0.3426541245321766, 0.01660320924204851, 0.022355921724046286, 0.043039068707773756, 0.01643535701675995], [0.5772418264809278, 0.31205742472437503, 0.01716600843154467, 0.02118404102681669, 0.05532699025732563, 0.017023709079010154], [0.5670792861057442, 0.313852421086201, 0.016989459061149324, 0.020745980697649546, 0.06319036010070805, 0.018142492948547865], [0.24676531715708405, 0.2422055388753157, 0.018003040221976914, 0.012608094131117343, 0.4626173541584112, 0.017800655456094674], [0.6030829650188289, 0.2842065169648991, 0.01884200616407641, 0.015344529849936577, 0.059928697652096144, 0.018595284350162947], [0.5958714556170295, 0.3041890530017177, 0.0184979056645136, 0.01659914875118407, 0.04658394093085156, 0.018258496034703496], [0.6851199324867454, 0.18520399554276704, 0.01243158751268794, 0.0383687661986582, 0.06525467649885082, 0.013621041760290655], [0.18480697809772054, 0.10540846132912243, 0.012902918181634887, 0.022223394689692644, 0.14252562758513232, 0.5321326201166972], [0.5799999379851533, 0.3040036822781459, 0.017254426842002905, 0.020932347637864508, 0.058105065694588266, 0.019704539562245073], [0.0496627556708734, 0.21180929130741918, 0.019260489784711614, 0.011775256707335237, 0.6883561853552307, 0.01913602117442987], [0.050685523782342964, 0.1989681103563677, 0.019507486567985496, 0.011748517652285292, 0.6997511185924683, 0.019339243048550232], [0.6408698208098823, 0.2406066192315599, 0.018949097592441764, 0.01868822127938824, 0.062156662879146736, 0.01872957820758104], [0.04629410467279137, 0.05774032164696447, 0.0317092443019774, 0.033653935213124736, 0.8143216863743816, 0.016280707790760407], [0.8673397531436978, 0.04589429019340066, 0.02428022742620713, 0.011253288869410353, 0.0412324540864062, 0.009999986280878065]], [[0.870592211177948, 0.04306590969036566, 0.026536165531679666, 0.011011051941552599, 0.03879467537757608, 0.009999986280878021], [0.7230197276129031, 0.13799370048549148, 0.025586684731525772, 0.032718188438251555, 0.0630632332666331, 0.01761846546519486], [0.041042884692071305, 0.34354134561407607, 0.015425831772835472, 0.009999990216336397, 0.574824561730689, 0.015165385973991771], [0.5478017077366856, 0.36361073921650505, 0.0151092887186013, 0.014960711843045356, 0.043483628945450985, 0.015033923539711728], [0.7362059169514175, 0.17461480232967816, 0.015086356260068821, 0.014953958869612477, 0.04413573086851722, 0.015003234720705898], [0.7373601399317048, 0.17561254098353776, 0.015223877402145843, 0.014985777749732372, 0.04185086884802148, 0.014966795084857812], [0.7860194289305776, 0.10951590759251474, 0.016123092829224157, 0.025603465351062813, 0.04890063283673471, 0.013837472459885841], [0.7739133520781347, 0.07733976112271927, 0.05055204437218005, 0.01838362159249398, 0.06981123045708486, 0.009999990377387153], [0.792770500091646, 0.10537353896470818, 0.01856928876410518, 0.025399609422157705, 0.04402316121084891, 0.013863901546534165], [0.8965238001988216, 0.03499906829673985, 0.014446919667970107, 0.009999938447516284, 0.034030334941435966, 0.009999938447516284], [0.7881617040094031, 0.10602434063923695, 0.01711989616384484, 0.025371092759255028, 0.04950688320245487, 0.013816083225805274], [0.6746692455017341, 0.1373732329137982, 0.05313161993311338, 0.026555889423971826, 0.09523555038212905, 0.013034461845253444], [0.03512861085457419, 0.047451343401342966, 0.016241422348865487, 0.02678891353413378, 0.8614463374326163, 0.012943372428467242], [0.038247528980445915, 0.15153122340471756, 0.01531105735793846, 0.009999990321020776, 0.769749184127745, 0.015161015808132304], [0.7050555519028543, 0.20840405514358945, 0.014253390983447774, 0.014793235696026783, 0.04331801572912277, 0.014175750544958865], [0.6811502570613919, 0.23304707363508098, 0.013688772529289165, 0.016025658487737085, 0.04251341722318075, 0.013574821063320112], [0.4838164610577341, 0.4275947941131191, 0.013514436811271813, 0.015972307171742323, 0.04569710523000763, 0.013404895616124997], [0.5491435148178155, 0.34779992057704073, 0.01641248320906169, 0.022014074379134226, 0.04837486882194785, 0.016255138194999894], [0.5640135107558003, 0.3214346011315418, 0.01692621292761823, 0.020507379164829222, 0.06036114012949398, 0.016757155890716437], [0.6058418452768043, 0.28073487623298254, 0.018869445956671296, 0.015178115636342597, 0.06071482062143982, 0.01866089627575942], [0.5959539354092578, 0.303856382772829, 0.018514491429457786, 0.0167479203358483, 0.04662619495635804, 0.018301075096249064], [0.5708364316180781, 0.2784610227267873, 0.018990026641874713, 0.029744480489475707, 0.08323754633250191, 0.018730492191282335], [0.41271492078421546, 0.2610824007757987, 0.013493577814435232, 0.16973731865065275, 0.12981425334250668, 0.013157528632391243], [0.3085419699470378, 0.3122066123629887, 0.019500418571567667, 0.06496155031820437, 0.2756596903255829, 0.01912975847461849], [0.1514375288145617, 0.2670764793591039, 0.017951754316801242, 0.012929835679371149, 0.532895852519732, 0.01770854931043001], [0.08270965611604769, 0.2332855439366568, 0.018814126422463086, 0.012336213984912836, 0.634223741323108, 0.018630718216811587], [0.6028582365796407, 0.2875911608698488, 0.017825088702038912, 0.019847396886371927, 0.05418375756027225, 0.017694359401827404], [0.6113290207995281, 0.2790777144239909, 0.017945766907819412, 0.01997816236260848, 0.052527611637299146, 0.019141723868754033], [0.1737685725882596, 0.10154666438537066, 0.0128694179356733, 0.02219259478315558, 0.15749013024683212, 0.5321326200607087], [0.5765640966002982, 0.3068176299730704, 0.017167642656478594, 0.02111352179229654, 0.058714132765549806, 0.019622976212306496], [0.6004225216690962, 0.2981525501012927, 0.018575229165018876, 0.01671776295880464, 0.04771772332391214, 0.0