{"prediction": [[[0.9950248756218911, 0.0009950248756218911, 0.0009950248756218911, 0.0009950248756218911, 0.0009950248756218911, 0.0009950248756218911], [0.9950248756218911, 0.0009950248756218911, 0.0009950248756218911, 0.0009950248756218911, 0.0009950248756218911, 0.0009950248756218911], [0.9950248756218911, 0.0009950248756218911, 0.0009950248756218911, 0.0009950248756218911, 0.0009950248756218911, 0.0009950248756218911], [0.9950248756218911, 0.0009950248756218911, 0.0009950248756218911, 0.0009950248756218911, 0.0009950248756218911, 0.0009950248756218911], [0.9950248756218911, 0.0009950248756218911, 0.0009950248756218911, 0.0009950248756218911, 0.0009950248756218911, 0.0009950248756218911], [0.9950248756218911, 0.0009950248756218911, 0.0009950248756218911, 0.0009950248756218911, 0.0009950248756218911, 0.0009950248756218911], [0.9950248756218911, 0.0009950248756218911, 0.0009950248756218911, 0.0009950248756218911, 0.0009950248756218911, 0.0009950248756218911], [0.9950248756218911, 0.0009950248756218911, 0.0009950248756218911, 0.0009950248756218911, 0.0009950248756218911, 0.0009950248756218911], [0.9950248756218911, 0.0009950248756218911, 0.0009950248756218911, 0.0009950248756218911, 0.0009950248756218911, 0.0009950248756218911], [0.9950248756218911, 0.0009950248756218911, 0.0009950248756218911, 0.0009950248756218911, 0.0009950248756218911, 0.0009950248756218911], [0.9950248756218911, 0.0009950248756218911, 0.0009950248756218911, 0.0009950248756218911, 0.0009950248756218911, 0.0009950248756218911], [0.9950248756218911, 0.0009950248756218911, 0.0009950248756218911, 0.0009950248756218911, 0.0009950248756218911, 0.0009950248756218911], [0.9950248756218911, 0.0009950248756218911, 0.0009950248756218911, 0.0009950248756218911, 0.0009950248756218911, 0.0009950248756218911], [0.9950248756218911, 0.0009950248756218911, 0.0009950248756218911, 0.0009950248756218911, 0.0009950248756218911, 0.0009950248756218911], [0.9950248756218911, 0.0009950248756218911, 0.0009950248756218911, 0.0009950248756218911, 0.0009950248756218911, 0.0009950248756218911], [0.9950248756218911, 0.0009950248756218911, 0.0009950248756218911, 0.0009950248756218911, 0.0009950248756218911, 0.0009950248756218911], [0.9950248756218911, 0.0009950248756218911, 0.0009950248756218911, 0.0009950248756218911, 0.0009950248756218911, 0.0009950248756218911], [0.9950248756218911, 0.0009950248756218911, 0.0009950248756218911, 0.0009950248756218911, 0.0009950248756218911, 0.0009950248756218911], [0.9950248756218911, 0.0009950248756218911, 0.0009950248756218911, 0.0009950248756218911, 0.0009950248756218911, 0.0009950248756218911], [0.9950248756218911, 0.0009950248756218911, 0.0009950248756218911, 0.0009950248756218911, 0.0009950248756218911, 0.0009950248756218911], [0.9950248756218911, 0.0009950248756218911, 0.0009950248756218911, 0.0009950248756218911, 0.0009950248756218911, 0.0009950248756218911], [0.9950248756218911, 0.0009950248756218911, 0.0009950248756218911, 0.0009950248756218911, 0.0009950248756218911, 0.0009950248756218911], [0.9950248756218911, 0.0009950248756218911, 0.0009950248756218911, 0.0009950248756218911, 0.0009950248756218911, 0.0009950248756218911], [0.9950248756218911, 0.0009950248756218911, 0.0009950248756218911, 0.0009950248756218911, 0.0009950248756218911, 0.0009950248756218911], [0.9950248756218911, 0.0009950248756218911, 0.0009950248756218911, 0.0009950248756218911, 0.0009950248756218911, 0.0009950248756218911], [0.9950248756218911, 0.0009950248756218911, 0.0009950248756218911, 0.0009950248756218911, 0.0009950248756218911, 0.0009950248756218911], [0.9950248756218911, 0.0009950248756218911, 0.0009950248756218911, 0.0009950248756218911, 0.0009950248756218911, 0.0009950248756218911], [0.9950248756218911, 0.0009950248756218911, 0.0009950248756218911, 0.0009950248756218911, 0.0009950248756218911, 0.0009950248756218911], [0.9950248756218911, 0.0009950248756218911, 0.0009950248756218911, 0.0009950248756218911, 0.0009950248756218911, 0.0009950248756218911], [0.9950248756218911, 0.0009950248756218911, 0.0009950248756218911, 0.0009950248756218911, 0.0009950248756218911, 0.0009950248756218911], [0.9950248756218911, 0.0009950248756218911, 0.0009950248756218911, 0.0009950248756218911, 0.0009950248756218911, 0.0009950248756218911], [0.9950248756218911, 0.0009950248756218911, 0.0009950248756218911, 0.0009950248756218911, 0.0009950248756218911, 0.0009950248756218911], [0.9950248756218911, 0.0009950248756218911, 0.0009950248756218911, 0.0009950248756218911, 0.0009950248756218911, 0.0009950248756218911], [0.9950248756218911, 0.0009950248756218911, 0.0009950248756218911, 0.0009950248756218911, 0.0009950248756218911, 0.0009950248756218911], [0.9950248756218911, 0.0009950248756218911, 0.0009950248756218911, 0.0009950248756218911, 0.0009950248756218911, 0.0009950248756218911], [0.9950248756218911, 0.0009950248756218911, 0.0009950248756218911, 0.0009950248756218911, 0.0009950248756218911, 0.0009950248756218911], [0.9950248756218911, 0.0009950248756218911, 0.0009950248756218911, 0.0009950248756218911, 0.0009950248756218911, 0.0009950248756218911], [0.9950248756218911, 0.0009950248756218911, 0.0009950248756218911, 0.0009950248756218911, 0.0009950248756218911, 0.0009950248756218911], [0.9950248756218911, 0.0009950248756218911, 0.0009950248756218911, 0.0009950248756218911, 0.0009950248756218911, 0.0009950248756218911], [0.9950248756218911, 0.0009950248756218911, 0.0009950248756218911, 0.0009950248756218911, 0.0009950248756218911, 0.0009950248756218911]], [[0.9950248756218911, 0.0009950248756218911, 0.0009950248756218911, 0.0009950248756218911, 0.0009950248756218911, 0.0009950248756218911], [0.908180379402417, 0.03170084874234715, 0.015770810327251143, 0.009569386907394867, 0.03257611436091067, 0.0022024602596791977], [0.8970773359019019, 0.0239889306389953, 0.03419993409081617, 0.007258416939980362, 0.03527931618193177, 0.0021960662463745505], [0.08909483145309094, 0.04184929720542387, 0.00684507930550698, 0.007171369117882039, 0.8526574590062801, 0.0023819639118159357], [0.8834561004826165, 0.030668811748512183, 0.037862272228005374, 0.007607360375004626, 0.03823491502955147, 0.002170540136309836], [0.23651281978141947, 0.041385796327548276, 0.007567798877099116, 0.00713180016492264, 0.7050244415491371, 0.0023773432998733116], [0.8882301130629122, 0.028833603100357572, 0.04115366645152091, 0.007524690995751094, 0.03208537157127486, 0.0021725548181833324], [0.8931949836040014, 0.041354616967183094, 0.021514174887300286, 0.010554279648648747, 0.031209356973131885, 0.0021725879197345044], [0.7935575318019049, 0.023467001564958418, 0.036378493228464384, 0.006258826800141864, 0.13859541227842265, 0.0017427343261077197], [0.9950248756218911, 0.0009950248756218911, 0.0009950248756218911, 0.0009950248756218911, 0.0009950248756218911, 0.0009950248756218911], [0.2855336752853593, 0.1963471855790299, 0.16596352996142877, 0.017571757696466708, 0.3326096905884551, 0.0019741608892602336], [0.28557559656370496, 0.3128398452901793, 0.05029316844974528, 0.01765095142072601, 0.331679195906256, 0.001961242369388389], [0.29914250709892953, 0.08259955108345192, 0.2792735131449176, 0.009793822257235305, 0.3271826081426358, 0.0020079982728299496], [0.8872347084997886, 0.027647256813345015, 0.04463954306113979, 0.00924056642321668, 0.029545509375036826, 0.001692415827473029], [0.9098601840748901, 0.02305479429431087, 0.03231356534755786, 0.0061146506690259875, 0.026898977794298163, 0.001757827819916878], [0.02651588379050824, 0.02977782717126426, 0.004771717220943177, 0.005627552110779657, 0.931392983138923, 0.0019140365675816124], [0.026691823761083533, 0.030268336725856982, 0.004346151614383917, 0.005671085781403867, 0.9311114336997275, 0.0019111684175442361], [0.03014298433850154, 0.02924628564641562, 0.005087085982912131, 0.005561398286798951, 0.9280515883109834, 0.0019106574343883598], [0.9187944782321412, 0.01900611945108694, 0.025964386901874522, 0.00574038472979378, 0.028711334250031948, 0.0017832964350715515], [0.8081351207726941, 0.018668295829938297, 0.14094331730171822, 0.0056855103895126855, 0.024779361175809506, 0.001788394530327158], [0.79853140095025, 0.14838518060895572, 0.015382068692429859, 0.00828809338984319, 0.02765490370697234, 0.0017583526515489655], [0.02937201330297646, 0.14474107747020992, 0.005119937738648983, 0.005535343090087947, 0.8133193097037135, 0.001912318694363269], [0.9147837215675461, 0.02078509755509243, 0.02396252601803416, 0.005789684335803229, 0.03289986661808949, 0.0017791039054347042], [0.03729457926672384, 0.035521949839585454, 0.0064693318806254745, 0.006802198439930115, 0.9115455387220571, 0.0023664018510780095], [0.9010422047419966, 0.02264681423573708, 0.0322141137004007, 0.007042822451209078, 0.034847320493737705, 0.002206724376918692], [0.9030661340804914, 0.022511869410315098, 0.032279281353056875, 0.00702315839983245, 0.03291294637547398, 0.002206610380830158], [0.9022418454524306, 0.02247866132304534, 0.031404631685061746, 0.006996276685173028, 0.03466778566034624, 0.0022107991939430056], [0.911239032359647, 0.01954266720071293, 0.028105277881778662, 0.005779261664018838, 0.03310402547751669, 0.002229735416325825], [0.9027749438002168, 0.022146100903828698, 0.03149960875614008, 0.0069151121093509035, 0.034452217396763365, 0.00221201703370004], [0.9040275827335548, 0.02250868695940053, 0.03150430400768006, 0.006987781738777411, 0.03275856236201934, 0.002213082198567726], [0.8711779734765676, 0.02959274690476702, 0.04134043165736682, 0.009166234967804944, 0.04582170505702544, 0.0029009079364681724], [0.08985617458787994, 0.08500835499235865, 0.05437514219481666, 0.018058026787052917, 0.7493980711937953, 0.0033042302440965004], [0.823571588248338, 0.06694203547555591, 0.0362377633218895, 0.01711586606627917, 0.05338435144339027, 0.0027483954445472153], [0.8283442292933543, 0.06672207520679577, 0.036122172184987936, 0.017128512673431788, 0.048921101548577574, 0.002761909092852838], [0.8008002091304339, 0.060231628110697114, 0.04754798454592377, 0.02499666911608636, 0.06350246981296413, 0.0029210392838946468], [0.3892798358922782, 0.057299097023328374, 0.029345180040714763, 0.0072182558601687485, 0.5152470037902089, 0.001610627393300989], [0.7333483706414792, 0.088613668503406, 0.04909594976276989, 0.08046992150256067, 0.046918590185351994, 0.0015534994044321376], [0.6710439278104158, 0.15467539635504746, 0.07976024925647067, 0.05737223510954948, 0.03454257994004035, 0.002605611528476262], [0.80672910062743, 0.08301181446229362, 0.0467067095005358, 0.023030631991839638, 0.038969934303617275, 0.0015518091142836489], [0.9950248756218911, 0.0009950248756218911, 0.0009950248756218911, 0.0009950248756218911, 0.0009950248756218911, 0.0009950248756218911]], [[0.9950248756218911, 0.0009950248756218911, 0.0009950248756218911, 0.0009950248756218911, 0.0009950248756218911, 0.0009950248756218911], [0.9065844114805647, 0.032962667583214596, 0.015794982240898453, 0.009694839832894616, 0.032756839590409176, 0.002206259272018332], [0.752887705644715, 0.2102089731849447, 0.000999000999000999, 0.0074108239330266746, 0.026234443619262904, 0.002259052619049894], [0.23137839365366486, 0.2184848680428381, 0.000999000999000999, 0.010008606824949449, 0.536817642612122, 0.0023114878674246], [0.22871658645751514, 0.21717186125220095, 0.000999000999000999, 0.010064822615230215, 0.5407703507899784, 0.0022773778860742722], [0.7194100306577701, 0.23864462967842476, 0.0009990009990009992, 0.010384335887224679, 0.02839664518860687, 0.0021653575889726117], [0.7261392987173234, 0.2295639393330957, 0.0009990009990009992, 0.009396498979743002, 0.03172231642699997, 0.0021789455438369566], [0.8728568749727263, 0.08634049514191769, 0.0009990009990009992, 0.009236408709167835, 0.028376590381634592, 0.0021906297955525834], [0.7902722015310405, 0.138662138183245, 0.03664140035946686, 0.006384451646086059, 0.026301911805797263, 0.001737896474364443], [0.9950248756218911, 0.0009950248756218911, 0.0009950248756218911, 0.0009950248756218911, 0.0009950248756218911, 0.0009950248756218911], [0.3026829652323763, 0.08416500856287458, 0.052592082036629226, 0.013768604369453256, 0.544819649414578, 0.0019716903840886844], [0.14868740773306321, 0.6280791639276467, 0.000999000999000999, 0.08693719063712302, 0.13347678587531364, 0.0018204508278523363], [0.6033411569083583, 0.25799748448328197, 0.0009990009990009992, 0.0856742172552901, 0.050046842100258754, 0.0019412982538099452], [0.7735076378446263, 0.19404458295463956, 0.0009990009990009992, 0.008768016104332952, 0.020938681314302484, 0.0017420807830978286], [0.9113495507244367, 0.057178019497620844, 0.000999000999000999, 0.006574862821362201, 0.022084400901633685, 0.0018141650559455023], [0.02517398128263483, 0.05392400445410242, 0.0009990009990009992, 0.007426473717025891, 0.9105099564950278, 0.001966583052208219], [0.9184078084628853, 0.04673176126641934, 0.000999000999000999, 0.005851526397149532, 0.026169032839464222, 0.0018408700350805206], [0.9133278344371859, 0.05102728391914876, 0.0009990009990009992, 0.006216783008700976, 0.02660236533148584, 0.0018267323044775258], [0.8035344556050195, 0.16834278426334884, 0.0009990009990009992, 0.0061688737241144265, 0.01912561604936272, 0.00182926935915365], [0.9180689254758668, 0.05350737749616592, 0.0009990009990009992, 0.006120560889200426, 0.019472477243014846, 0.0018316578967510838], [0.912089566381885, 0.05476361397352518, 0.000999000999000999, 0.006138913726612357, 0.024186717429474328, 0.001822187489501983], [0.06330709846973828, 0.16992677040732224, 0.000999000999000999, 0.0073735965788343065, 0.7564252204452954, 0.0019683130998087526], [0.7983500368536163, 0.17023831676453996, 0.0009990009990009992, 0.006174867500395731, 0.022416952672852535, 0.001820825209594527], [0.8989442912790403, 0.060183241028885844, 0.0009990009990009992, 0.007664113120238875, 0.029934288076664834, 0.002275065496169152], [0.9055801101969957, 0.05648288616165675, 0.000999000999000999, 0.007131663427388515, 0.02752253400319582, 0.0022838052117621845], [0.9020973933121703, 0.05635381822930032, 0.000999000999000999, 0.007126821280097897, 0.031137405198512016, 0.0022855609809184305], [0.026022283270217772, 0.059316989005964466, 0.0009990009990009992, 0.008733116675763642, 0.9024893170049005, 0.002439293044152741], [0.9032255628966507, 0.05541268723503472, 0.0009990009990009992, 0.007036919715416717, 0.031036705241095756, 0.002289123912801169], [0.029096848562858452, 0.05820135664857642, 0.0009990009990009992, 0.008599830994799777, 0.9006632646476146, 0.0024396981471498445], [0.9013747722630263, 0.05556608528040835, 0.000999000999000999, 0.007047923342337994, 0.03271961365006775, 0.0022926044651584683], [0.03430409190519336, 0.07432566947573715, 0.000999000999000999, 0.011255991048086023, 0.875899831575428, 0.0032154149965543674], [0.8683375087606305, 0.08192164328689128, 0.0009990009990009992, 0.009857143536729899, 0.034853585585173714, 0.004031117831573676], [0.8404917128846593, 0.1052191075980497, 0.0009990009990009992, 0.012169707798305417, 0.038222736756948414, 0.0028977339630363065], [0.5956577051270155, 0.21065866940638514, 0.0009990009990009992, 0.06833421663999835, 0.12117411008033402, 0.0031762977472659937], [0.6813941866546883, 0.1828354833754226, 0.0009990009990009992, 0.06857483561391657, 0.06298636893066697, 0.0032101244263045966], [0.7112596603464515, 0.21808726286473865, 0.0009990009990009992, 0.00927116819400018, 0.05724942897693577, 0.003133478618872941], [0.7081540363666889, 0.21614122468968003, 0.0009990009990009992, 0.01168005476894392, 0.059896640529595514, 0.0031290426460905854], [0.34552588723289823, 0.31266147834706837, 0.0009990009990009992, 0.211865248330528, 0.12685388083685067, 0.0020945042536537803], [0.8240483714996001, 0.08537201857389465, 0.04671771274940015, 0.00981671274429043, 0.03249586149380306, 0.001549322939011668], [0.9950248756218911, 0.0009950248756218911, 0.0009950248756218911, 0.0009950248756218911, 0.0009950248756218911, 0.0009950248756218911]], [[0.9950248756218911, 0.0009950248756218911, 0.0009950248756218911, 0.0009950248756218911, 0.0009950248756218911, 0.0009950248756218911], [0.9046781640460829, 0.023177871899263337, 0.0321957731219894, 0.007049695901379928, 0.030684143400807398, 0.0022143516304769695], [0.7555209267308477, 0.20892968561436806, 0.000999000999000999, 0.007625581135094603, 0.024657865728437117, 0.0022669397922514566], [0.2410512925243338, 0.21837939183078534, 0.000999000999000999, 0.010440583275660408, 0.5268285058730219, 0.002301225497197561], [0.5163762617477567, 0.16356160217312168, 0.000999000999000999, 0.09344573825459021, 0.22321203587201258, 0.0024053609535176846], [0.5832974848367808, 0.30251810923972966, 0.000999000999000999, 0.05404566115341819, 0.05673004380911703, 0.0024096999619532514], [0.27515475662430483, 0.12872961714717457, 0.000999000999000999, 0.01861990305716073, 0.5740065657204715, 0.0024901564518874093], [0.21450998279656502, 0.21752836276951976, 0.000999000999000999, 0.010167013966114913, 0.5544853317904519, 0.0023103076783474036], [0.9031345138174331, 0.02880363150268047, 0.02845461471249768, 0.0071396530337083895, 0.030716090010375112, 0.0017514969233051883], [0.9950248756218911, 0.0009950248756218911, 0.0009950248756218911, 0.0009950248756218911, 0.0009950248756218911, 0.0009950248756218911], [0.7029904963203708, 0.18897428157117785, 0.021744814689539083, 0.041382605605516064, 0.043123590347794796, 0.0017842114656014482], [0.8106953988690584, 0.14754082065871404, 0.000999000999000999, 0.010481321897972483, 0.028325531497967363, 0.001957926077286624], [0.5918723269192212, 0.36670002570051347, 0.000999000999000999, 0.010391662410133985, 0.028019694921145193, 0.0020172890499850905], [0.7464414583387787, 0.20331329698275166, 0.0009990009990009992, 0.008598337487059935, 0.03868258918837329, 0.0019653170040354407], [0.8964146892028793, 0.06808493146322456, 0.000999000999000999, 0.007816785988727225, 0.024920299086841582, 0.0017642932593263285], [0.9138508157860433, 0.05433573956255011, 0.000999000999000999, 0.006502205152913124, 0.02249154613578079, 0.0018206923637114946], [0.9194342738640024, 0.04698649545156256, 0.0009990009990009992, 0.00602716539157048, 0.024715233467879735, 0.0018378308259837598], [0.055787008805043684, 0.16933704743817998, 0.000999000999000999, 0.007671843174245873, 0.7642466939145842, 0.0019584056689452727], [0.7783461172461833, 0.18448422077535534, 0.000999000999000999, 0.007846123644360723, 0.026561890244447498, 0.0017626470906521325], [0.6619484997519189, 0.18569675921029666, 0.0009990009990009992, 0.007989670489676247, 0.1416085673686426, 0.0017575021804645153], [0.25289520496404466, 0.06644370354164976, 0.0009990009990009992, 0.00857361772322247, 0.6692448674522822, 0.0018436053197998304], [0.7733526174065221, 0.1861141260001779, 0.000999000999000999, 0.007889951696598042, 0.02989182169070723, 0.0017524822069936862], [0.8918591236289212, 0.07061035651255555, 0.0009990009990009992, 0.007941411495398381, 0.026828851833354064, 0.0017612555307698963], [0.0800196096298882, 0.06812157920434717, 0.0009990009990009992, 0.009774810426945514, 0.8386722861520332, 0.0024127135877849777], [0.8886283981147747, 0.068121466108606, 0.0009990009990009992, 0.0079029274764778, 0.032097563732868165, 0.002250643568272504], [0.0379695929052378, 0.06399665702639118, 0.000999000999000999, 0.009567408520712004, 0.8850555782858369, 0.002411762262821009], [0.026404339461509215, 0.058888596907861475, 0.0009990009990009992, 0.008998349762119445, 0.9022746761876743, 0.002435036681834735], [0.9044073880087538, 0.05505708780072337, 0.000999000999000999, 0.007199585589102344, 0.030050146552585123, 0.002286791049834265], [0.9075938338179768, 0.05262822088428863, 0.000999000999000999, 0.007144124718127385, 0.029332544851138842, 0.002302274729467303], [0.029635311130401416, 0.058525299814698714, 0.000999000999000999, 0.008912591567207353, 0.8994884725720746, 0.002439323916616835], [0.8704854080815048, 0.07706339679345565, 0.0009990009990009992, 0.00932137948946751, 0.038096007548570475, 0.004034807088000611], [0.0009950248756218907, 0.0009950248756218907, 0.0009950248756218907, 0.0009950248756218907, 0.0009950248756218907, 0.9950248756218907], [0.8331249120510363, 0.11220898449789879, 0.0009990009990009992, 0.013597932377038217, 0.03511194077230238, 0.004957229302723448], [0.7343762176042133, 0.18611844384780568, 0.0009990009990009992, 0.02909393100687638, 0.046163862925255296, 0.0032485436168484447], [0.40055924339063687, 0.2292916114600777, 0.000999000999000999, 0.2524519780447991, 0.11355480230417621, 0.0031433638013090453], [0.7401930192882819, 0.19308958891472452, 0.0009990009990009992, 0.005712984943283913, 0.05675620314598544, 0.003249202708723349], [0.733814765592229, 0.20298666948817778, 0.000999000999000999, 0.00532045230281061, 0.053666940487431355, 0.0032121711303501927], [0.7264432543153688, 0.17793115388640987, 0.0009990009990009992, 0.02703176157518889, 0.06438851995563902, 0.0032063092683924494], [0.2899567130686128, 0.07860852965102173, 0.050688675942769414, 0.009272272123968075, 0.5698758114771753, 0.00159799773645267], [0.9950248756218911, 0.0009950248756218911, 0.0009950248756218911, 0.0009950248756218911, 0.0009950248756218911, 0.0009950248756218911]], [[0.9950248756218911, 0.0009950248756218911, 0.0009950248756218911, 0.0009950248756218911, 0.0009950248756218911, 0.0009950248756218911], [0.8959662976917627, 0.026439837897919274, 0.03900597762424495, 0.007038256363851923, 0.02936007632531989, 0.0021895540969012516], [0.896630025654806, 0.06685259331362216, 0.0009990009990009992, 0.007704616516465133, 0.025549639744597428, 0.0022641237715084186], [0.8619080934894151, 0.094477270647262, 0.0009990009990009992, 0.010611517741248608, 0.029841617943731986, 0.002162499179341411], [0.2683854188884768, 0.2689662963836625, 0.0009990009990009992, 0.014968300431422605, 0.44417296793766653, 0.0025080153597706292], [0.17680721904532376, 0.49321489571346233, 0.000999000999000999, 0.08075805078889152, 0.24575037770960667, 0.0024704557437146804], [0.6164409432795213, 0.29577078312058586, 0.000999000999000999, 0.04018265171138771, 0.044191535637154146, 0.002415085252349934], [0.8589631740261077, 0.0974368612638353, 0.000999000999000999, 0.010625404239082155, 0.029820289146473934, 0.0021552703254999186], [0.04607821093889975, 0.15186021176250838, 0.00437191199927344, 0.006254038046489977, 0.7895425377992765, 0.00189308945355188], [0.9950248756218911, 0.0009950248756218911, 0.0009950248756218911, 0.0009950248756218911, 0.0009950248756218911, 0.0009950248756218911], [0.7860338715013172, 0.16473228564730763, 0.016633782245782353, 0.010636868033874727, 0.0206600516546921, 0.0013031409170259558], [0.7274198236200474, 0.12908401432216587, 0.0009990009990009992, 0.08806649391346918, 0.052474760007486444, 0.001955907137830191], [0.6690091069743158, 0.24088844146407298, 0.000999000999000999, 0.03898116418649284, 0.048158931107208564, 0.0019633552689086744], [0.8166080021534208, 0.1256250814980057, 0.000999000999000999, 0.017054009293344035, 0.037749092548628564, 0.0019648135075998443], [0.9202266668663093, 0.06983435633653332, 0.0009990009990009992, 0.002506015953112737, 0.004630867025598167, 0.0018030928194456303], [0.9192880163889783, 0.05231225424827291, 0.0009990009990009992, 0.006352355927645242, 0.01921787416045115, 0.0018304982756515342], [0.918938872810387, 0.047381777008143625, 0.0009990009990009992, 0.006042605216025726, 0.024800044131673884, 0.0018376998347688369], [0.07146084337563412, 0.16872795258602644, 0.0009990009990009992, 0.00769358647359315, 0.7491566061954803, 0.001962010370265072], [0.889393073721001, 0.0719192028381217, 0.000999000999000999, 0.00788156818392195, 0.0280529694741627, 0.0017541847837917672], [0.6123234937887663, 0.24795077166523238, 0.000999000999000999, 0.08357979223378977, 0.05318476157348188, 0.0019621797397286586], [0.3647112791597985, 0.3220237877105023, 0.0009990009990009992, 0.019103004677846737, 0.29119848076066224, 0.001964446692189338], [0.660064594229372, 0.25713832108101053, 0.000999000999000999, 0.03848438244951563, 0.0413224132640817, 0.0019912879770190304], [0.7374701962338985, 0.21470256747521668, 0.0009990009990009992, 0.009609691554197464, 0.0352927850912016, 0.0019257586464848182], [0.8653921098150922, 0.08737324286726474, 0.0009990009990009992, 0.00992262704463407, 0.03413628845056969, 0.002176730823438533], [0.17015042282726797, 0.21999134720134567, 0.0009990009990009992, 0.010685113311149371, 0.5958265400789445, 0.0023475755822915867], [0.745758774374998, 0.21264841560202485, 0.0009990009990009992, 0.008003319345249869, 0.030345853419196427, 0.0022446362595299613], [0.8999606064716068, 0.05735339504570473, 0.000999000999000999, 0.007344352026336171, 0.03206148702161963, 0.002281158435731682], [0.9084679888674685, 0.05497065489995815, 0.000999000999000999, 0.00729948135142573, 0.02596869193114327, 0.002294181951003253], [0.9106228040575622, 0.053114102079356754, 0.000999000999000999, 0.00718452716680269, 0.025780556549128874, 0.0022990091481484226], [0.908819044167646, 0.05302167165025253, 0.000999000999000999, 0.007189014454321888, 0.027668441810889864, 0.0023028269178885603], [0.882968888549767, 0.06730359692453881, 0.0009990009990009992, 0.009399997388986342, 0.03630176620353312, 0.0030267499341739036], [0.05946912433918917, 0.08196563879012679, 0.0009990009990009992, 0.012083757394076543, 0.8401994360989179, 0.005283042378688652], [0.0009950248756218907, 0.0009950248756218907, 0.0009950248756218907, 0.0009950248756218907, 0.0009950248756218907, 0.9950248756218907], [0.26518989076692406, 0.15152094002898228, 0.000999000999000999, 0.019330232895224224, 0.5574910940443498, 0.0054688412655184366], [0.0009950248756218907, 0.0009950248756218907, 0.0009950248756218907, 0.0009950248756218907, 0.0009950248756218907, 0.9950248756218907], [0.7217705346589636, 0.21059464940442918, 0.000999000999000999, 0.0136302749871846, 0.04864222527252737, 0.004363314677894257], [0.7692624239650294, 0.14711674855416018, 0.0009990009990009988, 0.014154533465571077, 0.06530869122785088, 0.0031586017883873515], [0.8181487707464559, 0.12804464280085012, 0.000999000999000999, 0.01432567397919051, 0.035648771397608976, 0.0028331400768933906], [0.822631948532287, 0.06851924491238011, 0.035115097958964156, 0.017307875807755644, 0.05368886090040575, 0.0027369718882073366], [0.9950248756218911, 0.0009950248756218911, 0.0009950248756218911, 0.0009950248756218911, 0.0009950248756218911, 0.0009950248756218911]], [[0.9950248756218911, 0.0009950248756218911, 0.0009950248756218911, 0.0009950248756218911, 0.0009950248756218911, 0.0009950248756218911], [0.8881047561356181, 0.02842156000758002, 0.04107083479132862, 0.0075700435401570895, 0.032660037565122764, 0.0021727679601933722], [0.10347938805622794, 0.0700188420918881, 0.0009990009990009992, 0.009589279800841484, 0.8134930804256886, 0.002420408626352978], [0.8614417614520163, 0.08983187231536031, 0.0009990009990009992, 0.009980654074639453, 0.03558425878768362, 0.002162452371299357], [0.7762998581322533, 0.1594840099331624, 0.000999000999000999, 0.02247015691252153, 0.03834680277215195, 0.0024001712509097214], [0.2889786645739464, 0.26974557469727456, 0.000999000999000999, 0.015093211800745911, 0.42266759430545436, 0.0025159536235778088], [0.6453739971135674, 0.2967274303065095, 0.0009990009990009992, 0.02054545495050472, 0.033940311956583334, 0.0024138046738342565], [0.8639849397894451, 0.037997916712587385, 0.04775071105314186, 0.009721248858870801, 0.03843682021662012, 0.0021083633693346937], [0.6645424519355858, 0.15827245609456692, 0.1310726464152845, 0.010710118545226544, 0.03371085539449407, 0.0016914716148422376], [0.9950248756218911, 0.0009950248756218911, 0.0009950248756218911, 0.0009950248756218911, 0.0009950248756218911, 0.0009950248756218911], [0.8842905354261248, 0.04032713789615107, 0.01972413863617969, 0.01612644287217635, 0.037711336684991395, 0.0018204084843766663], [0.7193158425903123, 0.10389604108518413, 0.000999000999000999, 0.020399644976067343, 0.1533826984584191, 0.002006771891015929], [0.6103090294928359, 0.11491761338604327, 0.000999000999000999, 0.18890260840251027, 0.08357389789789957, 0.0012978498217098814], [0.20664389874438474, 0.1146876510349617, 0.000999000999000999, 0.013079304436518753, 0.6627367344514893, 0.001853410333644461], [0.7966018584145098, 0.19124893450806227, 0.0009990009990009992, 0.0028097400258208843, 0.0065601653938121875, 0.001780300658793875], [0.909623871642454, 0.05892597364127025, 0.0009990009990009992, 0.006885112459739483, 0.021761861915865044, 0.0018041793416702539], [0.799497251989771, 0.16873463610669928, 0.000999000999000999, 0.006485684495441702, 0.022461149547852995, 0.0018222768612339904], [0.18191748305109542, 0.057726001011706586, 0.0009990009990009992, 0.008486810248346894, 0.7489233517916273, 0.001947352898222921], [0.6552793772414105, 0.30782834422011035, 0.0009990009990009992, 0.008755864570353754, 0.025396769091905545, 0.0017406438772189353], [0.5787933683958982, 0.3603411708946331, 0.0009990009990009992, 0.030633582500094438, 0.027273189993458655, 0.0019596872169146324], [0.23009797251963318, 0.4774319848885037, 0.000999000999000999, 0.18417643399958245, 0.10555493014980855, 0.0017396774434711463], [0.6021544091920424, 0.14792846622662972, 0.000999000999000999, 0.20061388048574724, 0.046330609068976146, 0.0019736340276034015], [0.5423694374657968, 0.37075734602722293, 0.000999000999000999, 0.03884195975170883, 0.0450460741921953, 0.0019861815640749877], [0.7576518344889236, 0.15887711063765647, 0.0009990009990009992, 0.03223336317947479, 0.04782420021866945, 0.0024144904762747666], [0.7202198458688984, 0.23175365177414212, 0.000999000999000999, 0.00985006022108159, 0.03501017823546765, 0.002167262901409231], [0.7440088691997387, 0.21397471731867188, 0.000999000999000999, 0.008083629837980822, 0.030692220254975755, 0.0022415623896317924], [0.02891839958314315, 0.06278717431894205, 0.0009990009990009992, 0.009198023823393811, 0.8956727808295908, 0.002424620445929312], [0.7585704156864691, 0.19876475732544321, 0.0009990009990009992, 0.007325376938451999, 0.03205812811046722, 0.002282320940167432], [0.9077821290028886, 0.05407892927469371, 0.0009990009990009992, 0.0072212142536526615, 0.027620451076483764, 0.002298275393280354], [0.9106694236000392, 0.05301813224679454, 0.0009990009990009992, 0.007182506488929703, 0.025828707464670923, 0.0023022292005646437], [0.8843169760822159, 0.06879083927680105, 0.0009990009990009992, 0.00931622093409661, 0.03355616670204225, 0.003020796005843192], [0.8706497380676602, 0.08069784440656116, 0.0009990009990009992, 0.010005655893291074, 0.03465554787936261, 0.0029922127541239987], [0.8392311827768969, 0.10305507255839587, 0.000999000999000999, 0.01229910420302163, 0.04048462198350625, 0.0039310174791782684], [0.8422550906451237, 0.10012683849156004, 0.0009990009990009992, 0.012056451442673111, 0.04060877413715539, 0.003953844284486791], [0.0009950248756218907, 0.0009950248756218907, 0.0009950248756218907, 0.0009950248756218907, 0.0009950248756218907, 0.9950248756218907], [0.8305979404654324, 0.10772687579494929, 0.000999000999000999, 0.012753902378143446, 0.04400436069900168, 0.003917919663472206], [0.8207313557825225, 0.11747961947502242, 0.0009990009990009992, 0.012949749552663828, 0.045000086318961505, 0.0028401878718287634], [0.03600519925070393, 0.08978957556113605, 0.0009990009990009992, 0.012314708607559295, 0.8577062179127146, 0.003185297668885202], [0.8543795376521344, 0.03683118585621064, 0.05429416040900987, 0.009829605407459493, 0.04181359966618943, 0.0028519110089961406], [0.9950248756218911, 0.0009950248756218911, 0.0009950248756218911, 0.0009950248756218911, 0.0009950248756218911, 0.0009950248756218911]], [[0.9950248756218911, 0.0009950248756218911, 0.0009950248756218911, 0.0009950248756218911, 0.0009950248756218911, 0.0009950248756218911], [0.8594100798267413, 0.03574264125065295, 0.05055164069387816, 0.009193718759541215, 0.04301088986456348, 0.0020910296046228612], [0.2004202231098464, 0.08002875635289715, 0.000999000999000999, 0.010720984235225233, 0.705497779408318, 0.002333255894712085], [0.49891966760297213, 0.11605776498148428, 0.000999000999000999, 0.01570477688066632, 0.36587450846945657, 0.0024442810664196636], [0.8129202127948223, 0.11908224157874704, 0.0009990009990009992, 0.011007291406992154, 0.05363498680333567, 0.002356266417101804], [0.884725784883818, 0.04350420540140256, 0.02190661987386189, 0.016772388050296235, 0.03128532225087476, 0.001805679539746552], [0.7258957127041082, 0.03862538778812987, 0.04223481437327155, 0.009957099860141306, 0.1811711044107936, 0.002115880863555536], [0.8642886525150527, 0.03545789103394549, 0.05223187706264197, 0.00948713885752718, 0.0364441708183273, 0.0020902697125054193], [0.9950248756218911, 0.0009950248756218911, 0.0009950248756218911, 0.0009950248756218911, 0.0009950248756218911, 0.0009950248756218911], [0.8925784054486021, 0.04608539460374969, 0.016081458141466876, 0.011384859298982452, 0.032192901997832674, 0.0016769805093661888], [0.8967984855767086, 0.057483923180659265, 0.014300121047210356, 0.011980203075023541, 0.018144095724937147, 0.001293171395461127], [0.7173943655788294, 0.12742155713250763, 0.0009990009990009992, 0.0033242944802798994, 0.14890455498171706, 0.0019562268276649866], [0.8181391153498069, 0.14045360586702124, 0.000999000999000999, 0.008716608675286053, 0.0297049003050243, 0.001986768803860475], [0.7000247444095294, 0.25506540130514094, 0.000999000999000999, 0.008426508657554354, 0.03350313676721023, 0.0019812078615639955], [0.29844085906994733, 0.20691330058163096, 0.0009990009990009992, 0.013179063955041538, 0.4783766320601237, 0.002091143334255423], [0.8940967132885171, 0.06888499051839217, 0.000999000999000999, 0.007862756103709038, 0.026392814136441033, 0.0017637249539395722], [0.8009612179438182, 0.05388150997040849, 0.0009990009990009992, 0.006887192731290982, 0.1354479313382239, 0.0018231470172574097], [0.7910911505680636, 0.05946833225760585, 0.000999000999000999, 0.12187498752512756, 0.024762746794968763, 0.0018037818552331755], [0.4477295107951269, 0.20273323257792328, 0.000999000999000999, 0.013073242751648907, 0.33347348105228913, 0.0019915318240107762], [0.5861020121663503, 0.2569394596302589, 0.0009990009990009992, 0.00853634815276279, 0.14543796974620604, 0.001985209305421038], [0.6972712707339687, 0.14354306986718937, 0.0009990009990009992, 0.008734610345569995, 0.14748867132518675, 0.001963376729084263], [0.42417264299828444, 0.20624945190997276, 0.000999000999000999, 0.015496956379197712, 0.3511983488048345, 0.0018835989087095178], [0.3655644513076674, 0.3407916609654591, 0.0009990009990009992, 0.1824242741708227, 0.10847124965419357, 0.0017493629028562845], [0.19149678802753783, 0.2692061734942665, 0.000999000999000999, 0.023702188175040207, 0.5119776851186414, 0.0026181641855130837], [0.3239042480662653, 0.08221791630545058, 0.0009990009990009992, 0.010570279615675405, 0.5799861668082666, 0.0023223882053411216], [0.039444928625853685, 0.21184050777051788, 0.0009990009990009992, 0.00969628576861352, 0.7355971052202892, 0.002422171615724807], [0.750122806364252, 0.20684423330854454, 0.0009990009990009992, 0.0074808324004289545, 0.03228579638176024, 0.002267330546013267], [0.027125629062029293, 0.06053102727499669, 0.0009990009990009992, 0.009255300107261067, 0.8996573637860668, 0.0024316787706453037], [0.026463621781837646, 0.05931348203566033, 0.0009990009990009992, 0.009033569073436243, 0.9017568322840409, 0.002433493826023867], [0.9034728012695833, 0.05571021817863052, 0.0009990009990009992, 0.007277096048603109, 0.030253837823137467, 0.00228704568104469], [0.8816261671548014, 0.06948353089259797, 0.0009990009990009992, 0.009401002414725261, 0.03547203958847278, 0.0030182589504017497], [0.9096223648513984, 0.07649077439140564, 0.0009990009990009992, 0.0032417773854648306, 0.006630684366264772, 0.0030153980064654825], [0.8758038391727466, 0.08097458796710819, 0.000999000999000999, 0.009782595388217944, 0.029442839624501664, 0.0029971368484245447], [0.8708849080659269, 0.08129062379720954, 0.000999000999000999, 0.009966496688536703, 0.033864958561227856, 0.002994011888097879], [0.07472516977082168, 0.13186597104574801, 0.0009990009990009992, 0.015979776898278973, 0.7717722639060713, 0.00465781738007905], [0.038361054501930225, 0.085258759249902, 0.0009990009990009992, 0.012378351744510551, 0.85876205247052, 0.004240781034136414], [0.8610704449291146, 0.08445169243988565, 0.0009990009990009992, 0.01004752190463893, 0.03941824863724091, 0.0040130910901189955], [0.03191226387954645, 0.08392948902319933, 0.0009990009990009992, 0.011835163452901261, 0.868106551222658, 0.003217531422693992], [0.865073519826847, 0.031300190387129626, 0.04239980833755445, 0.009232127037693535, 0.049115547766722514, 0.0028788066440529098], [0.9950248756218911, 0.0009950248756218911, 0.0009950248756218911, 0.0009950248756218911, 0.0009950248756218911, 0.0009950248756218911]], [[0.9950248756218911, 0.0009950248756218911, 0.0009950248756218911, 0.0009950248756218911, 0.0009950248756218911, 0.0009950248756218911], [0.2158449940376263, 0.04428069196999468, 0.008904439100425586, 0.007811919710388409, 0.72089311000701, 0.002264845174555187], [0.6735738273262818, 0.16210435834876089, 0.000999000999000999, 0.09153360699248053, 0.06941568442608376, 0.0023735219073919953], [0.5897675089154963, 0.15848312545745052, 0.0009990009990009992, 0.0581068326090713, 0.19025351526164805, 0.0023900167573327542], [0.37813512364527246, 0.12145363363306406, 0.04220690905106126, 0.014407770257528117, 0.44104444937280524, 0.002752114040268902], [0.21772581560710033, 0.04735738282056743, 0.0069089569686682055, 0.008214245654934851, 0.7175852926880706, 0.0022083062606586584], [0.9950248756218911, 0.0009950248756218911, 0.0009950248756218911, 0.0009950248756218911, 0.0009950248756218911, 0.0009950248756218911], [0.9950248756218911, 0.0009950248756218911, 0.0009950248756218911, 0.0009950248756218911, 0.0009950248756218911, 0.0009950248756218911], [0.8910200713098441, 0.04597245861942745, 0.016101635509587802, 0.011339194885780038, 0.03389357723100533, 0.0016730624443554091], [0.693978411132747, 0.10418868299100881, 0.030780951015222893, 0.08419015003239086, 0.08521940485169271, 0.0016423999769377524], [0.711854066795317, 0.20555960087509084, 0.0009990009990009992, 0.03629568681872645, 0.0441200803384445, 0.0011715641734203258], [0.7061018836116394, 0.12942216290067954, 0.0009990009990009992, 0.007272744967365517, 0.15426077233409016, 0.0019434351872244413], [0.49004484063873516, 0.36937223967378313, 0.0009990009990009992, 0.08137262411463725, 0.056221917732405605, 0.0019893768414379876], [0.4560839792206633, 0.20855843991133272, 0.0009990009990009988, 0.02082866153684316, 0.3115741738377408, 0.001955744494418897], [0.5374031184824284, 0.37780010007456405, 0.000999000999000999, 0.03602414353993192, 0.04578858603074939, 0.0019850508733251634], [0.7789960500422174, 0.18385946913709958, 0.000999000999000999, 0.007842714057106123, 0.026538566576816178, 0.0017641991877597942], [0.9152680169775943, 0.05404230190277471, 0.000999000999000999, 0.006429729694976962, 0.021436922980957198, 0.0018240274446957678], [0.6790497507266321, 0.1731063867928003, 0.000999000999000999, 0.0073346505032048075, 0.13770439478839072, 0.0018058161899709615], [0.7377196776098006, 0.09159079202295907, 0.0009990009990009992, 0.008615436843202479, 0.15914361119511683, 0.0019314813299200024], [0.3291444328360156, 0.32803473607965056, 0.0009990009990009992, 0.02894366000574039, 0.31088385314708583, 0.0019943169325067076], [0.7405348356787104, 0.1454485406880582, 0.0009990009990009992, 0.07228522475631592, 0.03877214681853759, 0.001960251059376891], [0.5398497494493738, 0.08852113151323096, 0.0009990009990009992, 0.020233161256910236, 0.3485910710613811, 0.0018058857201029787], [0.5831720245354411, 0.3709954623502897, 0.0009990009990009992, 0.010777841791959036, 0.