{"prediction": [[[0.9681908199908825, 0.009940368752849241, 0.0009940368752849242, 0.009940368752849241, 0.009940368752849241, 0.0009940368752849242], [0.9678043123984207, 0.009940951290631562, 0.0013787386006215807, 0.009940951290631562, 0.009940951290631562, 0.0009940951290631562], [0.968193630347632, 0.009939490516365031, 0.000993949051636503, 0.009939490516365031, 0.009939490516365031, 0.000993949051636503], [0.9681958028677972, 0.009938811603813423, 0.0009938811603813424, 0.009938811603813423, 0.009938811603813423, 0.0009938811603813424], [0.9653900748211774, 0.009942683771445282, 0.003787605487342345, 0.009942683771445282, 0.009942683771445282, 0.0009942683771445283], [0.9653775326541785, 0.009942651297405892, 0.003800248323863464, 0.009942651297405892, 0.009942651297405892, 0.0009942651297405892], [0.9654759675916564, 0.009961648080996106, 0.001514028413922774, 0.009961648080996106, 0.012090543024328996, 0.0009961648080996106], [0.9671846461119455, 0.009941344864624455, 0.001997184807718845, 0.009941344864624455, 0.009941344864624455, 0.0009941344864624454], [0.968194611880728, 0.00993918378727256, 0.000993918378727256, 0.00993918378727256, 0.00993918378727256, 0.000993918378727256], [0.9681958028677972, 0.009938811603813423, 0.0009938811603813424, 0.009938811603813423, 0.009938811603813423, 0.0009938811603813424], [0.9681958028677972, 0.009938811603813423, 0.0009938811603813424, 0.009938811603813423, 0.009938811603813423, 0.0009938811603813424], [0.9681958028677972, 0.009938811603813423, 0.0009938811603813424, 0.009938811603813423, 0.009938811603813423, 0.0009938811603813424], [0.9683120765311057, 0.009902476084029478, 0.0009902476084029477, 0.009902476084029478, 0.009902476084029478, 0.0009902476084029477], [0.9683120765311057, 0.009902476084029478, 0.0009902476084029477, 0.009902476084029478, 0.009902476084029478, 0.0009902476084029477], [0.9683120765311057, 0.009902476084029478, 0.0009902476084029477, 0.009902476084029478, 0.009902476084029478, 0.0009902476084029477], [0.9681958028677972, 0.009938811603813423, 0.0009938811603813424, 0.009938811603813423, 0.009938811603813423, 0.0009938811603813424], [0.9681958028677972, 0.009938811603813423, 0.0009938811603813424, 0.009938811603813423, 0.009938811603813423, 0.0009938811603813424], [0.9681958028677972, 0.009938811603813423, 0.0009938811603813424, 0.009938811603813423, 0.009938811603813423, 0.0009938811603813424], [0.9681958028677972, 0.009938811603813423, 0.0009938811603813424, 0.009938811603813423, 0.009938811603813423, 0.0009938811603813424], [0.9681958026457683, 0.009938811673197438, 0.0009938811673197438, 0.009938811673197438, 0.009938811673197438, 0.0009938811673197438], [0.9667327969793648, 0.009942582077285067, 0.0024451985810516725, 0.009942582077285067, 0.009942582077285067, 0.0009942582077285067], [0.9645925593455317, 0.0099586348469339, 0.004535672628973437, 0.0099586348469339, 0.0099586348469339, 0.00099586348469339], [0.9681908671856289, 0.009940354004490995, 0.0009940354004490995, 0.009940354004490995, 0.009940354004490995, 0.0009940354004490995], [0.9644004545500985, 0.010155327634247098, 0.0045219376446269735, 0.009962990557632216, 0.009962990557632216, 0.0009962990557632215], [0.9574260281035152, 0.01713944280323304, 0.004513542119357032, 0.009962374749473731, 0.009962374749473731, 0.0009962374749473732], [0.9251504513291742, 0.039827888366706275, 0.012036931982106728, 0.009968481520935782, 0.012019398648983616, 0.0009968481520935782], [0.9579933845355275, 0.01659680202070102, 0.004539740022261497, 0.009938130200719089, 0.009938130200719089, 0.0009938130200719088], [0.9598212132234276, 0.009943069805999417, 0.009355270377974283, 0.009943069805999417, 0.009943069805999417, 0.0009943069805999417], [0.9681945834978893, 0.009939192656909603, 0.0009939192656909603, 0.009939192656909603, 0.009939192656909603, 0.0009939192656909603], [0.9681942642531977, 0.009939292420875762, 0.000993929242087576, 0.009939292420875762, 0.009939292420875762, 0.000993929242087576], [0.9681958028677972, 0.009938811603813423, 0.0009938811603813424, 0.009938811603813423, 0.009938811603813423, 0.0009938811603813424], [0.9681958028677972, 0.009938811603813423, 0.0009938811603813424, 0.009938811603813423, 0.009938811603813423, 0.0009938811603813424], [0.9681958028677972, 0.009938811603813423, 0.0009938811603813424, 0.009938811603813423, 0.009938811603813423, 0.0009938811603813424], [0.9681958028677972, 0.009938811603813423, 0.0009938811603813424, 0.009938811603813423, 0.009938811603813423, 0.0009938811603813424], [0.9651414205767543, 0.009940951254618224, 0.004041630533929427, 0.009940951254618224, 0.009940951254618224, 0.0009940951254618223], [0.9651419306765581, 0.00994204247231647, 0.004037737659260969, 0.00994204247231647, 0.00994204247231647, 0.000994204247231647], [0.9660792689642753, 0.009941927041199967, 0.003100757208005006, 0.009941927041199967, 0.009941927041199967, 0.0009941927041199968], [0.9660821976719962, 0.0099409512169022, 0.0031008535556071417, 0.0099409512169022, 0.0099409512169022, 0.00099409512169022], [0.965366233455201, 0.009941711298279398, 0.0038144615201331066, 0.009941711298279398, 0.009941711298279398, 0.0009941711298279397], [0.9654569792176785, 0.009941159671597859, 0.003725425800368308, 0.009941159671597859, 0.009941159671597859, 0.000994115967159786]], [[0.9677230415560027, 0.009940951287152089, 0.001460009453825936, 0.009940951287152089, 0.009940951287152089, 0.0009940951287152088], [0.9140281890745104, 0.02852139879638487, 0.03356642122075625, 0.00998132686894733, 0.01290453135250656, 0.0009981326868947328], [0.8516687380545414, 0.05974032207605885, 0.05517708955992224, 0.009981602348454363, 0.022434087726177818, 0.0009981602348454364], [0.8020652094848008, 0.08062693945020537, 0.075214935196336, 0.011149563260334918, 0.029943519984195515, 0.0009998326241273234], [0.2645358042334272, 0.09700489515700401, 0.10656403142021537, 0.016594332774407874, 0.5143011037904346, 0.0009998326245109737], [0.24068914720982967, 0.07622083827912138, 0.0741737426934197, 0.011749607907910783, 0.5961668312852025, 0.0009998326245160393], [0.8433437023644378, 0.06373505397692873, 0.05605101273551896, 0.010198288059427149, 0.025672110236490662, 0.0009998326271966871], [0.23037906555739124, 0.041666262164058054, 0.04859121500224171, 0.009986598916217459, 0.6683781984684699, 0.0009986598916217459], [0.2386061681048187, 0.052208827199132606, 0.04872059067886082, 0.009987070515551642, 0.6494786364500812, 0.0009987070515551644], [0.7112552337406661, 0.04374887315770592, 0.04786316243487599, 0.009981538810156001, 0.18615303797558047, 0.0009981538810156002], [0.7512812385223007, 0.03151769492857592, 0.026718949233595437, 0.00998130444902018, 0.17950268242160597, 0.0009981304449020179], [0.9421550944162725, 0.016945617033989904, 0.019975418109520443, 0.009963747828674926, 0.009963747828674926, 0.0009963747828674926], [0.9512964569331721, 0.016371462281477116, 0.01145990757152703, 0.009939130101820813, 0.009939130101820813, 0.0009939130101820812], [0.6736252060853682, 0.00993819582669872, 0.014560990531963169, 0.00993819582669872, 0.29094359214660126, 0.000993819582669872], [0.9553464899534555, 0.009908465397783112, 0.013937267313417052, 0.009908465397783112, 0.009908465397783112, 0.0009908465397783113], [0.7948146476747003, 0.009950011485214318, 0.009950011485214318, 0.009950011485214318, 0.17434031672113526, 0.0009950011485214318], [0.7910370720970432, 0.00996345208136004, 0.013460649325687347, 0.00996345208136004, 0.17457902920641358, 0.000996345208136004], [0.20007052152140203, 0.013986262350990377, 0.02031053619994147, 0.009981117235853917, 0.7546534509682268, 0.0009981117235853918], [0.9268188797044897, 0.024569704273484514, 0.027192561698959738, 0.009981200438633169, 0.010439533840569512, 0.000998120043863317], [0.05153537644394234, 0.034638183376044435, 0.03401857668883853, 0.009981447114539703, 0.8688282716651811, 0.0009981447114539702], [0.23841242010625682, 0.05922347851923157, 0.055356005526066676, 0.009994004782151185, 0.6360146905880787, 0.0009994004782151184], [0.2414371392982351, 0.07585170290071395, 0.07063882708709839, 0.012405873995854723, 0.5986666240937538, 0.0009998326243442187], [0.5719462524137688, 0.09358613516178399, 0.10646106754790145, 0.016270424946615118, 0.21073628730488628, 0.000999832625044297], [0.637886549125848, 0.08023317009012697, 0.0682812230216346, 0.011622654115535279, 0.20097657102226457, 0.000999832624590716], [0.6557030419910763, 0.13134725576852496, 0.1511006480312255, 0.018649403697339792, 0.04219981789450133, 0.0009998326173320774], [0.38794546214738285, 0.13325385693390168, 0.12710836166676273, 0.016313799223962245, 0.33437880629873673, 0.0009997137292537136], [0.7047316040650681, 0.11255681731244972, 0.12948252906399121, 0.016066591768320846, 0.03616274406022464, 0.0009997137299455144], [0.09772145184965776, 0.09245059155168701, 0.10914447598456432, 0.015838327413415686, 0.6838453205792475, 0.000999832621427762], [0.8141304402778193, 0.07786732744671991, 0.06849000060973941, 0.010190504806115308, 0.028321894234338365, 0.0009998326252677028], [0.6871151205462535, 0.058775720454155314, 0.05341324836727743, 0.009981579152115528, 0.18971617356498685, 0.0009981579152115528], [0.2152785991158079, 0.031099839535673173, 0.03585581291416918, 0.00998133389485007, 0.7067862811500147, 0.000998133389485007], [0.9194808795741093, 0.027032097882862875, 0.0294127983859975, 0.009981305558513336, 0.013094788042665714, 0.0009981305558513336], [0.9276761197499895, 0.02287047257624958, 0.028268039588333082, 0.009981195167572461, 0.010206053401098158, 0.0009981195167572462], [0.7587149914799675, 0.02370962732020786, 0.029885696831877622, 0.00998128432339224, 0.17671027161221564, 0.000998128432339224], [0.0497159487583286, 0.03346807805741117, 0.03504512309896007, 0.00998144965830448, 0.8707912554611653, 0.000998144965830448], [0.2107473739165484, 0.025808500849569063, 0.03243577273603463, 0.009981337653767202, 0.7200288810787041, 0.0009981337653767201], [0.2008237170193857, 0.02119858898382846, 0.029024403241973494, 0.009981296423379502, 0.7379738646890951, 0.0009981296423379501], [0.20137858193231672, 0.016471486846156957, 0.024461308625196236, 0.00998125785620532, 0.7467092389545044, 0.000998125785620532], [0.1983646661465039, 0.015991071345122114, 0.03128078849603863, 0.00998109443483645, 0.7433842701340153, 0.0009981094434836448], [0.9681956687214549, 0.00993885352454535, 0.000993885352454535, 0.00993885352454535, 0.00993885352454535, 0.000993885352454535]], [[0.9681913372980746, 0.009940207094351696, 0.0009940207094351697, 0.009940207094351696, 0.009940207094351696, 0.0009940207094351697], [0.8777974919818136, 0.040910864120640586, 0.051555029625110486, 0.009981533374317494, 0.0187569275606863, 0.0009981533374317493], [0.24179079777945542, 0.12219058407540687, 0.01593202238060689, 0.011202450573715364, 0.6078843125636326, 0.0009998326271829572], [0.5230990705113184, 0.2412006757142538, 0.008110567655968893, 0.01956615242232101, 0.20702370107071977, 0.00099983262541813], [0.651527847377364, 0.2643906977383327, 0.004880778454665045, 0.020177073686031853, 0.058023770119240266, 0.0009998326243662269], [0.2633163790316074, 0.2502098132330727, 0.010257263154074292, 0.021151727690541754, 0.4540649842618042, 0.000999832628899914], [0.2448881435282687, 0.12589287309785027, 0.005993966191200882, 0.012478847352233265, 0.6097463372034655, 0.000999832626981576], [0.8227068154865124, 0.12711237125525493, 0.004137575165405378, 0.011480995882695421, 0.03356240958230633, 0.0009998326278256035], [0.26622154351406885, 0.17297465625896719, 0.009175247226215523, 0.01701938165603473, 0.5336093387186785, 0.0009998326260352132], [0.8396485294668129, 0.1120994117538124, 0.006482446612881666, 0.011022909629170758, 0.02974686990811805, 0.0009998326292043273], [0.7092843250611748, 0.08192115598011097, 0.0074212777643279, 0.009981547123167128, 0.19039353935890238, 0.0009981547123167128], [0.9297072513844651, 0.02924432875901868, 0.01595048527976324, 0.009981170399609256, 0.014118647137182878, 0.0009981170399609256], [0.9562722808530739, 0.012789841550101905, 0.010062415558114364, 0.009940696208909557, 0.009940696208909557, 0.0009940696208909556], [0.6783381701181012, 0.009937596424895268, 0.00878727684930565, 0.009937596424895268, 0.29200560054031327, 0.000993759642489527], [0.026437315660523757, 0.009938833624309617, 0.011115326612628429, 0.009938833624309617, 0.9415758071157978, 0.0009938833624309616], [0.9601744549536037, 0.009947149819316046, 0.008989380606516708, 0.009947149819316046, 0.009947149819316046, 0.0009947149819316047], [0.959053621283262, 0.009947980346866284, 0.01010763964145271, 0.009947980346866284, 0.009947980346866284, 0.0009947980346866284], [0.7850526968664644, 0.016026639980420955, 0.011675218535074777, 0.009981023923034226, 0.1762663183027024, 0.0009981023923034227], [0.923858902306299, 0.03946735061275977, 0.0105097544967596, 0.009981218245280865, 0.015184652514372836, 0.0009981218245280865], [0.8828554596731846, 0.07415096643725103, 0.007183883677107488, 0.009981555944101902, 0.024829978673944816, 0.0009981555944101903], [0.2475703024525677, 0.11807458176075705, 0.003619429618175909, 0.011951953365901737, 0.6177839001745554, 0.0009998326280423145], [0.27210739017289337, 0.2367961136122232, 0.005236722004050518, 0.021064022236583053, 0.46379591934664716, 0.0009998326276026964], [0.659165197723009, 0.2535539983077981, 0.005059468441994681, 0.02019676235355528, 0.06102474055021998, 0.000999832623422878], [0.1022300920784677, 0.22408368554458838, 0.012217442730037154, 0.02077665883139186, 0.6396922881892592, 0.0009998326262559353], [0.6674950979270254, 0.24556871122917207, 0.007576604585917611, 0.01872519670129397, 0.05963455693245266, 0.000999832624138319], [0.2750527664333486, 0.2513230625304597, 0.011476897623766903, 0.022370748633400293, 0.438776811042048, 0.0009997137369765687], [0.6808975386901768, 0.23974858060641363, 0.006774141619330661, 0.0178649475756009, 0.05371507777299194, 0.0009997137354862348], [0.6675940851805126, 0.24249942205506997, 0.009134053389016699, 0.019522128819979133, 0.06025047793100965, 0.0009998326244121758], [0.7135003678612872, 0.2139993288071509, 0.009856964630123482, 0.018978226961095714, 0.04266527911403783, 0.0009998326263049896], [0.8340599966140898, 0.11706437719590945, 0.007975290830695852, 0.010102347585345249, 0.029798155146136464, 0.0009998326278233738], [0.8966359133177706, 0.06056887422295294, 0.011228946723190317, 0.00998135602956196, 0.02058677410356825, 0.000998135602956196], [0.7130127473887768, 0.07441501820827197, 0.011379539096673535, 0.009981488070277999, 0.190213058428972, 0.0009981488070278], [0.7225521980591205, 0.06823372447272813, 0.011346168367016933, 0.009981525333956333, 0.1868882312337827, 0.0009981525333956332], [0.22917581389341185, 0.06304291265490168, 0.00783868160502986, 0.009981569036236511, 0.6889628659067965, 0.000998156903623651], [0.2346023496555445, 0.08748442494196235, 0.006637562428460153, 0.00998625921732438, 0.6602907778349764, 0.000998625921732438], [0.6979668321122562, 0.097648193060181, 0.005882886280806525, 0.009981607966471176, 0.18752231978363815, 0.0009981607966471175], [0.05223768066619851, 0.05894054539701039, 0.007074050256060535, 0.009981346577235027, 0.870768242445772, 0.0009981346577235027], [0.20592497762494374, 0.036780293232400896, 0.005825441793502586, 0.009981234090575402, 0.74048992984952, 0.00099812340905754], [0.9291529993211409, 0.018778457622593843, 0.031143919028391465, 0.009964106679940037, 0.009964106679940037, 0.0009964106679940037], [0.966716230448829, 0.009940951244047213, 0.0024668206946248175, 0.009940951244047213, 0.009940951244047213, 0.0009940951244047213]], [[0.968193630347632, 0.009939490516365031, 0.000993949051636503, 0.009939490516365031, 0.009939490516365031, 0.000993949051636503], [0.8627515154281962, 0.052772893502184975, 0.05122654542089444, 0.00998249886348209, 0.022268296898894188, 0.0009982498863482091], [0.2636983266627386, 0.1792166185339448, 0.01352413794332907, 0.016240584118953013, 0.5263205001160007, 0.0009998326250338838], [0.486595168545252, 0.2558869706705477, 0.007830550630701, 0.01963376991613584, 0.2290537076131708, 0.000999832624192629], [0.48628074799228305, 0.30316298475804104, 0.012131524141421216, 0.02535782773187221, 0.17206708275167232, 0.0009998326247102872], [0.6580511469717863, 0.25305291439265387, 0.005712717974928355, 0.019860598340786777, 0.06232278969606631, 0.0009998326237782833], [0.7500649956020992, 0.18053887097855761, 0.007033848460801261, 0.01792387147066128, 0.04343858086112032, 0.0009998326267605215], [0.694937313316925, 0.23050561445792211, 0.004105607397826951, 0.02089495459942524, 0.0485566776027477, 0.000999832625153148], [0.13025440161861995, 0.24775864141807566, 0.009625695277318267, 0.02027244374821467, 0.5910889853135112, 0.0009998326242604187], [0.7106659348418171, 0.2163744233483684, 0.008036111497131704, 0.019506394507576835, 0.044417303179122736, 0.000999832625983399], [0.8401911139418157, 0.10885788996698582, 0.0070412898083274545, 0.010250870382083494, 0.03265900327329441, 0.0009998326274932672], [0.7337277785167607, 0.04743129234981677, 0.015338707425554265, 0.009981328567292384, 0.1925227602838466, 0.0009981328567292384], [0.9492006608535456, 0.015367665091233235, 0.010026935292131155, 0.009968123771152321, 0.014439802614822505, 0.0009968123771152322], [0.6764791025193908, 0.009988965178849752, 0.008777237315530996, 0.14978108222275865, 0.15397471624558512, 0.0009988965178849753], [0.6775381651104279, 0.009938257180308342, 0.008657046898554694, 0.009938257180308342, 0.29293444791237006, 0.0009938257180308343], [0.20062955584401101, 0.013727020900588876, 0.012038361696067588, 0.009981017906807266, 0.7626259418618446, 0.0009981017906807268], [0.9575363564838486, 0.009963767761866665, 0.010482017875132105, 0.009963767761866665, 0.011057713341099404, 0.0009963767761866666], [0.9415971117801314, 0.0231660687610134, 0.010099921087504855, 0.00998113203464519, 0.014157653133240775, 0.000998113203464519], [0.9086211246017182, 0.049394224552823135, 0.01002273725613687, 0.009981299169563784, 0.020982484502801706, 0.0009981299169563784], [0.7000872564959051, 0.08433339352312551, 0.006522625872261626, 0.009988971636708012, 0.19806885530832902, 0.0009988971636708012], [0.26952893739636713, 0.16917183686826645, 0.0048674628623214785, 0.01771475534481395, 0.5377171749021531, 0.0009998326260778876], [0.6624297230198455, 0.2466204630242203, 0.004274463892295101, 0.020263139050447177, 0.06541237838855159, 0.0009998326246403854], [0.4942571496667791, 0.285127244918521, 0.010859512024938374, 0.026952105638621604, 0.18180415512421302, 0.000999832626926918], [0.13139788398544625, 0.243801179066126, 0.011216469266294653, 0.020264828766259776, 0.5923198062917386, 0.0009998326241347768], [0.537364262345139, 0.22093681120179873, 0.00792510079235408, 0.019664325541467586, 0.21310966749369595, 0.0009998326255447692], [0.5708934072132216, 0.20673661369214408, 0.006822417349412259, 0.016620748417265963, 0.19792709959329285, 0.0009997137346634095], [0.6875294257256128, 0.2307803355939468, 0.006416520663359081, 0.017829764282989147, 0.05644424000018131, 0.000999713733910827], [0.4881717458555942, 0.2926345611413401, 0.012687919263541512, 0.026132828639746038, 0.17937311247410903, 0.0009998326256691057], [0.13111257470283838, 0.2409087553991855, 0.014744593563363604, 0.019752915979296033, 0.59248132773131, 0.0009998326240064457], [0.7536157143118077, 0.17422897445909488, 0.008250360906635067, 0.01687390540825551, 0.04603121228778082, 0.0009998326264259376], [0.8319377987476655, 0.11602383514013025, 0.008634304647373116, 0.009997011887314963, 0.03240734838878478, 0.0009997011887314963], [0.7550233205119958, 0.17510255875669253, 0.009123718519494091, 0.016693943573333904, 0.043056626012257945, 0.0009998326262257353], [0.8234177434038542, 0.1209523174068009, 0.005594010319914034, 0.012663355677368765, 0.036372740563475815, 0.0009998326285862854], [0.07566040143210274, 0.11683945775009619, 0.007730370338003982, 0.012975127464394895, 0.6192953764589876, 0.16749926655641464], [0.5857985955187378, 0.17845651362374287, 0.006653720988227044, 0.017765451705160324, 0.04382645164150453, 0.1674992665226273], [0.8247144798929514, 0.12260331210381945, 0.005603667227755179, 0.012269088370447549, 0.033809619776236984, 0.0009998326287894372], [0.2361904275806953, 0.09029107863266476, 0.00698739825396868, 0.010079569358474573, 0.6554516935467192, 0.0009998326274775096], [0.7417715492301865, 0.058342636358272325, 0.008049236368051053, 0.00998136653089517, 0.18085707485950556, 0.000998136653089517], [0.9230173966546613, 0.02485777272749633, 0.031200507889050776, 0.009963963204186575, 0.009963963204186575, 0.0009963963204186576], [0.9638086760589656, 0.009940951119565306, 0.005374375470382073, 0.009940951119565306, 0.009940951119565306, 0.0009940951119565306]], [[0.9681913372980746, 0.009940207094351696, 0.0009940207094351697, 0.009940207094351696, 0.009940207094351696, 0.0009940207094351697], [0.7167233217605193, 0.03992692010354079, 0.04726260665820495, 0.009981459925172425, 0.18510754556004533, 0.0009981459925172424], [0.8267120302909169, 0.1265883834151059, 0.00808238185974977, 0.009993730101625003, 0.027624101322439993, 0.0009993730101625002], [0.5370817193634302, 0.22541093620673638, 0.009754750139698431, 0.018576139480302047, 0.20817662218593486, 0.0009998326238981842], [0.6152047271755092, 0.2916161043513204, 0.007541902025538389, 0.021811614425791673, 0.06282581940167832, 0.0009998326201620207], [0.6121158799089812, 0.29538385274509327, 0.007514182778118579, 0.021950420778255236, 0.062035831168453445, 0.0009998326210984506], [0.2718043451919521, 0.21997733989580254, 0.00865081529483618, 0.021698416741206143, 0.4768692502482111, 0.0009998326279920726], [0.5020749462426376, 0.23808028087782626, 0.006422392005289661, 0.020418392126549133, 0.23200415612359593, 0.0009998326241015799], [0.5006308590592795, 0.2750364536895866, 0.013327950900054569, 0.02633496152987153, 0.18366994219401056, 0.0009998326271974745], [0.678239593007055, 0.23234324991513997, 0.008602152151017355, 0.01838097759981152, 0.06143419470356181, 0.0009998326234143535], [0.7695752451313166, 0.1603722727130983, 0.008039531974327689, 0.016218944621974915, 0.04479417293199204, 0.0009998326272905487], [0.7228950710188817, 0.05551762905523237, 0.012541879251216024, 0.009981492447702392, 0.19806577898219738, 0.0009981492447702393], [0.9412483768039546, 0.0181635770899093, 0.010567052029097792, 0.009968188973220694, 0.019055986206495696, 0.0009968188973220693], [0.9541355525891929, 0.012347273611769384, 0.009212543106924698, 0.009968130815690902, 0.013339686794853154, 0.0009968130815690903], [0.9536634911125973, 0.013355663254098031, 0.008408625567195136, 0.009968128687128557, 0.01360727851026824, 0.0009968128687128557], [0.7761008359290483, 0.020460086439960935, 0.010298535129609768, 0.009981088296342795, 0.18216134537540402, 0.0009981088296342796], [0.9499031656329324, 0.01550130158157159, 0.00692776296777162, 0.009981141220162517, 0.016688514475545764, 0.0009981141220162517], [0.939988266369958, 0.022794525967140003, 0.009892915394461532, 0.00998112064429533, 0.016345059559715727, 0.000998112064429533], [0.9248734137158826, 0.03666691607404195, 0.006609076008344359, 0.009981267038446208, 0.02087120045944024, 0.0009981267038446208], [0.23608284215542208, 0.062383048211048016, 0.009551709693539225, 0.009981578339021174, 0.6810026637670675, 0.0009981578339021174], [0.8271805769500611, 0.11411126397487426, 0.0038364102696940346, 0.012109071750521292, 0.041762844426182305, 0.0009998326286670602], [0.7060437012352794, 0.21591067179260165, 0.005880681557859022, 0.02045858524287877, 0.05070652754614176, 0.0009998326252393917], [0.5067594603321545, 0.23674896740762144, 0.0059493798232888575, 0.019862574094273874, 0.2296797857192312, 0.0009998326234302059], [0.7078036392189639, 0.2163385552092627, 0.006684259102209715, 0.020069396155653813, 0.048104317688522163, 0.0009998326253877938], [0.8308240229539743, 0.11310628526645002, 0.004851445779594969, 0.011808667567424321, 0.03840974580480636, 0.0009998326277501476], [0.8007956773931579, 0.13948145127893652, 0.006225569309805048, 0.013643951463632894, 0.03885363681591047, 0.000999713738557332], [0.46858620184212996, 0.18159980972518147, 0.007014274430321367, 0.016172717161575402, 0.32562728310366573, 0.000999713737126199], [0.6730932157724209, 0.2365265220535956, 0.006760575448515676, 0.01932324042615533, 0.0632966136748629, 0.0009998326244496998], [0.2725261325095176, 0.21516788039236376, 0.01346487777775268, 0.020518625798948132, 0.4773226508944377, 0.0009998326269802086], [0.8242787272840346, 0.11575154176895577, 0.00636542973262983, 0.011814267141678072, 0.04079020144525309, 0.000999832627448794], [0.5363131549700714, 0.21586861553861714, 0.013105280839405745, 0.01982353757558404, 0.21388957845165582, 0.0009998326246657607], [0.3005082719603326, 0.2376362551442209, 0.013465376366316993, 0.020386229061113075, 0.42700403484296695, 0.0009998326250494395], [0.6995053566535989, 0.21714155943104918, 0.01074469762593338, 0.020951694289371475, 0.05065685937434856, 0.0009998326256985494], [0.27555100709640623, 0.21944198301367096, 0.013460017312035201, 0.02173884541335839, 0.46880831453606314, 0.0009998326284660116], [0.49844672494209075, 0.23671145378122216, 0.012736767204020527, 0.020243609560382334, 0.06436218085405197, 0.16749926365823234], [0.5264132634110118, 0.22677298559217982, 0.011683968711316868, 0.020689675099169913, 0.04694084229367597, 0.16749926489264566], [0.23874265222769092, 0.1209606139725196, 0.007951795757219469, 0.012499928008405988, 0.618845177405578, 0.0009998326285861248], [0.8903818133440395, 0.07104890612609302, 0.007069475218487322, 0.009981479772701314, 0.02052017756140892, 0.0009981479772701314], [0.9219036332532307, 0.024134412087524544, 0.03282512322809509, 0.009981194199050157, 0.010157517812194726, 0.0009981194199050157], [0.9631794661449159, 0.00994095109262677, 0.006003585467941285, 0.00994095109262677, 0.00994095109262677, 0.0009940951092626772]], [[0.9676312988837293, 0.009940951283224284, 0.001551752138275366, 0.009940951283224284, 0.009940951283224284, 0.0009940951283224284], [0.7524713626995243, 0.0319717088654709, 0.02530747222638368, 0.00998127794466811, 0.17927005046948635, 0.000998127794466811], [0.6977750782966206, 0.09526064840790473, 0.006923655364045422, 0.009981486827478122, 0.1890609824212035, 0.0009981486827478122], [0.7586160242665632, 0.1755815073990569, 0.009901304413875465, 0.015109909129633866, 0.03979142216553368, 0.0009998326253370263], [0.6682978628266706, 0.24016905168072195, 0.008307679158180398, 0.018739547227998157, 0.06348602648386856, 0.0009998326225603856], [0.5047572038718944, 0.2706826207987262, 0.01708031744657522, 0.025074001163070216, 0.18140602409482326, 0.0009998326249107052], [0.6751458327819633, 0.22975600297497414, 0.0063411181601040105, 0.020349604289050204, 0.06740760917012775, 0.0009998326237807991], [0.5448713487998678, 0.2087819804952907, 0.006315671803418332, 0.020552898844789672, 0.21847826743121002, 0.0009998326254237204], [0.6750239837106843, 0.231065664580309, 0.006490120665332204, 0.019410717934273406, 0.06700968048671814, 0.0009998326226828126], [0.5462215249055519, 0.21009848372635667, 0.005367285549225989, 0.0203108267644955, 0.217002046428382, 0.0009998326259879138], [0.7593736542702718, 0.16605925231167273, 0.0049466554474299875, 0.01732578945197141, 0.051294815892180545, 0.0009998326264735184], [0.8432154510803531, 0.10182270939546278, 0.004045026008611147, 0.010742306841756174, 0.03917467404600309, 0.0009998326278138486], [0.6098154152535235, 0.20385749707027745, 0.0029362643415850134, 0.009968579470276575, 0.17242538591730988, 0.0009968579470276575], [0.7914130540831118, 0.026584910514206535, 0.006573362670773946, 0.009968243453663558, 0.16446360493287807, 0.0009968243453663558], [0.9445597270504256, 0.021484346846572952, 0.006744177001537403, 0.00996817849206056, 0.01624675276019748, 0.000996817849206056], [0.052602224559145004, 0.035362412151738874, 0.009165810151125754, 0.17492856651078006, 0.7269411574198886, 0.0009998292073217275], [0.919846337938738, 0.03807846879697113, 0.0049184023863737825, 0.009981263366615195, 0.02617740117464031, 0.0009981263366615196], [0.21959753006034843, 0.03728581186974031, 0.007308649816442771, 0.009981248518872575, 0.7248286348827088, 0.0009981248518872575], [0.7696278409252754, 0.028876135242699875, 0.004220598022505362, 0.009981208836434169, 0.18629609608944211, 0.0009981208836434168], [0.22556313118197152, 0.04511527653246218, 0.004723987890372279, 0.00998133329406804, 0.7136181377717192, 0.000998133329406804], [0.8639018386163436, 0.08481945476355805, 0.0025418033321801467, 0.009994542976732551, 0.037742906013512545, 0.000999454297673255], [0.8321970693672879, 0.10750599225731818, 0.0033716680749609996, 0.011847806727376276, 0.04407763094549988, 0.0009998326275569515], [0.7663966812046631, 0.1616986911305144, 0.0058755837183932964, 0.01658580680487987, 0.048443404514419995, 0.0009998326271293935], [0.8471693354994636, 0.09751655793227523, 0.004054655865070655, 0.01090263516934809, 0.03935698290565278, 0.000999832628189506], [0.871631239232655, 0.07695571030125321, 0.0040529695783016895, 0.009982492519796108, 0.03637933911601461, 0.0009982492519796109], [0.8898406781044048, 0.06467316562379, 0.003925122269553128, 0.009968596714661986, 0.03059557761612392, 0.0009968596714661985], [0.3602958310476355, 0.08603201404061254, 0.008678033596235615, 0.0100538605481643, 0.5339405470292984, 0.0009997137380536828], [0.5949986394604839, 0.16272894671311977, 0.005071627676556779, 0.017643262697280847, 0.218557690825748, 0.0009998326268107916], [0.662495984221539, 0.10870240062496864, 0.004889117115725757, 0.012477193652048494, 0.21043547175839072, 0.0009998326273274567], [0.7614951548104256, 0.16103606782814164, 0.0059938053498884095, 0.01826048329934319, 0.052214656084501605, 0.0009998326276994959], [0.6720669590234813, 0.22870151310019488, 0.0098456802404338, 0.02043667624869039, 0.06794933876331803, 0.000999832623881436], [0.3359494620088553, 0.27352828221170955, 0.014135515648452888, 0.02629147836984594, 0.3490954291356209, 0.0009998326255155846], [0.13903109150121978, 0.22980171893782786, 0.011676277479703671, 0.020805820797555434, 0.5976852586586618, 0.0009998326250313838], [0.505270490132169, 0.22818186806090504, 0.011252357214021999, 0.020330910216380133, 0.2339645417528582, 0.0009998326236655866], [0.5083416507835761, 0.2605875432391328, 0.021380949507585314, 0.026471740397813668, 0.18221828344606888, 0.000999832625823418], [0.4916508584430394, 0.24344548946159192, 0.012685826993915166, 0.02002699584982458, 0.06469156627969147, 0.1674992629719373], [0.2674903909946497, 0.1703074242787917, 0.017200896695459933, 0.01727535170926822, 0.5267261036945041, 0.0009998326273264943], [0.0686174902421817, 0.24454923493087122, 0.016020083295257597, 0.00998722439256313, 0.6598272446998701, 0.000998722439256313], [0.9143897003560302, 0.027135371139423596, 0.03449830416654887, 0.009981304027020764, 0.012997189908274545, 0.0009981304027020764], [0.9632470475176439, 0.009940951095520153, 0.005936004086243833, 0.009940951095520153, 0.009940951095520153, 0.0009940951095520152]], [[0.9655404063626954, 0.009940951193706343, 0.0036426449368150374, 0.009940951193706343, 0.009940951193706343, 0.0009940951193706342], [0.9325322354972753, 0.022866419900606304, 0.023572383081093773, 0.00998116411682356, 0.010049680992518734, 0.000998116411682356], [0.7486816132130348, 0.044474182798529036, 0.009883940058068691, 0.00998138310658452, 0.1859807425131245, 0.000998138310658452], [0.8462449408552885, 0.10403084239529391, 0.0077361168023795, 0.010278933112441603, 0.030709334206533184, 0.0009998326280633222], [0.544353402589165, 0.21372804478432184, 0.008747156332556327, 0.01964178163118289, 0.2125297820360737, 0.000999832626700378], [0.678322278819651, 0.22953611710144606, 0.006500910877877137, 0.01972249884111483, 0.06491836173548594, 0.0009998326244248998], [0.11131323770893288, 0.20750533869080232, 0.009260394946068643, 0.021206128158528934, 0.6497150678681529, 0.000999832627514371], [0.8337022882284245, 0.10417390175858023, 0.005232663315479333, 0.01203655709191421, 0.04385475697804247, 0.000999832627559158], [0.7652899286300117, 0.15945277412812278, 0.004832847522418821, 0.017579749308780607, 0.05184486778358349, 0.000999832627082741], [0.277929318577346, 0.2056341718642635, 0.00954189976611345, 0.02110141152814657, 0.48479336563666875, 0.0009998326274618455], [0.307443487720483, 0.22794858848187224, 0.005735832265261932, 0.020557724569567427, 0.43731453433730405, 0.0009998326255114783], [0.5541102928124151, 0.20322138411712665, 0.004631961024180688, 0.019804777369658886, 0.21723175205023837, 0.0009998326263803133], [0.582746458093923, 0.08406044395646964, 0.002179426380691304, 0.009992081636310697, 0.3200223817689743, 0.0009992081636310695], [0.9099996920812402, 0.04436150771563839, 0.007058440928858639, 0.009968459888672825, 0.027615053396722593, 0.0009968459888672824], [0.6413949242533442, 0.03356561899680056, 0.0060062538625397805, 0.00996832739962068, 0.3080680427477327, 0.000996832739962068], [0.8934795151428352, 0.05486877934424937, 0.007993701570765191, 0.009981497908824034, 0.032678356242443835, 0.0009981497908824034], [0.07892369272009975, 0.06343708351102988, 0.011471944737005723, 0.009985934739867416, 0.8351827508180105, 0.0009985934739867417], [0.7240088173272403, 0.060272940961096, 0.005080463052822573, 0.009981534456493342, 0.19965809075669858, 0.0009981534456493342], [0.7521419323276407, 0.04168057641208248, 0.0009979561838589675, 0.009979561838589675, 0.19420201705396933, 0.0009979561838589675], [0.22692166118799878, 0.041488852138461686, 0.0009979591781452937, 0.009979591781452937, 0.7196139765357962, 0.0009979591781452937], [0.2268729057418623, 0.042116500189029564, 0.000997959119198301, 0.00997959119198301, 0.7190350846387287, 0.000997959119198301], [0.8911162125269783, 0.05892282529827087, 0.005765358014594928, 0.009981532181233257, 0.03321591876079952, 0.0009981532181233257], [0.24788559714654249, 0.07048595845184981, 0.00833254113181487, 0.009989957287854257, 0.6623069502531533, 0.0009989957287854256], [0.6840641118529475, 0.09337345120553937, 0.004459231437409063, 0.01054242070887289, 0.04006151713168328, 0.167499267663548], [0.6094983533081232, 0.15231396356825633, 0.0061936962978873375, 0.016436653383363392, 0.048058067604772624, 0.16749926583759714], [0.5828511910495463, 0.08261116726144345, 0.003611076239655039, 0.009991862476485432, 0.3199355167252214, 0.0009991862476485432], [0.8869484221375493, 0.06654756102733395, 0.003931253446718167, 0.009968567559536463, 0.03160733907290864, 0.0009968567559536462], [0.8394770127659696, 0.10202572811427141, 0.003533299524692894, 0.012146481674853913, 0.04181764529190071, 0.0009998326283114152], [0.5501224618647371, 0.20480023115021534, 0.005296545566910173, 0.020711119644448512, 0.2180698091477003, 0.0009998326259888126], [0.30822253602417204, 0.22479331633698776, 0.008357949114587591, 0.02067705021679321, 0.4369493156822368, 0.0009998326252227377], [0.2839141476576951, 0.23242954718547473, 0.010834917275536331, 0.02177728467556692, 0.4500442705829747, 0.0009998326227522373], [0.6742375319905425, 0.22458105941900192, 0.008940506528749554, 0.020313386640224397, 0.07092768279788947, 0.0009998326235923615], [0.2766733934281797, 0.2068392232940037, 0.011684713378254706, 0.02133030175232767, 0.48247253552063984, 0.0009998326265945373], [0.7057731473783434, 0.2086404288510822, 0.010464107699968939, 0.021015721235621, 0.05310676220899015, 0.0009998326259944088], [0.5065530502109806, 0.22608264702095435, 0.012514547721859852, 0.020255992155952016, 0.06709450067750121, 0.16749926221275188], [0.5270980783472919, 0.22304023332272085, 0.012876454530145293, 0.02041334191464457, 0.049072627478608626, 0.1674992644065887], [0.8270593764008722, 0.11956591475163095, 0.007652192709496512, 0.012101821310174449, 0.03262086219921902, 0.000999832628606879], [0.8914516395277536, 0.06639301608821846, 0.010574053544464038, 0.009981445842900978, 0.020601700412372966, 0.000998144584290098], [0.9249821426938696, 0.02137303987336738, 0.032569520070848436, 0.009981189343128897, 0.010095989084472946, 0.0009981189343128897], [0.9636118853430875, 0.009940951111140052, 0.005571166212378543, 0.009940951111140052, 0.009940951111140052, 0.0009940951111140051]], [[0.9681956994289126, 0.009938843928464863, 0.0009938843928464865, 0.009938843928464863, 0.009938843928464863, 0.0009938843928464865], [0.770539656301459, 0.018124405101827945, 0.025768077360551856, 0.00998086354289319, 0.1745889113389788, 0.000998086354289319], [0.9335026506656184, 0.0319252963133654, 0.010217194903737811, 0.009981211501569286, 0.013375525465552094, 0.0009981211501569286], [0.8671215280663571, 0.08831045413231216, 0.00622485343102258, 0.009985204758642374, 0.027359439135801692, 0.0009985204758642373], [0.24944525417428448, 0.10825476093676537, 0.00956267544811247, 0.011622240112471215, 0.6201152367006483, 0.000999832627718299], [0.2767915903690508, 0.15637008109952683, 0.009578567537198233, 0.01738096443274032, 0.5388789639362184, 0.0009998326252654433], [0.8377597654145718, 0.10200125590714797, 0.00563717760932889, 0.012170178965793609, 0.04143178947465253, 0.0009998326285053946], [0.867793121849125, 0.08013393719410657, 0.003171493032069119, 0.009994326756566044, 0.037907688492476665, 0.0009994326756566044], [0.10932182138007898, 0.15508150971495635, 0.004915318931382279, 0.017727143056839662, 0.7119543742910396, 0.0009998326257031846], [0.6826760320090761, 0.227207493569621, 0.0027210210592820082, 0.019974573658465625, 0.0664210470789861, 0.0009998326245690909], [0.5148584273047971, 0.2619397954239273, 0.00800362922562535, 0.02667240007875872, 0.18752591533866025, 0.0009998326282311361], [0.5155742357489354, 0.22764624239298273, 0.0021903329394468737, 0.02022828141274435, 0.23336107488126648, 0.000999832624624294], [0.0934982954171429, 0.13094652200329676, 0.00520887278037346, 0.014663229171864417, 0.7546833668901247, 0.0009997137371978249], [0.3545537166130144, 0.05601143097283709, 0.008153543710670555, 0.009975547133729015, 0.5703082068563763, 0.0009975547133729017], [0.8856255951414141, 0.06953312782105824, 0.001297721152526123, 0.009977786614316185, 0.03256799060925388, 0.0009977786614316186], [0.6734105873287164, 0.10440379479294427, 0.0009998323329370987, 0.011991872147886494, 0.041723025971297026, 0.1674708874262187], [0.7714179147482686, 0.15841322696232912, 0.003251719936739974, 0.016829222936218444, 0.04908808278872825, 0.0009998326277156431], [0.8369105980627762, 0.1047347605041167, 0.000999664157836735, 0.011888815832525351, 0.044466497284908243, 0.000999664157836735], [0.6998129058072172, 0.08041011061912287, 0.001581327241620657, 0.00999184093367637, 0.20720463130499522, 0.000999184093367637], [0.08415407033488675, 0.06595072933651926, 0.004477172096580096, 0.009990207820656974, 0.8344287996292912, 0.0009990207820656973], [0.8952625111326036, 0.05871982862066427, 0.0012411665449265062, 0.009981561624960599, 0.033796775914349174, 0.0009981561624960598], [0.7262054930686641, 0.05862301106873093, 0.00458053639574184, 0.009981533293027306, 0.19961127284453323, 0.0009981533293027306], [0.6728369614866185, 0.10407240153483738, 0.0034041032988993782, 0.01120789528673346, 0.0409793715287445, 0.16749926686416683], [0.10984511443333657, 0.2048500142149157, 0.010233634312345535, 0.02049780734253508, 0.4870741637817046, 0.1674992659151626], [0.6854156431497399, 0.2234859121334123, 0.006360131529376411, 0.01885880429504889, 0.06487967626903576, 0.0009998326233867396], [0.46855520442690884, 0.17738742232752008, 0.004600476387787746, 0.017254188017768308, 0.04577476842949997, 0.28642794041051506], [0.35965110930187383, 0.0878627