{"prediction": [[[0.8372361472986971, 0.05553769237369338, 0.04712490965988539, 0.01174951006514736, 0.0433551773473253, 0.004996563255251356], [0.8276705028177723, 0.05806271792956642, 0.047878080815658204, 0.012087871174552801, 0.04930426400430888, 0.0049965632581413484], [0.8193263856754649, 0.06531246980525127, 0.04560822133211531, 0.012719526290076244, 0.05203683363806667, 0.004996563259025743], [0.8233197489166295, 0.06776004170566498, 0.036620897552312924, 0.012957977117022427, 0.05434477144975785, 0.004996563258612425], [0.8212188796936281, 0.06387770787594652, 0.04421973089083454, 0.012658648889560198, 0.053028469391568835, 0.004996563258461823], [0.8303432958603043, 0.05970714653537684, 0.045082261015915844, 0.012216063014729035, 0.04765467031883521, 0.004996563254838866], [0.8304559404574532, 0.060569298898129814, 0.04333099231221173, 0.0123044636386698, 0.04834274143869746, 0.00499656325483803], [0.823897531704172, 0.0625948735609913, 0.0458470576316145, 0.012549680654533421, 0.050114293193863076, 0.004996563254825686], [0.8164455838708968, 0.06392153671306541, 0.05113665598991675, 0.012739028600515264, 0.05076063157020224, 0.004996563255403654], [0.8191482846174658, 0.06309841475966646, 0.04907248197397675, 0.012667263797443313, 0.05101699159610725, 0.004996563255340561], [0.8107674069206258, 0.06753064615345811, 0.04721623088585573, 0.01311901120394908, 0.05637014157792974, 0.0049965632581815194], [0.8111266739972194, 0.06732351268191747, 0.04732402989888246, 0.013087843225346583, 0.056141376938366454, 0.004996563258267595], [0.8111266739972194, 0.06732351268191747, 0.04732402989888246, 0.013087843225346583, 0.056141376938366454, 0.004996563258267595], [0.8330382688267728, 0.06108978013804269, 0.03870758451830776, 0.012410388670731777, 0.04975741459139174, 0.004996563254753347], [0.8433439294832447, 0.058065707105535116, 0.03461509558628713, 0.012050898772365844, 0.046927805798222824, 0.004996563254344399], [0.8339935369120502, 0.06239210226630634, 0.03433526852852986, 0.012448731134844312, 0.05183379790045484, 0.004996563257814499], [0.8330924218081867, 0.06128580965553991, 0.03722336500658651, 0.012361022487708415, 0.05104081778385326, 0.004996563258125379], [0.8322563568639335, 0.06280600901593628, 0.03751705997305564, 0.012422036447137214, 0.050001974441214674, 0.0049965632587227115], [0.8326186282055846, 0.06029574590553292, 0.03959072829014308, 0.012260509873158477, 0.050237824467406024, 0.00499656325817478], [0.8341793951850585, 0.06053257276402926, 0.03762028370944394, 0.012276354671249675, 0.05039483041218813, 0.004996563258030718], [0.8461720933413074, 0.05639686931240052, 0.03525156103594786, 0.01185837469392326, 0.04532453836253854, 0.004996563253882585], [0.8466620216162785, 0.05638316879182929, 0.03470675633303581, 0.01185925191405352, 0.04539223809104921, 0.004996563253753654], [0.8346641855578537, 0.06051390417280557, 0.037081772973599166, 0.01227730424859469, 0.05046626978923165, 0.004996563257915366], [0.8339874996752287, 0.06323475829508614, 0.03504669076875207, 0.012453529797605707, 0.050280958204838966, 0.004996563258488409], [0.8326322719244086, 0.06395509944344031, 0.035104293245876515, 0.012531268160625114, 0.05078050396714496, 0.004996563258504588], [0.9113947304432036, 0.03155750563230512, 0.01946400137277886, 0.006364386428290233, 0.02623320954102386, 0.004986166582398339], [0.9177626040504457, 0.028290682833895405, 0.019902203987053342, 0.0060345636896742315, 0.02302377885867239, 0.004986166580258956], [0.918646761401863, 0.02863371516953044, 0.015494457422061531, 0.006147994865326731, 0.026090904560254757, 0.004986166580963626], [0.9178737121802824, 0.028969729780088955, 0.015752928749115803, 0.006184287367625485, 0.02623317534198416, 0.004986166580903306], [0.9181285100798761, 0.029021671448700135, 0.015320016821493357, 0.006190568660217915, 0.02635306640886903, 0.004986166580843421], [0.9159756116941196, 0.02855542264580415, 0.021148879062581442, 0.006079273097751403, 0.023254646919237093, 0.0049861665805064305], [0.9107600228281397, 0.031902415996861354, 0.019486429518926162, 0.006402157928560098, 0.026462807145133625, 0.004986166582379061], [0.9109867055381355, 0.03191038239823399, 0.019193867764649587, 0.006404379222498974, 0.026518498494140955, 0.004986166582340962], [0.9088037003075429, 0.031248766772116476, 0.02253395784992048, 0.006345578901334048, 0.02608182958664316, 0.004986166582442969], [0.9081657672210853, 0.030690249805492426, 0.023941747147023826, 0.006298921928124882, 0.025917147315847613, 0.004986166582425821], [0.909483713120188, 0.03059025337321524, 0.022826160792352543, 0.0062804035845843344, 0.025833302547207854, 0.004986166582452217], [0.9085892812154693, 0.031648161318635355, 0.022910568890148895, 0.0063461653921378204, 0.025519656600878727, 0.004986166582729921], [0.9081075961398812, 0.030790156501742032, 0.024451873677877076, 0.006278268735628792, 0.025385938362197283, 0.00498616658267368], [0.9082782602444263, 0.030666264908182583, 0.024701473590469716, 0.006267795502191525, 0.025100039172094163, 0.004986166582635917], [0.909206179600733, 0.03006489826868489, 0.025128946626667772, 0.006212858784243642, 0.024400950137137188, 0.004986166582533671]], [[0.8384062481085397, 0.054624167945015976, 0.045786662881741685, 0.011697516647189554, 0.044488841162920595, 0.0049965632545927365], [0.9260929626957857, 0.014048958345276119, 0.009748572961969244, 0.008642078578225028, 0.021102268578708998, 0.020365158840034852], [0.027123496259091953, 0.027453664208997756, 0.016307789600690632, 0.023145232191613675, 0.8850387768011075, 0.02093104093849847], [0.04987952301041778, 0.0318534320311586, 0.02004500766028401, 0.026550411199695007, 0.8498535875039126, 0.02181803859453202], [0.9060303975501349, 0.022011319155958574, 0.016605129174345337, 0.010987482678120495, 0.022945678574124183, 0.0214199928673166], [0.9059652588720065, 0.02671920465260015, 0.01772062051943714, 0.012667961709102352, 0.015397261188958365, 0.02152969305789556], [0.826694378331365, 0.06305003750802668, 0.0398422903779307, 0.012646240956551874, 0.05277048957175775, 0.004996563254368034], [0.7943540101330321, 0.04503992281974413, 0.04019240361638393, 0.03803465574195822, 0.061811342862167225, 0.02056766482671451], [0.7927386629008211, 0.04522226100457868, 0.04078051515757127, 0.03837591128189914, 0.0621909491002464, 0.020691700554883487], [0.7072262168575546, 0.07238347395870205, 0.11357116290943764, 0.04078928219986363, 0.047903954672817516, 0.018125909401624545], [0.8446323820082178, 0.03858933331363574, 0.03293119839685669, 0.027761990093459765, 0.035225516853890915, 0.020859579333939244], [0.11725644250190732, 0.07151377817559372, 0.021073798469945716, 0.019622190506325483, 0.7500159378926433, 0.02051785245358455], [0.9008820935753855, 0.02585609083713971, 0.017826177657636305, 0.009434372176732545, 0.024191880404436508, 0.021809385348669434], [0.9229154180699016, 0.020111745284008276, 0.014319932693926942, 0.007854174967544725, 0.013766800701952504, 0.021031928282665934], [0.9335213156826317, 0.015404463616290397, 0.010201108904192391, 0.007231100668218888, 0.013187561180595733, 0.0204544499480709], [0.9261632030400413, 0.014455146463652738, 0.00892818699034691, 0.008786377588359356, 0.021245125127596742, 0.020421960790003076], [0.030853838459587533, 0.023678550596742638, 0.012402754417070115, 0.022404896992315886, 0.8900191178966723, 0.020640841637611627], [0.9232968778077038, 0.014343675976220622, 0.008787548925439186, 0.008751644264657318, 0.02442336811442462, 0.02039688491155448], [0.0307108108844967, 0.02391792897794057, 0.012458826341665863, 0.022477276484773667, 0.8897914856137701, 0.020643671697353115], [0.9290771572802172, 0.011813754901316177, 0.007366287701012239, 0.007200091927161646, 0.02439807499323767, 0.020144633197055024], [0.9300693714469417, 0.014197466047274971, 0.008957396517426015, 0.008642825292518797, 0.017726551750925208, 0.020406388944913312], [0.9312508811171841, 0.014122259592154258, 0.009181931806071065, 0.008634564327654077, 0.01643563828229114, 0.020374724874645332], [0.9261507817031225, 0.014285998116267715, 0.009264048046737734, 0.008725498362230938, 0.02114511355532988, 0.02042856021631124], [0.027364807761299403, 0.024152471972437705, 0.01291182169123605, 0.022678628904238655, 0.8922246765721076, 0.020667593098680558], [0.027641419065137566, 0.024317399627031496, 0.013112556391657966, 0.02280637597158164, 0.8914611393887185, 0.020661109555872876], [0.9448241900894111, 0.01050393960373946, 0.0069106592539438065, 0.00645988483077576, 0.01642075025446871, 0.014880575967661288], [0.9220139764953831, 0.014221644556271026, 0.011024497819662754, 0.015121997713076762, 0.02713190173356622, 0.010485981682040133], [0.9197013210911774, 0.01432559958503584, 0.009910771114476321, 0.015168828028669454, 0.027781400432567997, 0.013112079748072977], [0.10443942693437588, 0.03964987324087146, 0.023772576567423997, 0.01196033413000317, 0.11326534077741003, 0.7069124483499155], [0.9157280093933488, 0.017666763579710264, 0.013000366891657166, 0.015445468783932477, 0.024911725322749836, 0.013247666028601408], [0.95010535125615, 0.010089574956479247, 0.006886568857182101, 0.006248430516764195, 0.011871855453345258, 0.014798218960079323], [0.944954531724929, 0.010620326190838646, 0.006620403415886563, 0.006437192203938901, 0.01649846492085677, 0.014869081543550126], [0.023365155099579933, 0.017604856866361568, 0.010046922484479486, 0.016554419455120213, 0.9173782065340989, 0.015050439560359986], [0.9456745446510826, 0.012803044453120685, 0.009002871995063718, 0.0051154860650003756, 0.012363589560079666, 0.01504046327565307], [0.9497783051619856, 0.010227703759135861, 0.006986866324399935, 0.004999798208229763, 0.013211120650656894, 0.01479620589559187], [0.025877414783783755, 0.01645335282188928, 0.009650893789169852, 0.015801023766283964, 0.9172755783929154, 0.014941736445957728], [0.9419832495334552, 0.01017223714749365, 0.006947975547464559, 0.006286479630023034, 0.019811102932172076, 0.014798955209391586], [0.022156824690375353, 0.016279547916056136, 0.009613456818336152, 0.015699308774189433, 0.921269409775985, 0.014981452025057846], [0.022367218841495264, 0.01660321411408368, 0.010087484019101402, 0.015944680912957997, 0.9200400263105941, 0.014957375801767543], [0.9085066266928811, 0.029166288774446457, 0.025836536455427946, 0.006165644590728315, 0.02533873690422222, 0.004986166582294136]], [[0.8400652500321653, 0.05588599233913919, 0.04206017213196168, 0.011798555282772221, 0.045193466959438613, 0.004996563254523217], [0.9300693421177467, 0.013950545718073701, 0.00945222670283815, 0.008548785236519175, 0.017563219284048772, 0.020415880940773446], [0.9140559013252404, 0.02515586120173622, 0.020165989698551826, 0.005849159102031962, 0.014879330453162117, 0.019893758219277562], [0.9002504608775852, 0.031194446508594938, 0.020755160255258503, 0.0070646893724227965, 0.020315944008043013, 0.02041929897809562], [0.8665847442429694, 0.04564432546439671, 0.0209395007359896, 0.02321210036492429, 0.023541997726779482, 0.02007733146494067], [0.7216392802303442, 0.07491783490058099, 0.09354926941047423, 0.04178499871383849, 0.04981221708182495, 0.018296399662937102], [0.6893983167084079, 0.11929745979899742, 0.06888836551538166, 0.04784676970843043, 0.06127327001601368, 0.013295818252768838], [0.8323774055835274, 0.06681405456955555, 0.028603709624201196, 0.012976290866614814, 0.054231976103286256, 0.004996563252814854], [0.8999610213788188, 0.02893457142074039, 0.018771702171351302, 0.013468007532931883, 0.017112428465391065, 0.021752269030766602], [0.7940718822053061, 0.08547584162934707, 0.059822980621885714, 0.011893026605530143, 0.03748076626429034, 0.011255502673640668], [0.4047448540933726, 0.056705480787916825, 0.020134012527337066, 0.21582209711946085, 0.284506302120913, 0.01808725335099968], [0.08253264013735952, 0.04397093985006498, 0.02087850505015251, 0.005939707078384191, 0.8269127197271189, 0.019765488156919975], [0.03978247612669531, 0.036250268025755816, 0.021322247678340903, 0.011932437228122556, 0.8701423254988945, 0.02057024544219094], [0.8976166089409086, 0.034742253484267814, 0.020813176461947823, 0.004993273639158242, 0.0214684993812894, 0.020366188092428024], [0.9216072144727199, 0.02398071165047092, 0.0195955601467898, 0.004989054389716332, 0.010460320032456845, 0.01936713930784613], [0.9270662011942115, 0.01876419578389472, 0.01921360200242706, 0.0049880077184283386, 0.010912974996241488, 0.01905501830479707], [0.9244122192723395, 0.018281503041525708, 0.019168549090640585, 0.0049880602217685765, 0.014136007126062916, 0.019013661247662867], [0.9278751243098377, 0.018249029694925173, 0.0191518655884358, 0.0049877519496119675, 0.01072919775259993, 0.01900703070458931], [0.9239170478566512, 0.01586345851630524, 0.01897802877467927, 0.004986057929942966, 0.017436416627587974, 0.018818990294833457], [0.023668302975501525, 0.01951747608454315, 0.019052984792019542, 0.005147790734643981, 0.9138401133814141, 0.0187733320318777], [0.924524251703163, 0.018133603569322674, 0.01913928873627193, 0.004987790166269525, 0.014214625312030122, 0.01900044051294274], [0.9288139284472381, 0.018146572132472612, 0.01910034358165115, 0.004987761301063109, 0.009994138065837953, 0.018957256471736898], [0.9279245689129052, 0.018182808513068045, 0.019138106163226382, 0.004987823196680719, 0.010759745245825939, 0.019006947968293733], [0.9167650723968511, 0.019486655234350177, 0.019722602093640556, 0.005418178174137302, 0.01903358189925168, 0.019573910201769372], [0.9178153552071929, 0.02267387771367111, 0.019854962164108425, 0.0054857578528742235, 0.014482152342132562, 0.01968789472002078], [0.9446794774552063, 0.01378398890872451, 0.01430340572572782, 0.004994784434172, 0.008069608273965563, 0.014168735202203733], [0.9213123618657985, 0.014893615423210688, 0.0148799881945845, 0.013874655430318501, 0.020380704486991093, 0.014658674599096703], [0.9185451507486454, 0.016434953796678226, 0.014827191195374944, 0.013861404751520486, 0.018952054486115373, 0.017379245021665518], [0.0987314379035499, 0.06221183037453649, 0.007118054498306004, 0.012776233171874573, 0.11224999874922771, 0.7069124453025053], [0.9176704318436734, 0.01672238266886483, 0.014841771835010818, 0.014084308025199168, 0.01928382136390996, 0.01739728426334193], [0.9401154658347126, 0.018397943062638006, 0.014609478595647934, 0.0049972484679985055, 0.007466293556304861, 0.014413570482698231], [0.9361725689122568, 0.01871934573406972, 0.014354001182876275, 0.004985975916705556, 0.011580632392543162, 0.014187475861548442], [0.01810535459645704, 0.017814746338792223, 0.014278360090869016, 0.004996103040203327, 0.9308353831297748, 0.013970052803903716], [0.9373452530839629, 0.014630486657258015, 0.009659617743792426, 0.005529121236524461, 0.017504539854148748, 0.015330981424313427], [0.9468160288417588, 0.013633502800096542, 0.009689541712104519, 0.005353642930474383, 0.00940401246845452, 0.01510327124711121], [0.903058957803875, 0.03234065034391846, 0.02359459937948696, 0.006516190869128153, 0.029503435021265505, 0.004986166582326218], [0.9030414846365358, 0.03287922846136073, 0.023422146768703436, 0.006532095933270623, 0.02913887761739769, 0.004986166582731703], [0.9469287983880933, 0.012317480807543338, 0.008655001939982653, 0.004999609496553528, 0.012184886810560019, 0.014914222557267003], [0.945553492703782, 0.010142621079715971, 0.006962002939003767, 0.006242510455350654, 0.016300505085576886, 0.01479886773657085], [0.9085406865991311, 0.02964564452996159, 0.024918682462293656, 0.006207063598571535, 0.025701756227678126, 0.004986166582363965]], [[0.8463208252767228, 0.057634467090047964, 0.03272856519223392, 0.01196514028071926, 0.046354438906248616, 0.004996563254027424], [0.9315857385492685, 0.01747023799122161, 0.012177468136556624, 0.006936727533078361, 0.011224760672290748, 0.020605067117584162], [0.9194284165268869, 0.023165716711377835, 0.019498278241160835, 0.0049889335773050094, 0.01361104483003741, 0.01930761011323213], [0.039799409842868165, 0.029230597206050705, 0.020969097623883135, 0.006516027241197023, 0.8828154823949286, 0.02066938569107252], [0.8417262429379899, 0.03973951643946081, 0.019421947818686197, 0.007385767278037672, 0.07261379548657061, 0.019112730039254778], [0.48482446514087857, 0.05228686383052924, 0.020270672399065, 0.037592358652763364, 0.3858946102333959, 0.019131029743367983], [0.6991701213335845, 0.12450474606890469, 0.045998375221689695, 0.0489209794988305, 0.06805704037465792, 0.013348737502332744], [0.7902977970222428, 0.05625833798445255, 0.029354118786312784, 0.04430134471049463, 0.059224605604591564, 0.020563795891905684], [0.8262693646707701, 0.07395090536717437, 0.019939804437973704, 0.013687300823996856, 0.06115606144704136, 0.0049965632530436154], [0.8045943052926765, 0.08849619244640154, 0.04483487379911298, 0.01119257560955406, 0.03982715795354876, 0.011054894898706117], [0.7990084403712078, 0.09298177748774202, 0.040019006445321546, 0.012282814789798856, 0.044533760474187695, 0.011174200431742078], [0.8695709327417145, 0.04666024254867679, 0.020547060882110862, 0.004999164380656459, 0.03850691658516467, 0.019715682861677013], [0.08097749063125094, 0.039260094020886344, 0.01992026666716873, 0.004999586158375014, 0.8354437606635603, 0.019398801858758533], [0.02683703599398554, 0.02771882329728418, 0.020464589637985846, 0.006767871699378143, 0.8980553136683133, 0.02015636570305303], [0.913146276264514, 0.023998901507385588, 0.019595257327636877, 0.004989233202031924, 0.018811481636560566, 0.01945885006187109], [0.9219943059108743, 0.01882934422543971, 0.019250902690256602, 0.0049880293802890404, 0.01579551712136895, 0.01914190067177148], [0.9255713744921483, 0.017410551306816506, 0.01907580948760379, 0.0049883014197706224, 0.013980608585060315, 0.018973354708600378], [0.9285050834754327, 0.017482598363195653, 0.019082855272598596, 0.004987682560000344, 0.01096980268931558, 0.018971977639457103], [0.9284114128815786, 0.017556880213691915, 0.019085540518628586, 0.004987703014180264, 0.010981741151962952, 0.018976722219957616], [0.9190438566291897, 0.01844762466923042, 0.019210255525932383, 0.0049879386420095834, 0.01919979649120368, 0.01911052804243416], [0.9225071154354939, 0.018448784488337405, 0.019211243791166368, 0.004987891954628268, 0.015732956410508814, 0.019112007919865205], [0.9257029704797902, 0.019247809515793093, 0.019262923143546093, 0.004988578001720304, 0.011659793238628698, 0.01913792562052146], [0.920556734254025, 0.02188602516579498, 0.01935225381003236, 0.00498871180696067, 0.0139837237648033, 0.019232551198383692], [0.024816821521403222, 0.021677828439066515, 0.019287141069386823, 0.005459799627258946, 0.9096837934165171, 0.0190746159263675], [0.9203309326687071, 0.021901976643381296, 0.019348400675191762, 0.0049888746693238315, 0.01418828279367881, 0.0192415325497172], [0.9408120899150851, 0.01594175382671573, 0.014022021000113074, 0.004985249763108509, 0.007632764610988132, 0.01660612088398954], [0.9383617639292845, 0.017019226340358906, 0.014405748153788606, 0.004997312611896951, 0.008222411837951837, 0.01699353712671906], [0.8997296343273722, 0.02151366878942315, 0.015162485376654673, 0.017440345318943118, 0.025780862757208794, 0.020373003430398055], [0.11245006516069653, 0.06135598090626612, 0.007066989311302762, 0.012890420880711151, 0.09932409872972098, 0.7069124450113025], [0.9037911351085194, 0.023610648898832593, 0.015230483900774243, 0.01912277491046557, 0.020455482730381655, 0.017789474451026663], [0.9331726353149167, 0.022234861575906466, 0.014977418839455008, 0.005342058615970377, 0.009485311359947492, 0.01478771429380405], [0.9359790032835389, 0.020912513397336217, 0.014079235384114546, 0.004996367802954038, 0.01008157542814414, 0.013951304703912214], [0.9224143204664408, 0.02230484051078159, 0.014700075651574978, 0.004988193341051504, 0.018351341199800107, 0.01724122883035105], [0.026464161268165993, 0.025395893538593454, 0.009203235126865161, 0.018906871334588286, 0.9046651604265874, 0.015364678305199723], [0.906636916584505, 0.03881842162307442, 0.011316058708575716, 0.007072866784893318, 0.03116956971852389, 0.004986166580427671], [0.9064134985723603, 0.03616491428498018, 0.014694930676305413, 0.00690483218554913, 0.030835657699831667, 0.004986166580973389], [0.9079572931537022, 0.03524284834328496, 0.01431982539678661, 0.006779155320765487, 0.03071471120435359, 0.004986166581106989], [0.9034224977627028, 0.03227034334371096, 0.023290793086761616, 0.006503900670146483, 0.029526298554205677, 0.004986166582472638], [0.9036218529241197, 0.03177849093697393, 0.0245907373486691, 0.006457943435121381, 0.02856480877287206, 0.0049861665822438835], [0.9093067791947541, 0.030086989385605275, 0.025042902512867338, 0.006247034523519576, 0.02433012780254215, 0.004986166580711477]], [[0.8467632539347578, 0.05762123880422046, 0.032233637855198324, 0.011965645720408943, 0.046419660431512855, 0.004996563253901646], [0.930667055114824, 0.014326661128373077, 0.009356448922909657, 0.008715831234286583, 0.016530950403203657, 0.020403053196403113], [0.9207288197106278, 0.0234140394472547, 0.01988231859433523, 0.005751484115543005, 0.010502471923773422, 0.019720866208465828], [0.9042441652167653, 0.02847859543916747, 0.020395605162353527, 0.006944962997894946, 0.01973146741629832, 0.02020520376752055], [0.8743501634098683, 0.03998820570366364, 0.019985732972735166, 0.022182684791972752, 0.02374700094458454, 0.01974621217717568], [0.8737568773951889, 0.0406320681723948, 0.019947963860550904, 0.02230100386044379, 0.023672206523690828, 0.019689880187730914], [0.8118521109874577, 0.1158076375082375, 0.004992046720457548, 0.01229280524715755, 0.04395458707939098, 0.011100812457298723], [0.10095822774771823, 0.055219777601312116, 0.017610424735600146, 0.008823773056956596, 0.8062349944954205, 0.011152802362992468], [0.9038699764976615, 0.024593725680201482, 0.013734356678827003, 0.011746726122864037, 0.02470445168396664, 0.021350763336479173], [0.8188467136675294, 0.07450405890136573, 0.027446860143191615, 0.013905451681616663, 0.06030035235170333, 0.004996563254593497], [0.13088421201805703, 0.08773612569883442, 0.0465994565215015, 0.0118549545562633, 0.7114547248983455, 0.011470526306998182], [0.42897063454518974, 0.11383609241050424, 0.07382324663275405, 0.09083695538198903, 0.28201458859963524, 0.010518482429927558], [0.8707623610512593, 0.045891390225793444, 0.02050682838695643, 0.004999192241947555, 0.03813402116102069, 0.019706206933022666], [0.026446886401870175, 0.031227028000550217, 0.020719912288509175, 0.00677388962453852, 0.894449332089933, 0.02038295159459896], [0.017309060019390664, 0.022605333978917112, 0.019317668968178756, 0.005595475971352409, 0.9160752215648029, 0.01909723949735821], [0.016853944316509408, 0.021052184550281038, 0.01912712448894613, 0.005455686840110474, 0.918561265480396, 0.018949794323756965], [0.0876540801827563, 0.030840136221004257, 0.021528789545641434, 0.03680203716022282, 0.8018292730613265, 0.021345683829048723], [0.9257003526049974, 0.017300023011998115, 0.019069438191556248, 0.004988267744463739, 0.01397542886623551, 0.01896648958074893], [0.9250575448218644, 0.017461634421246517, 0.01907968488259713, 0.004987729804287763, 0.014443390026288411, 0.018970016043715832], [0.02116611241677491, 0.019120009067361485, 0.018992669083153182, 0.005262128197420715, 0.9166467261803826, 0.018812355054907227], [0.02112181913756416, 0.019178227294667588, 0.01899729170578228, 0.005263771220420258, 0.9166242255800704, 0.018814665061495265], [0.9199752678457587, 0.022285719124709537, 0.01939513316570716, 0.00498886104007322, 0.014090084850591248, 0.019264933973160144], [0.9115411396633856, 0.028069583617665, 0.020364058096732248, 0.006818451835777224, 0.01302654859478965, 0.02018021819165027], [0.9081894003294075, 0.028066893969496617, 0.020359183488043515, 0.0068723640139099545, 0.01634668497120181, 0.020165473227940527], [0.9040037721068749, 0.032596358506081544, 0.020498611174856334, 0.007931920236798829, 0.011974904248096718, 0.022994433727291815], [0.10857144746022739, 0.06163891599165416, 0.007062298887841077, 0.012923698386421122, 0.10289119430892954, 0.7069124449649268], [0.109575595581633, 0.062306011125515204, 0.007068585148005814, 0.012964637971322482, 0.10117272515057942, 0.7069124450229441], [0.1170339697931741, 0.06215913867947751, 0.0070705250531169096, 0.012985480388036024, 0.09383844105040264, 0.7069124450357929], [0.9050012575317002, 0.02778229668219321, 0.01434000985397734, 0.015887508852013437, 0.01748676402470991, 0.0195021630554059], [0.9089003617000234, 0.0275767843547861, 0.014379960428335434, 0.01615578487286616, 0.018762314378632877, 0.014224794265356028], [0.9088769096700106, 0.02956217353556174, 0.014586616895562262, 0.016253169293365816, 0.016373209017025745, 0.014347921588473804], [0.9125268390572149, 0.022245758927691723, 0.014783080484987977, 0.014349785064046685, 0.018800547769610737, 0.017293988696447892], [0.1091014320595399, 0.074996773799253, 0.007085485298996427, 0.013512031631119914, 0.08839183202344024, 0.7069124451876506], [0.21415658298260395, 0.035722033309983726, 0.005632426463622344, 0.009972484984472245, 0.7215117186935317, 0.013004753565786061], [0.061164517384292426, 0.03727127794867895, 0.008120630960799699, 0.010176209956516833, 0.8728429590406932, 0.010424404709018953], [0.9044980614641291, 0.03748529366392662, 0.015055526053806655, 0.007098897291136913, 0.030876054946153763, 0.004986166580846981], [0.9275326994359635, 0.01763467840593765, 0.011661093231949016, 0.008560130491825687, 0.01899919910415933, 0.01561219933016476], [0.0377011720730049, 0.018483910865626174, 0.010907341113989222, 0.013515026025804336, 0.907873161137848, 0.011519388783727366], [0.9304342877488515, 0.01601972431809269, 0.01230992886849692, 0.00795957889209356, 0.01778864960864726, 0.01548783056381809], [0.9043273957762644, 0.03176435254275464, 0.0267927926483823, 0.006442026687961625, 0.025687265763678104, 0.004986166580958825]], [[0.8335235526834465, 0.06130029529502819, 0.03666621503417378, 0.012365161489503219, 0.05114821223979746, 0.004996563258050926], [0.931729115071345, 0.014509673788967569, 0.009536429259906613, 0.00692419144839901, 0.016933351172607292, 0.02036723925877448], [0.9188740885423422, 0.02351976271221909, 0.019513512397807055, 0.004989067145352353, 0.013765222982052324, 0.019338346220227117], [0.03946923495260193, 0.02762061084061445, 0.02084766573358487, 0.006712591706149145, 0.8848135674321256, 0.020536329334923956], [0.9050601777154925, 0.029708595960035857, 0.020531945118107096, 0.0072181708484999, 0.017148666662226756, 0.020332443695638067], [0.9055415931084362, 0.03411676438842439, 0.020661385274053135, 0.008132293330884116, 0.011093643328458348, 0.02045432056974384], [0.9075635866620694, 0.03053572357010993, 0.020523148026053088, 0.007222208356647006, 0.013826167110291283, 0.020329166274829398], [0.9033286462444482, 0.03145704531712334, 0.020690961571060804, 0.007308615730798587, 0.016806737702507023, 0.02040799343406214], [0.9165838180570781, 0.024215875725240272, 0.012572470571646524, 0.009145074154891119, 0.016174321341128464, 0.021308440150015474], [0.8264268422818442, 0.072772669461671, 0.021847297593211953, 0.013625678856764504, 0.06033094855299742, 0.004996563253510906], [0.7928258793291639, 0.09065685578782225, 0.03476792599837518, 0.015105536680333447, 0.0616472389443598, 0.0049965632599456265], [0.8509653017502065, 0.03823511158805171, 0.030918347674224623, 0.02696277050460466, 0.032240221868894414, 0.020678246614018167], [0.856845922709241, 0.037985066548522156, 0.026525357881663134, 0.02670531045436038, 0.03129912273014799, 0.0206392196760653], [0.9123572120421459, 0.024706703274475297, 0.012525434959667108, 0.009328544998774793, 0.019671247564984756, 0.021410857159952223], [0.9163874515718881, 0.024305658102618848, 0.01958458387724959, 0.00498928296597833, 0.015256388841615584, 0.01947663464064964], [0.921804612709987, 0.019025261743431696, 0.019272855872497757, 0.0049880437355603055, 0.015757462829625393, 0.0191517631088977], [0.9258211465260398, 0.017225652028045723, 0.019056056391863353, 0.004988236041892151, 0.013949871171011978, 0.01895903784114692], [0.9285075985620609, 0.01747951331856986, 0.019082429428853378, 0.004987682738394189, 0.010970913712044056, 0.018971862240077703], [0.9281315808066779, 0.017762227872232535, 0.019107428742415722, 0.0049877819820441285, 0.011018106667253157, 0.018992873929376545], [0.9159994327958522, 0.02044716799355766, 0.019408175912255753, 0.004988896038096104, 0.019865169643318543, 0.019291157616919692], [0.9139969724291133, 0.02337815258263306, 0.01952788956713554, 0.0049890023120045795, 0.018699566439414887, 0.019408416669698655], [0.9200548437371666, 0.024492522966052938, 0.019613998517143447, 0.004989751101914346, 0.011385733381275841, 0.01946315029644693], [0.9129662162323681, 0.02927012912793032, 0.020086035145468403, 0.00499273639465465, 0.01280546715074838, 0.019879415948830217], [0.8755358897262125, 0.040181645227771734, 0.019982614009167798, 0.022220175623134473, 0.022370217354387722, 0.01970945805932579], [0.8700424163654074, 0.03902604500369753, 0.019864113566550618, 0.02274666841216064, 0.028696859616299336, 0.019623897035884515], [0.1016966966117273, 0.018563735326210508, 0.010258271877629796, 0.010346880408295085, 0.843729565928362, 0.01540484984777532], [0.10926592225113127, 0.0637809580327972, 0.0070743204765045965, 0.013026491599723564, 0.09993986257636406, 0.7069124450634793], [0.9221007666892005, 0.025139591771474186, 0.014745688403289006, 0.004989953406202011, 0.013102251551704937, 0.019921748178129285], [0.877164696821881, 0.05671482997764152, 0.010535535842735406, 0.018684144117808877, 0.026503834018617094, 0.010396959221316168], [0.3060884196248589, 0.07443023777918617, 0.00660808592113427, 0.0813932118947128, 0.5251254235059404, 0.006354621274167493], [0.8829004003531582, 0.05537740027316452, 0.01052437898138808, 0.01856133223621598, 0.022255690728780135, 0.010380797427293094], [0.908308660605493, 0.02606192049098434, 0.01495908243929695, 0.016401052692195498, 0.016801721419300617, 0.017467562352729584], [0.9108835126829238, 0.028330820174406284, 0.014128047235744201, 0.004990926149350398, 0.022436108660977616, 0.01923058509659771], [0.7171833515730013, 0.02767123296414655, 0.010088445470169172, 0.010387612623196154, 0.22496994538898768, 0.009699411980499121], [0.9227721942253294, 0.019994114021003245, 0.012256783573290244, 0.013939771730856249, 0.02041465034039722, 0.010622486109123678], [0.8294181780210252, 0.05335045728885681, 0.04113778996836729, 0.02906458033472462, 0.03818410101321324, 0.00884489337381281], [0.9228055271467748, 0.02038778719661911, 0.012171442334328687, 0.014099325042484456, 0.019880244628704434, 0.010655673651088568], [0.1356284235996283, 0.04264265661601825, 0.01002884478106775, 0.019763642653127904, 0.7829546962684841, 0.008981736081673691], [0.841469689874042, 0.03832922469109234, 0.06021430274658914, 0.0212710559654257, 0.029333735549370528, 0.00938199117348027], [0.9041544241243927, 0.03179244384770691, 0.02695993729243476, 0.00644299022240353, 0.02566403793212584, 0.004986166580936267]], [[0.8334797755912022, 0.06396857627156813, 0.03406867579673081, 0.012536977839982883, 0.05094943124217582, 0.004996563258340299], [0.026878620530820775, 0.022963778082092705, 0.014250515852830312, 0.02215553941559423, 0.8932718581343543, 0.020479687984307784], [0.9178526200463436, 0.021986405005893665, 0.019587987656941034, 0.0049893746907916795, 0.016194704266651757, 0.019388908333378016], [0.9165127831860426, 0.02454611652966322, 0.019632049658217902, 0.004989948495692131, 0.014839875592430255, 0.019479226537954072], [0.9083353744226682, 0.029842959709704794, 0.0205493651037723, 0.007138057883377463, 0.013791708632118536, 0.020342534248358773], [0.912690783543824, 0.029343175127011446, 0.020092707957365143, 0.004992312374066416, 0.012995117034607514, 0.019885903963125385], [0.905657935773781, 0.033893722168907424, 0.020639223012520077, 0.008061624291563315, 0.011306174791778442, 0.020441319961449832], [0.9071535191015827, 0.03062870630038546, 0.02060317392384347, 0.007245984335446616, 0.013977097063982431, 0.020391519274759226], [0.9132855017689765, 0.02431428306052322, 0.012273748167555118, 0.009197185026520152, 0.01954836894323355, 0.021380913033191562], [0.914989759740771, 0.024858140348951598, 0.013004929548900711, 0.009296340084900517, 0.016536918765207353, 0.021313911511268754], [0.8256905641754065, 0.07273806898390042, 0.022346611783968198, 0.013516565473313046, 0.060711626329178765, 0.004996563254233014], [0.8217130036705048, 0.0707448686531864, 0.030080924683866195, 0.013354616538440256, 0.059110023197823616, 0.004996563256178765], [0.8247246535012402, 0.06994319123726211, 0.026366639585535246, 0.013332374469306192, 0.060636577951489135, 0.004996563255167111], [0.91976956010297, 0.022885391447276165, 0.012959582806294556, 0.008733638196503985, 0.014562095081249055, 0.021089732365706333], [0.9309590090557737, 0.018847939227558296, 0.010301431967940908, 0.007380682216492436, 0.01182614488863694, 0.020684792643597634], [0.9278585806338275, 0.017991655910610083, 0.01911136852247396, 0.004988175663691694, 0.011034838141717039, 0.019015381127679566], [0.9258268515946859, 0.01739105988623961, 0.019024733992280666, 0.004988164284278154, 0.013844385037735508, 0.01892480520478015], [0.9285315686804388, 0.017454913340011372, 0.01907979876911324, 0.004987679485864479, 0.010975592262895288, 0.018970447461676834], [0.924281143978699, 0.018011565139526384, 0.01913193330871117, 0.004987971908585878, 0.014571325001613117, 0.019016060662864712], [0.017630033873378144, 0.02217764621453253, 0.019280145828546435, 0.005583740933041521, 0.916241433109803, 0.019087000040698396], [0.02979383258362686, 0.02649931010905438, 0.020334739915221247, 0.006423243714443604, 0.8968919843393762, 0.02005688933827765], [0.9079397603554112, 0.029729161326869598, 0.02017739416269057, 0.004992567194748642, 0.01720387535783101, 0.01995724160244902], [0.8809803655597676, 0.03508350176420742, 0.02052556463704052, 0.02198530621197161, 0.021115516144945508, 0.020309745682067507], [0.7697253585962432, 0.1123272527433327, 0.02033883262058649, 0.03662268250820127, 0.040936680912968836, 0.020049192618667604], [0.25763823637574623, 0.1607366602950641, 0.012583099658250737, 0.22067318217734694, 0.3362068308784474, 0.012161990615144646], [0.9038392434506519, 0.028320288997509845, 0.01442171040177307, 0.016745169361066375, 0.022391631101191817, 0.014281956687806994], [0.9222042964554052, 0.025026699159862307, 0.014759804056047508, 0.004989897048646249, 0.013094489416522503, 0.01992481386351614], [0.031411368130852046, 0.020831927112908297, 0.015324929198802215, 0.005140302321969899, 0.9121569816894053, 0.015134491546062263], [0.04538032372221908, 0.0281241191269484, 0.014052268019925452, 0.004992668582299052, 0.8937759759155604, 0.013674644633047522], [0.8197350971668913, 0.12018239964487236, 0.014373635031821009, 0.004992269568498923, 0.026608241614616487, 0.01410835697329994], [0.9146849605390486, 0.028327798076425978, 0.01408995288611321, 0.004992532474949114, 0.021348064725975932, 0.016556691297487262], [0.12516296757316958, 0.07029229134030891, 0.007091275279464467, 0.013296723662054036, 0.07724429695249128, 0.7069124451925118], [0.12572914752323444, 0.06977415043949062, 0.00709010470243432, 0.013276836334984825, 0.07721731580408417, 0.7069124451957716], [0.7533258605260288, 0.019816052505354433, 0.009911050334612878, 0.004993662590507662, 0.19686788946870545, 0.015085484574790779], [0.9152694258688436, 0.019400614406814894, 0.009964672866433192, 0.004993376775572232, 0.04055081190795724, 0.009821098174378873], [0.9314589284424388, 0.025592650247033458, 0.014442031434454862, 0.004999743508248746, 0.009412385087020804, 0.014094261280803296], [0.7586618483827225, 0.020559860114471678, 0.010007595401178083, 0.004995474298350783, 0.1959276874749166, 0.0098475343283604], [0.3189343248694516, 0.07583658637958285, 0.00817549544645385, 0.0975851411108798, 0.49250082115747257, 0.006967631036159421], [0.6878923837758355, 0.03856103100094643, 0.21404185997453762, 0.021691356152516817, 0.028453913769320462, 0.00935945532684308], [0.9061468333898528, 0.03279251514806781, 0.02308248844827556, 0.006543795434085193, 0.02644820099885879, 0.004986166580859853]], [[0.8334797755912022, 0.06396857627156813, 0.03406867579673081, 0.012536977839982883, 0.05094943124217582, 0.004996563258340299], [0.026890743883652868, 0.02295645216250477, 0.014249316125629897, 0.022154889905562584, 0.893269571336096, 0.02047902658655384], [0.9207412431813058, 0.020075789059315237, 0.019387146037585613, 0.004988516065949128, 0.015587513398209973, 0.01921979225763419], [0.9195658770315713, 0.022589157253970565, 0.019416833764831772, 0.004988929574879255, 0.014150375288157635, 0.019288827086589532], [0.9082296926030546, 0.029606529670629274, 0.020151145289859288, 0.004992252176584198, 0.017075417983886274, 0.019944962275986276], [0.8478317028272176, 0.03828122008201069, 0.019267301197014176, 0.007035175636930794, 0.06856423231981379, 0.019020367937013064], [0.8500086240565811, 0.03782978296844103, 0.019222271590097467, 0.007719985819414477, 0.06623263166935504, 0.01898670389611098], [0.8438457944602265, 0.038833043603813365, 0.019336562868965707, 0.007095515032956383, 0.07182888875370153, 0.019060195280336614], [0.039660793754040094, 0.03022506230738194, 0.021179628465141275, 0.00708317703801329, 0.8811083173455789, 0.020743021089844493], [0.9129740735395512, 0.023474599362509743, 0.011319759327301143, 0.008908657362082233, 0.022099211193127626, 0.021223699215428094], [0.029378524221481562, 0.02840913670456551, 0.01375559956342959, 0.024255126761892214, 0.8834068745194594, 0.020794738229171727], [0.025355835810915137, 0.027330847647325643, 0.014242234800747341, 0.02319617418272231, 0.8892634076464543, 0.020611499911835297], [0.8316144197881179, 0.06968507388116194, 0.02163499740923654, 0.01313871180481016, 0.05893023386202833, 0.004996563254645123], [0.8351059619534451, 0.06962474274348893, 0.01615209017579469, 0.013114973415724242, 0.06100566845934673, 0.004996563252200365], [0.9299956662038965, 0.015625201589297193, 0.007327249119261774, 0.009262659744207516, 0.01740170484493179, 0.020387518498405425], [0.8907819720834541, 0.018623450652469883, 0.020081434157475486, 0.018209983987912848, 0.03224783556151041, 0.02005532355717736], [0.07524661521672611, 0.08802131088665315, 0.013736627445744654, 0.03444832881231021, 0.7750009186206781, 0.01354619901788784], [0.9258736589452349, 0.017341943047938884, 0.019020041449378397, 0.004988157335412315, 0.013853908335563044, 0.018922290886472633], [0.924562831781202, 0.01780149327661854, 0.019108648123895403, 0.004987900881398073, 0.014539098104615936, 0.019000027832270044], [0.021025663443033037, 0.022170004631981908, 0.01927709180260849, 0.005571270142680588, 0.9128693568502435, 0.019086613129452524], [0.9035132860503999, 0.029896153140732316, 0.02020503644623786, 0.004991979245811165, 0.021387005413078385, 0.02000653970374026], [0.847304712480945, 0.038437884558336105, 0.01928323972610706, 0.00705321822078773, 0.06889080990201274, 0.019030135111811498], [0.8897071145007518, 0.03891958953386677, 0.01946615738677277, 0.004999841773683786, 0.027699536744168644, 0.01920776006075631], [0.8832691190726565, 0.04086752849034245, 0.019647336949954738, 0.004996964522705705, 0.03185973691406979, 0.019359314050270967], [0.09228164373353161, 0.03892059161721862, 0.019948156515550895, 0.0056823284842712, 0.8237367594229769, 0.019430520226450757], [0.9135279627591443, 0.01915235469585487, 0.009914764786201454, 0.004993428934993988, 0.03994858418161633, 0.012462904642189266], [0.11008633179079257, 0.06405293269849902, 0.007081501082031495, 0.013028286490156443, 0.09883850285700502, 0.7069124450815155], [0.9237390256196528, 0.022012506027903025, 0.014184573922500925,