{"prediction": [[[0.8557730994131245, 0.04597831643407161, 0.040594441925328455, 0.010582948468322586, 0.03707120277106533, 0.009999990988087492], [0.8558774970466887, 0.045673818756516216, 0.03970371799285166, 0.010587886594187081, 0.03815708862166879, 0.009999990988087496], [0.857439817539725, 0.046659150416733325, 0.03645338991248531, 0.010680695724416168, 0.038766955418552754, 0.009999990988087496], [0.8631258651147482, 0.048578901455481105, 0.027953194029380214, 0.010849026754473535, 0.03949302165782941, 0.00999999098808749], [0.863053828431817, 0.04962127516598143, 0.026713117278678616, 0.010930851582378035, 0.03968093655305747, 0.009999990988087487], [0.8618963358468559, 0.050298955291206676, 0.026934215582931045, 0.011004961473559168, 0.03986554081735985, 0.009999990988087492], [0.8688469048691776, 0.04568487137321342, 0.027921006599879616, 0.010607317970715542, 0.03693990819892642, 0.009999990988087478], [0.8518696694392698, 0.05461498608080515, 0.03091320591898473, 0.011491426381006246, 0.04111072119184657, 0.009999990988087508], [0.8338040652088824, 0.06155426764920285, 0.04060994878930297, 0.012206136822343438, 0.041825590542180845, 0.009999990988087534], [0.8337636083959713, 0.061841666428524115, 0.040201543846141496, 0.012232934532906083, 0.04196025580836942, 0.009999990988087534], [0.8425975278564348, 0.056576173751245504, 0.04003062952714079, 0.011791426251612282, 0.03900425162547902, 0.00999999098808752], [0.8442034401973534, 0.05718648754477844, 0.037793313009059665, 0.0118171803975464, 0.0389995878631745, 0.009999990988087517], [0.8458443418725117, 0.0574411170112105, 0.03597624716813014, 0.01182443812268837, 0.03891386483737194, 0.009999990988087517], [0.8631401752072637, 0.05000355643995547, 0.028255013106117922, 0.011028646811600552, 0.037572617446974925, 0.009999990988087487], [0.8703654046817023, 0.04624473798826758, 0.02620488827559623, 0.010621352223332044, 0.03656362584301439, 0.009999990988087477], [0.8713534744641713, 0.04579849323396637, 0.02574770486462095, 0.010570524793260542, 0.03652981165589321, 0.009999990988087471], [0.8606663415302899, 0.047709307435089, 0.03370231248844053, 0.010831297018091601, 0.03709075054000144, 0.00999999098808749], [0.8573027178198012, 0.047100746424500364, 0.03781586242518639, 0.010783303577210959, 0.0369973787652136, 0.009999990988087496], [0.8540699236449788, 0.04685463601382526, 0.041093441611606205, 0.010797122296785183, 0.037184885444717014, 0.0099999909880875], [0.8418162777969779, 0.051238891584685656, 0.04554014772745164, 0.011201810634997818, 0.04020288126779957, 0.009999990988087518], [0.8423012674150927, 0.05323893239773456, 0.04324933191556827, 0.011319304339178504, 0.03989117294433844, 0.00999999098808752], [0.8475212036521149, 0.0554419563816771, 0.034784200953304624, 0.011511802346731837, 0.04074084567808411, 0.009999990988087517], [0.8476538749549611, 0.05419408158894924, 0.03517798319226855, 0.011474323551287375, 0.041499745724446084, 0.009999990988087511], [0.8666801120788205, 0.045385989763391164, 0.0300722006741361, 0.01058990600008978, 0.037271800495475106, 0.009999990988087484], [0.8616502137435194, 0.04972695287313771, 0.02768953426504659, 0.010970158413327345, 0.039963149716881446, 0.00999999098808749], [0.8766915655731783, 0.043232757000683436, 0.024913053789243553, 0.009999961496027955, 0.03516270064483885, 0.009999961496027955], [0.8766915655731783, 0.043232757000683436, 0.024913053789243553, 0.009999961496027955, 0.03516270064483885, 0.009999961496027955], [0.8836417994955597, 0.04005174542835075, 0.02381063381563022, 0.009999960268699919, 0.03249590072305969, 0.009999960268699919], [0.88484407062471, 0.03996152966035143, 0.022936584115250305, 0.009999960175134267, 0.03225789524941958, 0.009999960175134267], [0.8779880291257283, 0.04363990395397661, 0.02517820129032347, 0.00999996177039704, 0.033193942089177746, 0.00999996177039704], [0.8796633303271398, 0.04292067115000042, 0.02786885243068883, 0.009999957010014396, 0.029547232072142195, 0.009999957010014396], [0.8788706588496091, 0.04345558176994738, 0.02808270364504019, 0.009999957223771802, 0.029591141287859696, 0.009999957223771802], [0.8788487670607529, 0.04365886827666513, 0.02780992342624679, 0.009999957300169214, 0.029682526635996742, 0.009999957300169214], [0.8788231298754755, 0.0438628311511994, 0.027540123734299583, 0.009999957376582262, 0.029774000485861003, 0.009999957376582262], [0.8775411702215962, 0.04387692274690548, 0.028640868317091995, 0.009999957433973118, 0.029941123846460103, 0.009999957433973118], [0.8819659923146781, 0.04163332131641708, 0.024883141945892934, 0.009999956385306945, 0.03151763165239795, 0.009999956385306945], [0.8880292748860116, 0.03945596796872595, 0.02221262079854086, 0.009999955213884696, 0.03030222591895231, 0.009999955213884696], [0.8846396964181754, 0.0392922623077086, 0.02661564339289394, 0.00999995499602108, 0.029452487889179882, 0.00999995499602108], [0.8827638333337139, 0.03638091537211542, 0.03168884375127792, 0.009999954170487269, 0.02916649920191816, 0.009999954170487269], [0.8834772683192631, 0.035561536641856836, 0.03224203898766882, 0.00999995395121224, 0.028719248148786704, 0.00999995395121224]], [[0.8562142925837071, 0.045496272011711254, 0.03968106319798848, 0.010569606492555091, 0.0380387747259506, 0.009999990988087496], [0.035671298909569354, 0.042581884352496754, 0.02017009315990228, 0.014252986470811111, 0.876533695607943, 0.010790041499277495], [0.6872385545432019, 0.14794392687718583, 0.03168745937278817, 0.038437073581628775, 0.07539414381466657, 0.019298841810528815], [0.6820194073791085, 0.15168810196831395, 0.03222491152197846, 0.03895783362164499, 0.07590303154053146, 0.019206713968422617], [0.0363337748186119, 0.04452695962628521, 0.020339663995815577, 0.014575676931989663, 0.8733749509897122, 0.010848973637585486], [0.5400571244282527, 0.07379772822801188, 0.15783137757639065, 0.0411991918930745, 0.16761815138676037, 0.019496426487509894], [0.5489816032562518, 0.07441834453012663, 0.1608899761838384, 0.0416728297044835, 0.15428967745591282, 0.019747568869386823], [0.5038915679997018, 0.08920575913208026, 0.2015522599495486, 0.04087573738225929, 0.1459391329456291, 0.018535542590780895], [0.09578380282895439, 0.05851786463781565, 0.030425974875125873, 0.016612639003232732, 0.7875566818894911, 0.011103036765380159], [0.7413217465486437, 0.1038540988774556, 0.06840452918389998, 0.020404885228957368, 0.055121190158232525, 0.010893550002810882], [0.7430689916132669, 0.10297952026155344, 0.07166270962681151, 0.02121403659877553, 0.05020055496327904, 0.01087418693631357], [0.7497053380658472, 0.10122427303252568, 0.0705058122083949, 0.02030011803960613, 0.0473431968159179, 0.010921261837708201], [0.5942658396777125, 0.1000213565507995, 0.09169456201938553, 0.0464695095945446, 0.14911676517904882, 0.018431966978509105], [0.6379901646483113, 0.08821193012881685, 0.07587585371671934, 0.04209775340997178, 0.13659122245936717, 0.019233075636813632], [0.6598833646911858, 0.07068107430173066, 0.057006356944762485, 0.040774744683005786, 0.15227099794351803, 0.019383461435797254], [0.6620097272067711, 0.07024054682982031, 0.05592235012064922, 0.040578083399661125, 0.15183002711574256, 0.019419265327355616], [0.6422928000001681, 0.08683616927748897, 0.07499793561502938, 0.041435303737893565, 0.13516794012303543, 0.019269851246384584], [0.5928538519862752, 0.0969240160205332, 0.0891036568769329, 0.04523963279622571, 0.15755157301011508, 0.018327269309917956], [0.8345720130518941, 0.059928781321054, 0.039347872762314426, 0.012126361596891363, 0.04402498027975873, 0.009999990988087541], [0.8331158435102386, 0.06410934259365687, 0.037197089356554726, 0.01235156071787933, 0.04322617283358293, 0.009999990988087543], [0.14193103683757133, 0.07494271712696327, 0.052266731739250026, 0.03441183616873812, 0.6818431951800356, 0.01460448294744175], [0.1498348196365539, 0.0759079205484393, 0.05174848157975527, 0.0347206789933417, 0.6731194205922526, 0.01466867864965722], [0.6413982025886712, 0.1894849097214576, 0.04335734635428107, 0.03987163109785316, 0.06734193404501693, 0.018545976192720116], [0.6813444506501732, 0.15362237295656977, 0.033031072824518594, 0.03937284040965555, 0.07343473464647549, 0.019194528512607396], [0.676346351852492, 0.1539402753410438, 0.03239965601775537, 0.03933942123479562, 0.0788180650350607, 0.01915623051885241], [0.0450854173586701, 0.046617039083558194, 0.02722761534650509, 0.024526243792215123, 0.844756439108576, 0.011787245310475467], [0.651911903011419, 0.05556021141525409, 0.11802552614708503, 0.03132331116761222, 0.1280248736128203, 0.01515417464580926], [0.7413489273714513, 0.05340346887842462, 0.04313987949882811, 0.031156851296282678, 0.11593934942620907, 0.015011523528804142], [0.7424509695950287, 0.05334080726022472, 0.04246089166567089, 0.03108721787975229, 0.11563485831975752, 0.015025255279565898], [0.7253329586658595, 0.06697998802586431, 0.05706663956712685, 0.03205484510847843, 0.10369167389698296, 0.014873894735687973], [0.6915233855637883, 0.07582920036486403, 0.06896656252806627, 0.0354070676700388, 0.11399464424627022, 0.014279139626972269], [0.501784855010939, 0.08228508184017785, 0.057764151475205625, 0.034061264160271734, 0.31389353084390853, 0.010211116669497181], [0.7156257120633852, 0.08257345694521859, 0.057707231131426145, 0.03442868722596422, 0.09948538305224539, 0.010179529581760436], [0.7163503851056708, 0.08217001955954219, 0.05898382617291359, 0.034052339900626075, 0.09823750947657622, 0.01020591978467122], [0.5903724394484545, 0.07530820437703045, 0.18103249452842976, 0.033635548959892785, 0.10623758979572724, 0.013413722890465262], [0.5086880475435378, 0.36001835023462975, 0.033615465770054496, 0.030542034316474988, 0.052825479644233606, 0.014310622491069333], [0.03744433054654348, 0.05488158797833386, 0.03078902992503775, 0.024868556651207, 0.8402437639115228, 0.011772730987355182], [0.034748265951620526, 0.04674168186861762, 0.02862942820603544, 0.02467179779081904, 0.8534520068713655, 0.01175681931154196], [0.03972982293808739, 0.04595162969832747, 0.02807674299055291, 0.024380152538770457, 0.8501332407566178, 0.011728411077644054], [0.8840752195801513, 0.035058993847509275, 0.03149055004437289, 0.009999953857923374, 0.02937532881211977, 0.009999953857923374]], [[0.8579000668266288, 0.047469226400328066, 0.035043517661204164, 0.01074278705948964, 0.03884441106426196, 0.0099999909880875], [0.5478845303080797, 0.07133194960958905, 0.15420288113528557, 0.04048291592547478, 0.1663887786305833, 0.01970894439098764], [0.8199894469845158, 0.06258865305356312, 0.019638259141563467, 0.009999995326877795, 0.0689881367893933, 0.0187955087040866], [0.8058711402436096, 0.06661979214122091, 0.01894534735331097, 0.009999995388804164, 0.07983920017622932, 0.018724524696825135], [0.8026659541661999, 0.0667400275965536, 0.0188903650583609, 0.009999995351703981, 0.08301525604556431, 0.01868840178161755], [0.8159006186320852, 0.06500817052573239, 0.019502293807439085, 0.0099999954819875, 0.07080520434819607, 0.01878371720455986], [0.8115549176102048, 0.07856930436130315, 0.019651653269797686, 0.00999999589865551, 0.06133496764532295, 0.018889161214715882], [0.7959673288769811, 0.0863277827984687, 0.019776307884429866, 0.01018539905897459, 0.06891224329812073, 0.018830938083025064], [0.7588424107216436, 0.12042944244013046, 0.01930633609462851, 0.013115853876254354, 0.0694261402114647, 0.01887981665587829], [0.10072373054248367, 0.04569187124922363, 0.021752113503436095, 0.07510908572295596, 0.7360496409371607, 0.020673558044740026], [0.3187939995105094, 0.19454968210305917, 0.015604747445401251, 0.3264504349321456, 0.13009624873434417, 0.014504887274540287], [0.6448282115979972, 0.1647528412110032, 0.02014917881939258, 0.07626649874483296, 0.0746289984912481, 0.01937427113552604], [0.7868035505312064, 0.049675071078078524, 0.021556234935149764, 0.06893596414092398, 0.05214737884236722, 0.02088180047227402], [0.8276855547697496, 0.032352970169031915, 0.020967308476297665, 0.04940695787889684, 0.04901733904889482, 0.020569869657129175], [0.8574996232023567, 0.06979036743216205, 0.009999990669083832, 0.013232053078984724, 0.03870636848571612, 0.010771597131696566], [0.8635777746393727, 0.05937455735030186, 0.009999990601228881, 0.013104979503998417, 0.043219932773687235, 0.010722765131410844], [0.8521179000794573, 0.07367047118407068, 0.009999990970916696, 0.013600328028372575, 0.039842702777072074, 0.01076860696011086], [0.5895501510518117, 0.10225492906218511, 0.08021996421245066, 0.04648069426363085, 0.16316368364700654, 0.018330577762914985], [0.13632481940436067, 0.09851464341318464, 0.05626352204880333, 0.023484880669179378, 0.674037848440138, 0.011374286024333907], [0.7349648873792356, 0.11123903713118982, 0.06126576143007703, 0.02132216613547002, 0.060344463992530184, 0.01086368393149745], [0.11990410032313008, 0.10512801250739853, 0.04844967257915909, 0.02438657253672094, 0.6907632079579062, 0.011368434095685142], [0.03848695271020196, 0.057145697207269475, 0.02110573773756812, 0.026556466556323724, 0.8363192214550195, 0.020385924333617318], [0.7940986403814873, 0.0829783375807698, 0.01909272712485477, 0.009999995925205118, 0.07503592547860334, 0.018794373509079778], [0.8021494881881935, 0.06717719680335184, 0.01894595741937194, 0.009999995495867074, 0.08300263296932013, 0.01872472912389536], [0.016632351502927866, 0.04012773363916152, 0.019138521558858937, 0.021649318796624878, 0.8835978513544103, 0.018854223148016623], [0.8472260527222768, 0.04963595954204359, 0.014598831760581412, 0.009999993336189932, 0.06411647118172711, 0.014422691457181148], [0.8604410524763899, 0.04694270532317925, 0.01499411450248242, 0.009999993395172645, 0.05315103858859959, 0.01447109571417622], [0.8773027045695803, 0.019096764749799943, 0.01596800051982498, 0.03484791413792195, 0.03705429638660679, 0.01573031963626619], [0.8772426135874924, 0.02222009387058831, 0.016100911960483816, 0.03544145489099629, 0.033133049781096185, 0.015861875909342932], [0.872595159413045, 0.02383105152700729, 0.016196895042118166, 0.03716874299108711, 0.03432855460712164, 0.01587959641962086], [0.8503975199963625, 0.034623890536213286, 0.01650674896266081, 0.04968457123998567, 0.03275267236890233, 0.01603459689587533], [0.8446900300471614, 0.059964648239237604, 0.013236435263845936, 0.03251415727387801, 0.03687483947374578, 0.012719889702131256], [0.5015857017371228, 0.12809601222900766, 0.009999982422819135, 0.14469378285965634, 0.20562453832857497, 0.009999982422819135], [0.8450829545259348, 0.06007663066775999, 0.013244191722748603, 0.03261870745998004, 0.036251215740818236, 0.012726299882758202], [0.8387311902507659, 0.03792547924679833, 0.01701267719557543, 0.05247706672906549, 0.037783574122482615, 0.01607001245531224], [0.8380060367048231, 0.06860805023050133, 0.014764152098894739, 0.00999999438066461, 0.054109135801540025, 0.014512630783576293], [0.6205616879864656, 0.27912406566711817, 0.014679241167528322, 0.009999993864044033, 0.061171716714550094, 0.014463294600293683], [0.015227935498684224, 0.04258544789974964, 0.017507945175322445, 0.020141607112968783, 0.8875632652211087, 0.016973799092166123], [0.7129800251533049, 0.14971468521620407, 0.0326346066750707, 0.03002324091514625, 0.06046604016211907, 0.014181401878154835], [0.877659493793881, 0.03931005745721067, 0.03232808913265738, 0.00999995552924896, 0.030702448557753118, 0.00999995552924896]], [[0.8712625476911434, 0.045012618425151335, 0.026720890342274248, 0.01050118616796152, 0.036502766385382045, 0.009999990988087471], [0.5528277398130668, 0.07354096800346906, 0.15859751466344185, 0.04140577087279857, 0.15377374232008337, 0.019854264327140304], [0.8158956556080461, 0.06300823927038551, 0.01950509651972821, 0.009999995551437019, 0.07279210701967247, 0.018798906030730728], [0.014403572548808415, 0.04306162312082846, 0.019171277347702166, 0.022037576105285218, 0.8823161341193504, 0.019009816758025464], [0.017536808322900707, 0.040105544068016294, 0.019057327946857196, 0.022049243839686643, 0.8823441049985818, 0.018906970823957262], [0.8102839853245185, 0.06428151233660648, 0.018885016949683132, 0.009999995584335323, 0.07777933042495241, 0.018770159379904172], [0.803694867659108, 0.08040630596431453, 0.018955949674233308, 0.009999996023813715, 0.06811447795131126, 0.018828402727219154], [0.7716666129000077, 0.09861854128675436, 0.01896356038968812, 0.011285615229800323, 0.0806986067583124, 0.01876706343543702], [0.8584041272909984, 0.05644163757053815, 0.019759104447229954, 0.018689918172990518, 0.02716210720558318, 0.01954310531265985], [0.8321658821309603, 0.04026253729165952, 0.018991723737371017, 0.0434099997343435, 0.04647830764888991, 0.018691549456775577], [0.8244133776021664, 0.04248324415963705, 0.01907283079390416, 0.04468903792381853, 0.05057288374261256, 0.01876862577786132], [0.8232133928872886, 0.04218028738038286, 0.019069149243996986, 0.04364461508563329, 0.05311004242512832, 0.018782512977570043], [0.0569129060637174, 0.06039256495990984, 0.02123001016020727, 0.02901460948249912, 0.8115101776983328, 0.02093973163533361], [0.8040988331427977, 0.0782178617586928, 0.018981724127458, 0.00999999609904796, 0.06985180394543748, 0.018849780926566067], [0.8221638871952263, 0.06271865355227962, 0.01887181568060087, 0.009999995599788352, 0.06746290585019626, 0.018782742121908513], [0.8375578255867362, 0.029545843290472, 0.020610704810206545, 0.04710679410639191, 0.04466139253149924, 0.020517439674693938], [0.8144644934510679, 0.07627201023161899, 0.018970194189359545, 0.009999995903337095, 0.06143848204042407, 0.018854824184192362], [0.7712721932985349, 0.11343590395306068, 0.01938496937201695, 0.012854696769866935, 0.0641495320769066, 0.01890270452961378], [0.6454209380852038, 0.16195969942893082, 0.01996566883404935, 0.07555305049735239, 0.07771218270791704, 0.01938846044654659], [0.3145617017458709, 0.2808912980893545, 0.017006153530672783, 0.22657524462044198, 0.14483428476973867, 0.01613131724392124], [0.643908491364119, 0.1634669718256564, 0.01991943815935631, 0.07578082411729, 0.07754178632295547, 0.01938248821062294], [0.7651039826103834, 0.11609022624414726, 0.01914015395672659, 0.01297429101276316, 0.06778942080013654, 0.01890192537584313], [0.8016608325991718, 0.0801787358788247, 0.01897248663049069, 0.009999996026930079, 0.07035387828040533, 0.018834070584177375], [0.017318841282593322, 0.04375387640776117, 0.01918701289187771, 0.022239473860598286, 0.8784713505427639, 0.01902944501440561], [0.015024193379199583, 0.03959206717742072, 0.019039829813179945, 0.022010518894392723, 0.8854482796746956, 0.018885111061111334], [0.8560831059951224, 0.04793040375145764, 0.014551139850786514, 0.009999993358981494, 0.056964440323758136, 0.014470916719893723], [0.8647953953173008, 0.04585536035318153, 0.014571179972070594, 0.009999993240062755, 0.050293684638400594, 0.01448438647898375], [0.8602355316024993, 0.046662422184080586, 0.014546227248734158, 0.009999993514113443, 0.05409116029701722, 0.01446466515355534], [0.8563734571637506, 0.047295583142713864, 0.014550621532674458, 0.009999993500247491, 0.05731283892368183, 0.014467505736931648], [0.851207382671644, 0.05898162844853722, 0.014599065903652706, 0.009999993811189347, 0.05070487485827971, 0.014507054306696979], [0.8257543193039033, 0.07398396829663978, 0.014626002639330019, 0.009999995118920371, 0.06116443640780891, 0.01447127823339767], [0.8473550618740108, 0.057540994645461446, 0.012894669154468791, 0.031565377856913206, 0.03793303828941021, 0.012710858179735569], [0.7346849483590394, 0.1189164061917744, 0.0152081763550341, 0.05707639795095332, 0.05913730183006557, 0.014976769313133152], [0.7342583532341744, 0.11807481534508397, 0.015232188988234006, 0.05667322959481095, 0.0607555914717637, 0.015005821365932962], [0.887664413263797, 0.04427206125086715, 0.01523894791070244, 0.014725155149014301, 0.023027714147280227, 0.015071708278338912], [0.030790008734693997, 0.2613877396132832, 0.015644577076290044, 0.021259136600146274, 0.6555145723806522, 0.015403965594934276], [0.8189637008959892, 0.08969837968377699, 0.014750010042659453, 0.010050356510306042, 0.051957119032304884, 0.014580433834963403], [0.8227507071106738, 0.07804298291791278, 0.014876321962694701, 0.009999995062687424, 0.059849454513742746, 0.014480538432288548], [0.47817397165742503, 0.3793311507975363, 0.04050994926816975, 0.033758820909699665, 0.054433667320717895, 0.01379244004645137], [0.8877724733914568, 0.03735153486340092, 0.025816672151623397, 0.009999954844637844, 0.029059409904243324, 0.009999954844637844]], [[0.8638714207050557, 0.050020336746746975, 0.027269840614669173, 0.011024652067442825, 0.037813758877997816, 0.009999990988087485], [0.5146443511603674, 0.08883344634158533, 0.20415110058504862, 0.041181622076945944, 0.1323483571697605, 0.018841122666292228], [0.8252036422218577, 0.032216210717890034, 0.021506872429221696, 0.04888553200561639, 0.051593833001279704, 0.020593909624134477], [0.017594089073498166, 0.04522933007504768, 0.019251152528690127, 0.022938411293638345, 0.8759045930142959, 0.01908242401482972], [0.7873354114524254, 0.08214501382519057, 0.018898063423788122, 0.009999996060525134, 0.08284358747130989, 0.018777927766761026], [0.021275031360321384, 0.04677473307900315, 0.019348715456958734, 0.023193275394237274, 0.8702489153745692, 0.019159329334910213], [0.7877016189119102, 0.08700598230924975, 0.018963475317211233, 0.010432320151129677, 0.07708347056797711, 0.018813132742522047], [0.026742747566255456, 0.05819614750420839, 0.020042344988562586, 0.027442808102906995, 0.8478274625451372, 0.01974848929292946], [0.8310824475925914, 0.040557278313692664, 0.018996957822788617, 0.04332499575205528, 0.0473585516780113, 0.01867976884086067], [0.8302797118360251, 0.04111128779338326, 0.01897846549922207, 0.04384585176809052, 0.04712423355250897, 0.01866044955077005], [0.13735310186787097, 0.12351005824448072, 0.020546140673263012, 0.020157056912590128, 0.6783676432280616, 0.020065999073733472], [0.15067382052378692, 0.12640305474634791, 0.020939052076681813, 0.028359807705335922, 0.6530003689772798, 0.0206238959705677], [0.7542639325966712, 0.10392031054833668, 0.01892253504949937, 0.01148865036544227, 0.09268166529047112, 0.0187229061495795], [0.7846536018335059, 0.08922565903697838, 0.01889353290678138, 0.01022432601941744, 0.07825189146753582, 0.018750988735781182], [0.8027164747353235, 0.07105979755924716, 0.01888336293421099, 0.009999996088238584, 0.0785860840226896, 0.018754284660290135], [0.812808654422309, 0.06430978137133421, 0.01888300768663765, 0.009999995707909581, 0.07522315800517107, 0.018775402806638572], [0.8059006248784372, 0.07905360155834595, 0.018959014254094443, 0.00999999590570821, 0.06725446775264869, 0.018832295650765638], [0.7720081738612152, 0.09861366573744187, 0.01897254487576846, 0.011459079245730584, 0.08017064187804207, 0.018775894401801753], [0.6533574039230104, 0.1570675006902654, 0.019734285523233218, 0.07448903775493423, 0.0759012423412671, 0.019450529767289622], [0.6473365669764177, 0.15933902930137972, 0.019752189098074236, 0.075591292888589, 0.07854266780802402, 0.0194382539275154], [0.6489273685680333, 0.15837599708630484, 0.01974962193386186, 0.07482123488406352, 0.0786797695342946, 0.019446007993441712], [0.7707568179516397, 0.10152242481235657, 0.018989324297051, 0.011543869728148023, 0.07842477750607331, 0.018762785704731406], [0.8032598960794606, 0.0807128388807006, 0.018974109600046227, 0.009999996031065347, 0.0682257222460983, 0.018827437162628753], [0.8120106792896724, 0.06496464370607116, 0.018880442937090448, 0.00999999558805183, 0.07537786178040486, 0.018766376698709165], [0.8113777498664303, 0.06563078210270844, 0.018861188797497187, 0.009999995579008368, 0.07538156354796476, 0.018748720106391073], [0.6432711351738818, 0.26305396168643425, 0.014547640608470238, 0.00999999338820229, 0.05465996395626676, 0.014467305186744755], [0.8553843212200624, 0.04819157943006709, 0.0145503306003707, 0.009999993509379737, 0.0574070411759052, 0.014466734064214892], [0.8634130768648656, 0.02085246945470913, 0.015811426223287114, 0.03605134401779366, 0.048140850676765524, 0.01573083276257905], [0.01789862688131102, 0.035242088053363596, 0.01704684269343629, 0.0197584114648591, 0.8931466633632026, 0.016907367543827472], [0.8359431444488609, 0.06237902242798012, 0.014558571848805478, 0.00999999388080679, 0.06265371813635617, 0.014465549257190596], [0.039614922072180654, 0.04499926496722522, 0.015864638846418998, 0.02132554928557198, 0.862545708828522, 0.015649916000081185], [0.8193214452777199, 0.07576579378985565, 0.01460980529477637, 0.009999995141783931, 0.0658402651203033, 0.014462695375560794], [0.604241721029835, 0.08761290621517152, 0.0147349248862178, 0.010061233263118577, 0.26877044653800836, 0.014578768067648882], [0.03535983922909106, 0.048156390694626794, 0.015972147217091864, 0.02262563119241334, 0.8621455569132154, 0.01574043475356152], [0.8136179496501653, 0.06967462090233632, 0.011149012832322796, 0.03178270862411786, 0.06273305786090863, 0.01104265013014908], [0.5175363980303422, 0.33527286806854956, 0.015206245734652693, 0.05690096866717256, 0.06009302259381152, 0.014990496905471445], [0.7346012208866229, 0.11982268984367093, 0.01519975487603279, 0.05737960372226119, 0.05800711355932545, 0.014989617112086798], [0.8387245000171393, 0.06161606432303294, 0.013770942702470035, 0.033329744310469284, 0.03976460763434177, 0.012794141012546688], [0.5827058480808575, 0.07557979159904929, 0.18102565298356374, 0.03343705148843998, 0.11402367680366389, 0.013227979044425736], [0.8899960700120407, 0.038090084156670444, 0.02268653832742976, 0.009999955072602847, 0.029227397358653304, 0.009999955072602847]], [[0.8628814391213343, 0.04937536437639122, 0.029093394741000537, 0.01097780890560755, 0.037672001867578964, 0.009999990988087487], [0.4672166384598973, 0.09634259817566751, 0.23646381205670855, 0.043477247067211046, 0.13902107398758987, 0.017478630252925818], [0.7792126512914622, 0.09750618046850493, 0.019974125133782585, 0.011223702919088429, 0.07328906323582246, 0.018794276951339388], [0.7703637648848484, 0.11199304745383042, 0.019120808967402324, 0.012731405705916918, 0.06688853816307444, 0.01890243482492762], [0.763409872445838, 0.10342674091822528, 0.018922521956189573, 0.01140844383394426, 0.08411806922832318, 0.018714351617479513], [0.7575270477664947, 0.10341262154325664, 0.018920427633372684, 0.011327493932656382, 0.09009740450517614, 0.018715004619043504], [0.779613009313782, 0.09088107094721784, 0.018890569423650055, 0.01039691751364338, 0.08146777282370714, 0.0187506599779996], [0.7554468219715584, 0.11795797248508696, 0.019027632431243145, 0.012965151836945132, 0.07577094180191772, 0.018831479473248564], [0.6506707393362129, 0.1564230247466744, 0.01972344262908024, 0.07502650187168643, 0.07872455141828916, 0.01943173999805703], [0.3642404463406999, 0.23667853694593424, 0.014629157385035034, 0.19364480467025447, 0.17658265452834668, 0.014224400129729723], [0.8212634331472797, 0.04341112467687055, 0.019116723920539036, 0.044237006008218546, 0.05317555856925307, 0.018796153677838993], [0.8410195118989927, 0.06735740491591424, 0.01998374750956998, 0.021449587625993492, 0.030426079386307973, 0.019763668663221635], [0.04727803458091475, 0.06404289837715939, 0.021001631214395425, 0.02973682508693518, 0.8172737760287192, 0.020666834711875994], [0.7546330460885995, 0.10541150125727955, 0.01893341936621676, 0.011458909268920112, 0.09085263774259224, 0.018710486276391883], [0.015321549100577382, 0.047592513122401245, 0.019339451756081295, 0.02365428538115127, 0.8749457861183761, 0.019146414521412733], [0.017752077894347507, 0.040812091892913106, 0.019092756361073514, 0.02233087988272825, 0.8810813300349096, 0.018930863934028087], [0.7904211701445366, 0.08545592463567332, 0.018973415918983754, 0.010301071999329052, 0.07602479054397235, 0.018823626757504975], [0.058226731726261374, 0.05984559993013319, 0.021057878854411797, 0.028303395885646076, 0.8117899940396608, 0.020776399563886723], [0.7678108774163276, 0.09957911421156089, 0.018967183509486504, 0.011605174321535527, 0.08325696111624332, 0.018780689424846186], [0.04518307913171856, 0.06673081607433985, 0.021143845043113396, 0.029051344916225724, 0.8170398782126964, 0.02085103662190615], [0.04801067863472666, 0.06109131022561548, 0.02087823470810205, 0.028904462523097023, 0.8205081620815045, 0.020607151826954353], [0.754661004472452, 0.10520611687962908, 0.01892470748379851, 0.011483959056613823, 0.09101275846775475, 0.018711453639751876], [0.7790620566356383, 0.09113681115215495, 0.018906089963646344, 0.01040998569557807, 0.08173722499405874, 0.01874783155892351], [0.810863047149135, 0.0658203171173344, 0.018887218906006746, 0.00999999564329269, 0.07566369598143502, 0.018765725202796162], [0.8142948305166546, 0.06522351802497744, 0.018869088235600094, 0.009999995557964885, 0.07286738374978124, 0.018745183915021762], [0.8536713837260872, 0.04939599283215205, 0.01456745944506271, 0.0099999934795496, 0.057889697046505775, 0.014475473470642642], [0.020728675995694633, 0.035447716621232854, 0.01704422990655037, 0.019552880556971096, 0.8903365868241311, 0.01688991009542001], [0.8438936321731527, 0.0508600730345431, 0.014509829513198841, 0.009999993646598015, 0.06630781515779777, 0.014428656474709681], [0.017928843103069848, 0.036124227613090545, 0.017072503206069976, 0.019875343870397928, 0.8920772773864553, 0.01692180482091644], [0.8377948910282857, 0.06319276117781125, 0.01455995476830945, 0.009999993872331466, 0.05999236377444212, 0.014460035378820037], [0.8283133257141398, 0.06753241478287049, 0.014557250368250892, 0.009999994273801851, 0.0651494505658572, 0.014447564295079528], [0.02031514343173298, 0.04422697618982583, 0.015409192969106037, 0.020980434333386117, 0.8838588737489852, 0.015209379326963823], [0.8130035265749963, 0.07933350929311302, 0.0145861110655072, 0.00999999605502356, 0.06864194971805218, 0.014434907293307797], [0.8165795992660442, 0.08744365614564434, 0.014732734031001022, 0.010118154262129265, 0.056543926345761004, 0.014581929949420216], [0.09985130340396475, 0.10292583796560288, 0.016175404362358894, 0.021829959771999034, 0.7432930341613988, 0.015924460334675546], [0.8676249525517802, 0.03260360313844677, 0.01465978911379805, 0.033884563036688395, 0.03681650018615173, 0.014410591973134856], [0.5132974903353231, 0.13807976815560238, 0.012533966627035613, 0.19697420617560757, 0.12693451733886815, 0.012180051367562998], [0.07442120609304857, 0.03475710836813282, 0.018078616160134058, 0.272716018208552, 0.5841224015653198, 0.015904649604812814], [0.36216109941832103, 0.08888451278370312, 0.40142510604541015, 0.03907904419862533, 0.0952002597415132, 0.013249977812427096], [0.8901809807490185, 0.03770840974948008, 0.023095201145900246, 0.00999995492201673, 0.029015498511567806, 0.00999995492201673]], [[0.8613394739557622, 0.05060477680813612, 0.028839473740447288, 0.01110537176920274, 0.03811091273836426, 0.00999999098808749], [0.4561506347341019, 0.09711516991111062, 0.2366881708915617, 0.04355711187140228, 0.14934062554206048, 0.017148287049763004], [0.7911487602235865, 0.08075153528442075, 0.017750003205479453, 0.04215941154886329, 0.05167588812561693, 0.016514401612032947], [0.6538135977457669, 0.15584160700259828, 0.019726562785691085, 0.07516957851401157, 0.07601646023958981, 0.019432193712342553], [0.6515139864696351, 0.1559417489367115, 0.019755917367570028, 0.07441589069196192, 0.07891462577178246, 0.019457830762339055], [0.044424709669673955, 0.057065641423963656, 0.020653815415654208, 0.027479012161286984, 0.8299781434153991, 0.020398677914022043], [0.0195108906188578, 0.049985313201466625, 0.01947660538177966, 0.02449521951847577, 0.8672584828088178, 0.01927348847060245], [0.7668207085919996, 0.10072171376949716, 0.018983764458145525, 0.01156681024065753, 0.0831346902728579, 0.01877231266684229], [0.08112500309013003, 0.04267282079589586, 0.020925784276883543, 0.07253342197709389, 0.7622552463384459, 0.020487723521550833], [0.8190352404924492, 0.043149987293610935, 0.019090499087481814, 0.04438052014333543, 0.05555492602711306, 0.01878882695600946], [0.1386954570178794, 0.12592427331180647, 0.020568775846933104, 0.020420321595734297, 0.6743119627778578, 0.020079209449788967], [0.82362765731957, 0.0432139456927567, 0.019051847145356394, 0.044074784155512886, 0.05126515353143051, 0.01876661215537334], [0.6473444371366697, 0.1576396423024523, 0.01975532802263784, 0.07476409043838908, 0.08105248401817047, 0.01944401808168067], [0.7579113537541489, 0.1055435784348622, 0.018902603196168707, 0.01159877448307734, 0.08732925773224878, 0.018714432399494194], [0.015075064334333116, 0.04651714101911601, 0.019279963723574933, 0.023861160429920997, 0.8761552690415356, 0.019111401451519357], [0.7944360265120779, 0.06946496218711788, 0.018814025141401913, 0.009999995797078238, 0.0885750996558716, 0.018709890706452452], [0.7842723841139422, 0.08958900018923013, 0.0188993904641358, 0.010239985955730061, 0.0782479740961383, 0.01875126518082362], [0.770096845484608, 0.09977640230807036, 0.01897083847819051, 0.0113139771327366, 0.08107538846358256, 0.018766548132811953], [0.7712803862046602, 0.10128500178472402, 0.018971478907436667, 0.01153188011800661, 0.07816592970642515, 0.018765323278747158], [0.7536297243158413, 0.11960060123767426, 0.019052690579615724, 0.013038054862138767, 0.07584369930055238, 0.018835229704177746], [0.7525816138234243, 0.1055786561463181, 0.018919718851613525, 0.01172251395562223, 0.09247032827816842, 0.018727168944853604], [0.031100363030953863, 0.05949398392356107, 0.020343826018185247, 0.02842484224845301, 0.8405677426470578, 0.020069242131788935], [0.015618940247364385, 0.048754006915942505, 0.019367450255648212, 0.024603554763607028, 0.8724765221311457, 0.01917952568629224], [0.014695867725279182, 0.04403223439798895, 0.01920235380622993, 0.022456089954610074, 0.8805691294764544, 0.0190443246394375], [0.8017376302011099, 0.0679848095654403, 0.01879346170905253, 0.009999995595467874, 0.0827973924685576, 0.018686710460371878], [0.8544674074493718, 0.048588570294403576, 0.014558140305134954, 0.009999993487868834, 0.05790971244436384, 0.01447617601885697], [0.8411470236932895, 0.05470718534082679, 0.014493974057875014, 0.009999993784248236, 0.06524759950186804, 0.0144042236218923], [0.8383796387176632, 0.06265673268477172, 0.014546762405320634, 0.009999993855795352, 0.05996215325110882, 0.014454719085340215], [0.8433333017343858, 0.062508422461747, 0.014604212825472185, 0.009999993953680978, 0.055050295839341346, 0.014503773185372626], [0.8472817165210285, 0.06179266192979027, 0.014603166098329033, 0.009999993891738366, 0.05182629945841404, 0.014496162100699898], [0.8281472598395607, 0.06822103483120147, 0.01457336962129811, 0.00999999515074313, 0.06459836654241595, 0.014459974014780677], [0.019513675314110666, 0.0446331048774137, 0.01540758114417019, 0.022121875174814707, 0.8831204171707048, 0.015203346318786025], [0.514725804094371, 0.12032687514223463, 0.01522882530635858, 0.2727972803808467, 0.06192394934820375, 0.014997265727985343], [0.5174378239736634, 0.11907272832256875, 0.015218602577557428, 0.05827423164646219, 0.2750091454556662, 0.014987468024082072], [0.6538620187859354, 0.030958527792023443, 0.014618492241803891, 0.03310941792730637, 0.25305508385617764, 0.01439645939675321], [0.8714139984510733, 0.03140242027324836, 0.014666756544997947, 0.03335021187149084, 0.034737201088889794, 0.014429411770299851], [0.724295042645952, 0.12238912874720492, 0.015154897669671562, 0.0574613135567304, 0.06576461321939005, 0.014935004161050956], [0.7145552862821545, 0.13102608033083601, 0.015408114390779486, 0.058523710414462624, 0.06556856026888996, 0.014918248312877363], [0.6909653289845059, 0.1656334534400449, 0.04123574069538823, 0.0340568117273992, 0.05434857253066366, 0.013760092621998161], [0.8892346059769104, 0.03720389749750718, 0.02466879077156067, 0.009999954770408877, 0.028892796213203967, 0.009999954770408877]], [[0.8575487812754793, 0.050666097991034525, 0.032233965471266085, 0.011166031464983692, 0.03838513280914903, 0.0099999909880875], [0.44611618789792246, 0.11712913224546859, 0.24489920465793877, 0.04984520605589927, 0.12495558077439255, 0.017054688368378396], [0.11337552450390738, 0.14074000557542773, 0.009999992327866618, 0.02645614587689611, 0.6981443863005721, 0.011283945415330012], [0.3386223070045188, 0.19220113197923372, 0.015559232590063716, 0.2895079338591877, 0.14893733967881728, 0.015172054888178814], [0.652946236173041, 0.1560667206138244, 0.019729784590776175, 0.07537685794690124, 0.07644155747106267, 0.019438843204394617], [0.7672651173428179, 0.11351759969771633, 0.01907977759223288, 0.012918909398834196, 0.06832280065553757, 0.018895795312861143], [0.7864553542754807, 0.08951132823255109, 0.01895464819456915, 0.010563964896175358, 0.07571442860335964, 0.01880027579786386], [0.7621192173763984, 0.10376485115819617, 0.018898049479296547, 0.011255416893418666, 0.0852600459625354, 0.018702419130154822], [0.7544897366243022, 0.10361663294534121, 0.01890868765523068, 0.011634331655228283, 0.09263568852414093, 0.01871492259575672], [0.14454303317707057, 0.13561957028914273, 0.02089859813964968, 0.028303564233871963, 0.650040997801844, 0.020594236358421142], [0.82627859662379, 0.04262419499956385, 0.019012449197630187, 0.043971285549039965, 0.04941269362889698, 0.018700780001078998], [0.29359237025480556, 0.2782193123581889, 0.014896365247775175, 0.14585604671790742, 0.2529538373477438, 0.014482068073579223], [0.11179808445459609, 0.044114263746540074, 0.021167257222564656, 0.07363630841208874, 0.7285946137921331, 0.0206894723720774], [0.750747492792985, 0.11978032685152405, 0.019053410302819807, 0.013055874661863124, 0.07853092879944587, 0.01883196659136213], [0.015504792141269956, 0.04879495231116603, 0.01937816447537038, 0.02403283736226502, 0.8731092593915372, 0.019179994318391493], [0.017574340264729482, 0.045475032726992416, 0.019251869399961614, 0.02278101714711413, 0.8758417635817637, 0.01907597687943869], [0.8003518476878577, 0.08084158544503071, 0.0189817626904406, 0.009999996088528917, 0.07099473868442552, 0.0188300694037166], [0.7723819024336673, 0.10026056768708444, 0.018973897334593096, 0.011482961661224056, 0.07813627684673272, 0.018764394036698245], [0.6502766970988175, 0.1572095399791722, 0.01976678033669991, 0.0746079274660078, 0.07869450188418838, 0.01944455323511429], [0.6382424004691326, 0.16234920275403922, 0.019660979167349418, 0.07565206739275196, 0.08474238768840948, 0.0193529625283173], [0.09030778438268183, 0.04364369464619919, 0.020998657390215367, 0.0737308576745447, 0.7507282370219353, 0.020590768884423634], [0.033701395228391974, 0.059799763363237265, 0.02041631749412356, 0.028773729288703816, 0.837180620885292, 0.020128173740251498], [0.7729836003820612, 0.0919932511751763, 0.018908205679924923, 0.010562421561849208, 0.08679352594111898, 0.01875899525986943], [0.017780184593046137, 0.047056825282160854, 0.01930253384941447, 0.023360648785768375, 0.8733756161164555, 0.019124191373154478], [0.7868244401828907, 0.08413417692061687, 0.01889405063871974, 0.009999996169297299, 0.08138549364336031, 0.018761842445115195], [0.020715554005445225, 0.04128121771437792, 0.017259115152639188, 0.020571254637886144, 0.8830859255520779, 0.017086932937573476], [0.8362902244983418, 0.06520435836817744, 0.014609625712645964, 0.009999994224508578, 0.059393059194948264, 0.014502738001377967], [0.037807091285479745, 0.04409376132459005, 0.01600536092863361, 0.020780153904036813, 0.8655140636513773, 0.015799568905882574], [0.6057837322657784, 0.29258168815861163, 0.014626535436740553, 0.009999995209514551, 0.0625407519074824, 0.014467297021872367], [0.8178598370877457, 0.08860840905814472, 0.014746948157758746, 0.011740908323332796, 0.052466904172029656, 0.014576993200988408], [0.043008518509756274, 0.04772119286410957, 0.016098659352288016, 0.23787393