{"prediction": [[[0.9950248756218911, 0.0009950248756218911, 0.0009950248756218911, 0.0009950248756218911, 0.0009950248756218911, 0.0009950248756218911], [0.9950248756218911, 0.0009950248756218911, 0.0009950248756218911, 0.0009950248756218911, 0.0009950248756218911, 0.0009950248756218911], [0.9950248756218911, 0.0009950248756218911, 0.0009950248756218911, 0.0009950248756218911, 0.0009950248756218911, 0.0009950248756218911], [0.9950248756218911, 0.0009950248756218911, 0.0009950248756218911, 0.0009950248756218911, 0.0009950248756218911, 0.0009950248756218911], [0.9950248756218911, 0.0009950248756218911, 0.0009950248756218911, 0.0009950248756218911, 0.0009950248756218911, 0.0009950248756218911], [0.9950248756218911, 0.0009950248756218911, 0.0009950248756218911, 0.0009950248756218911, 0.0009950248756218911, 0.0009950248756218911], [0.9950248756218911, 0.0009950248756218911, 0.0009950248756218911, 0.0009950248756218911, 0.0009950248756218911, 0.0009950248756218911], [0.9950248756218911, 0.0009950248756218911, 0.0009950248756218911, 0.0009950248756218911, 0.0009950248756218911, 0.0009950248756218911], [0.9950248756218911, 0.0009950248756218911, 0.0009950248756218911, 0.0009950248756218911, 0.0009950248756218911, 0.0009950248756218911], [0.9950248756218911, 0.0009950248756218911, 0.0009950248756218911, 0.0009950248756218911, 0.0009950248756218911, 0.0009950248756218911], [0.9950248756218911, 0.0009950248756218911, 0.0009950248756218911, 0.0009950248756218911, 0.0009950248756218911, 0.0009950248756218911], [0.9950248756218911, 0.0009950248756218911, 0.0009950248756218911, 0.0009950248756218911, 0.0009950248756218911, 0.0009950248756218911], [0.9950248756218911, 0.0009950248756218911, 0.0009950248756218911, 0.0009950248756218911, 0.0009950248756218911, 0.0009950248756218911], [0.9950248756218911, 0.0009950248756218911, 0.0009950248756218911, 0.0009950248756218911, 0.0009950248756218911, 0.0009950248756218911], [0.9950248756218911, 0.0009950248756218911, 0.0009950248756218911, 0.0009950248756218911, 0.0009950248756218911, 0.0009950248756218911], [0.9950248756218911, 0.0009950248756218911, 0.0009950248756218911, 0.0009950248756218911, 0.0009950248756218911, 0.0009950248756218911], [0.9950248756218911, 0.0009950248756218911, 0.0009950248756218911, 0.0009950248756218911, 0.0009950248756218911, 0.0009950248756218911], [0.9950248756218911, 0.0009950248756218911, 0.0009950248756218911, 0.0009950248756218911, 0.0009950248756218911, 0.0009950248756218911], [0.9950248756218911, 0.0009950248756218911, 0.0009950248756218911, 0.0009950248756218911, 0.0009950248756218911, 0.0009950248756218911], [0.9950248756218911, 0.0009950248756218911, 0.0009950248756218911, 0.0009950248756218911, 0.0009950248756218911, 0.0009950248756218911], [0.9950248756218911, 0.0009950248756218911, 0.0009950248756218911, 0.0009950248756218911, 0.0009950248756218911, 0.0009950248756218911], [0.9950248756218911, 0.0009950248756218911, 0.0009950248756218911, 0.0009950248756218911, 0.0009950248756218911, 0.0009950248756218911], [0.9950248756218911, 0.0009950248756218911, 0.0009950248756218911, 0.0009950248756218911, 0.0009950248756218911, 0.0009950248756218911], [0.9950248756218911, 0.0009950248756218911, 0.0009950248756218911, 0.0009950248756218911, 0.0009950248756218911, 0.0009950248756218911], [0.9950248756218911, 0.0009950248756218911, 0.0009950248756218911, 0.0009950248756218911, 0.0009950248756218911, 0.0009950248756218911], [0.9950248756218911, 0.0009950248756218911, 0.0009950248756218911, 0.0009950248756218911, 0.0009950248756218911, 0.0009950248756218911], [0.9950248756218911, 0.0009950248756218911, 0.0009950248756218911, 0.0009950248756218911, 0.0009950248756218911, 0.0009950248756218911], [0.9950248756218911, 0.0009950248756218911, 0.0009950248756218911, 0.0009950248756218911, 0.0009950248756218911, 0.0009950248756218911], [0.9950248756218911, 0.0009950248756218911, 0.0009950248756218911, 0.0009950248756218911, 0.0009950248756218911, 0.0009950248756218911], [0.9950248756218911, 0.0009950248756218911, 0.0009950248756218911, 0.0009950248756218911, 0.0009950248756218911, 0.0009950248756218911], [0.9950248756218911, 0.0009950248756218911, 0.0009950248756218911, 0.0009950248756218911, 0.0009950248756218911, 0.0009950248756218911], [0.9950248756218911, 0.0009950248756218911, 0.0009950248756218911, 0.0009950248756218911, 0.0009950248756218911, 0.0009950248756218911], [0.9950248756218911, 0.0009950248756218911, 0.0009950248756218911, 0.0009950248756218911, 0.0009950248756218911, 0.0009950248756218911], [0.9950248756218911, 0.0009950248756218911, 0.0009950248756218911, 0.0009950248756218911, 0.0009950248756218911, 0.0009950248756218911], [0.9950248756218911, 0.0009950248756218911, 0.0009950248756218911, 0.0009950248756218911, 0.0009950248756218911, 0.0009950248756218911], [0.9950248756218911, 0.0009950248756218911, 0.0009950248756218911, 0.0009950248756218911, 0.0009950248756218911, 0.0009950248756218911], [0.9950248756218911, 0.0009950248756218911, 0.0009950248756218911, 0.0009950248756218911, 0.0009950248756218911, 0.0009950248756218911], [0.9950248756218911, 0.0009950248756218911, 0.0009950248756218911, 0.0009950248756218911, 0.0009950248756218911, 0.0009950248756218911], [0.9950248756218911, 0.0009950248756218911, 0.0009950248756218911, 0.0009950248756218911, 0.0009950248756218911, 0.0009950248756218911], [0.9950248756218911, 0.0009950248756218911, 0.0009950248756218911, 0.0009950248756218911, 0.0009950248756218911, 0.0009950248756218911]], [[0.9950248756218911, 0.0009950248756218911, 0.0009950248756218911, 0.0009950248756218911, 0.0009950248756218911, 0.0009950248756218911], [0.8983409015357845, 0.018525057355259434, 0.0272387649135554, 0.009620918959949572, 0.04389397647105208, 0.0023803807643990975], [0.9006675767994105, 0.025076320647585908, 0.03898847693689963, 0.010013974735447675, 0.022984291860823174, 0.0022693590198331333], [0.012696180180671689, 0.040720436650060685, 0.016892902141983922, 0.007580932301971964, 0.9193944763079457, 0.002715072417366068], [0.01890079604101784, 0.20130953522557105, 0.03425030675408234, 0.011355294897478004, 0.7320453019064687, 0.0021387651753821124], [0.7317668729850021, 0.030949415069290186, 0.17943649730878986, 0.013647552976144303, 0.04188551965835064, 0.0023141420024229537], [0.8510184228865366, 0.03494176335074109, 0.048421305571763225, 0.01621860806870977, 0.045833599717148676, 0.0035663004051004624], [0.549806519894812, 0.057542209414238064, 0.03637850901775586, 0.12880217644620018, 0.22473245416488677, 0.002738131062107171], [0.5402250592524716, 0.1458523722307683, 0.22041131849016032, 0.05322627786128048, 0.038112004495980664, 0.0021729676693388834], [0.5464556345213598, 0.28790440003198764, 0.09148064551617234, 0.0428346172839495, 0.029196090735520645, 0.002128611911009884], [0.8515539859354776, 0.04139279331004815, 0.06264099577690897, 0.01335199998325863, 0.02894787665517305, 0.002112348339133553], [0.021437819545450546, 0.03918529940082999, 0.01746894721864293, 0.00680686542327071, 0.912762152313082, 0.002338916098723816], [0.8961717337320644, 0.0269513608694729, 0.038464410982037935, 0.010607679078173197, 0.025543044470026893, 0.0022617708682247236], [0.8990835352255627, 0.026402800218477546, 0.040129060505886514, 0.010519024390906379, 0.021609443985098804, 0.0022561356740681358], [0.8834016043980508, 0.031833054395578084, 0.05136355351185408, 0.010908006718400316, 0.020291735276273468, 0.0022020456998433136], [0.7135063738494616, 0.03814515424903321, 0.06693043969362304, 0.013031033037490177, 0.16627655746314648, 0.002110441707245393], [0.704888867113826, 0.03584179525181988, 0.19350469931354566, 0.01613027986339241, 0.04742958888750764, 0.002204769569908235], [0.7088210569479539, 0.04351678496210391, 0.21045408153845588, 0.014878814286051457, 0.020234113746944244, 0.0020951485184905246], [0.8415204492946854, 0.036716106916230985, 0.05361679434450444, 0.01669218650573633, 0.04926985350477415, 0.0021846094340687585], [0.6997979769100546, 0.035653364412698375, 0.0547182667232817, 0.016520252345830853, 0.19113258788468374, 0.002177551723450621], [0.8755993167814485, 0.034529704125633706, 0.05432763448310282, 0.011806261530178828, 0.021559888039955014, 0.0021771950396810946], [0.8807496787971821, 0.0328397267735362, 0.05170162310416728, 0.011550450204229104, 0.020959138713088393, 0.002199382407796927], [0.738650557477845, 0.03281460900252826, 0.05223890884368369, 0.15313601219934844, 0.020960406278146323, 0.0021995061984484616], [0.7402619863198829, 0.032000173493757555, 0.19463580894603616, 0.01132851460853387, 0.019572140896446183, 0.0022013757353432314], [0.7512466249332345, 0.027596054313653907, 0.1870766803678652, 0.011017925694803199, 0.0208262645165661, 0.002236450173877208], [0.8897712536900975, 0.023293090421876175, 0.03168812744477576, 0.013099063180909944, 0.03979206562174657, 0.002356399640594123], [0.7360794433051562, 0.028759726528382115, 0.040540540354043246, 0.15544770891295917, 0.03685447416000784, 0.0023181067394515316], [0.8486728079421053, 0.034006254951376276, 0.050942501054942906, 0.01685324777483361, 0.04731324771713895, 0.002211940559602896], [0.31997307416781556, 0.0674049231138067, 0.04572483307761291, 0.012570016284897814, 0.5523978208271196, 0.0019293325287473347], [0.7038548818328942, 0.04022272352522198, 0.05189892255673103, 0.1608595887692082, 0.040945777290297865, 0.0022181060256467526], [0.8127302736786549, 0.0502928268728323, 0.08599970381910695, 0.017785197881012127, 0.030422398269978123, 0.002769599478415453], [0.8122652251725357, 0.05003118207749827, 0.085984236518843, 0.017211779922102346, 0.031735270564261044, 0.0027723057447596624], [0.832190164853974, 0.03985258096212314, 0.04805912297963614, 0.017535044985062243, 0.05934620817380683, 0.003016878045397599], [0.8532806176050027, 0.03058661566058733, 0.0389546208121135, 0.016408024743805382, 0.057684825626579506, 0.003085295551911453], [0.8547028252303744, 0.03007922461616069, 0.04015108418366711, 0.016245601274532097, 0.05573906729563454, 0.003082197399631221], [0.8561678459180088, 0.02997515009836873, 0.038991772609888974, 0.01613105951512836, 0.055644938168542726, 0.0030892336900625018], [0.8229937854301188, 0.038547737677242025, 0.031375927645141986, 0.013850007640227752, 0.08995022605020138, 0.0032823155570680055], [0.8276034915363443, 0.03662631436727167, 0.03231124516828119, 0.013268293882090545, 0.08689314643782889, 0.003297508608183493], [0.9058114841191557, 0.0009970089730807579, 0.0009970089730807579, 0.0009970089730807579, 0.087587236481235, 0.0036102524803670443], [0.9950248756218911, 0.0009950248756218911, 0.0009950248756218911, 0.0009950248756218911, 0.0009950248756218911, 0.0009950248756218911]], [[0.9950248756218911, 0.0009950248756218911, 0.0009950248756218911, 0.0009950248756218911, 0.0009950248756218911, 0.0009950248756218911], [0.014754832130669568, 0.03713272959099534, 0.01828034862295206, 0.007183164420011075, 0.9199270528503555, 0.0027218723850164915], [0.9188586720822991, 0.05678010554343683, 0.000999000999000999, 0.003907977294895833, 0.01714351933963765, 0.002310724740729485], [0.9117613665345399, 0.06062424146006567, 0.0009990009990009992, 0.003992761342595567, 0.020323465759039296, 0.0022991639047586373], [0.024022212843794685, 0.2134188637917512, 0.0009990009990009992, 0.002001222638383759, 0.7571124896780759, 0.0024462100489935318], [0.7640741653679047, 0.21035210418251024, 0.0009990009990009992, 0.004277165939629736, 0.016674880715561863, 0.003622682795392394], [0.0009950248756218907, 0.0009950248756218907, 0.0009950248756218907, 0.0009950248756218907, 0.0009950248756218907, 0.9950248756218907], [0.0009950248756218907, 0.0009950248756218907, 0.0009950248756218907, 0.0009950248756218907, 0.0009950248756218907, 0.9950248756218907], [0.2870469203221314, 0.3896462570392395, 0.0009990009990009992, 0.15682267991417276, 0.16242227574761442, 0.0030628659778409897], [0.487025230653407, 0.11973816273607889, 0.000999000999000999, 0.024000934592428805, 0.36575472400085757, 0.0024819470182266485], [0.29334275667266124, 0.08599817727960987, 0.0009990009990009992, 0.002334671025977189, 0.6150361963136074, 0.0022891977091433592], [0.8983362361915442, 0.072551306644856, 0.0009990009990009992, 0.004267852384834073, 0.02158337430189668, 0.00226222947786822], [0.026837205408195442, 0.0704300455926547, 0.0009990009990009992, 0.0020236495936555615, 0.8972664271254222, 0.0024436712810712866], [0.9144139075876816, 0.058804173373062145, 0.000999000999000999, 0.004054495382704014, 0.019424916319911667, 0.0023035063376395533], [0.9063077501068042, 0.07052010787173908, 0.000999000999000999, 0.0042788293770054655, 0.015623547862226254, 0.0022707637832238923], [0.3067218266077213, 0.2217841014101814, 0.0009990009990009992, 0.00277262892900928, 0.4654634420031831, 0.002259000050903952], [0.5456319150842209, 0.2863459900797994, 0.000999000999000999, 0.06535214271110962, 0.09933250631430994, 0.002338444811559172], [0.46800651585910863, 0.11836998017885546, 0.000999000999000999, 0.0328631061147369, 0.37734692641757483, 0.0024144704307231158], [0.6553611785928444, 0.19586231595712922, 0.000999000999000999, 0.051426102839597886, 0.09372951347779604, 0.002621888133631399], [0.5125386828474867, 0.09678774751475878, 0.000999000999000999, 0.014877023165278455, 0.37318401799106266, 0.0016135274824123354], [0.8720834669216885, 0.0980392652828922, 0.0009990009990009992, 0.0057029276678504355, 0.020998824919781195, 0.0021765142087867857], [0.1765159755531943, 0.2309717595270545, 0.0009990009990009992, 0.0028524913013198185, 0.586343082840177, 0.002317689779253392], [0.20109535047338103, 0.22723336176214803, 0.000999000999000999, 0.0029568833470220253, 0.5653884394570119, 0.002326963961435862], [0.7337947428930027, 0.23642363894320037, 0.0009990009990009992, 0.005308962492833288, 0.021279345171152538, 0.0021943095008101605], [0.9052588074093046, 0.07100572678018015, 0.0009990009990009992, 0.004363549814554512, 0.0161020291765502, 0.0022708858204095964], [0.9088148846480026, 0.0487189678358664, 0.000999000999000999, 0.01419197334002457, 0.024962772881961037, 0.0023124002951442906], [0.9019535305483005, 0.05679743185137394, 0.0009990009990009992, 0.01605200911898559, 0.021902604211011405, 0.0022954232713276396], [0.7330067998142917, 0.07528754172019722, 0.0009990009990009992, 0.16070448409235322, 0.027787083697334562, 0.0022150896768223503], [0.3792520041185625, 0.3610054073326768, 0.000999000999000999, 0.15313138643229193, 0.10299304970914386, 0.002619151408323951], [0.39809531718511687, 0.11358566870000075, 0.0009990009990009992, 0.19456035554300238, 0.2904469568284027, 0.002312700744476349], [0.6666559970402731, 0.19324538835160684, 0.000999000999000999, 0.061852794820753676, 0.07416001397882892, 0.0030868048095364013], [0.3257610162852951, 0.10354929935802215, 0.000999000999000999, 0.0029927808139233875, 0.563703308441711, 0.0029945941020472623], [0.06319599201924914, 0.06552742774703436, 0.0009990009990009992, 0.02151450804801566, 0.845474289194578, 0.00328878199212186], [0.028059442339529707, 0.05818426508116008, 0.0009990009990009992, 0.020502915521618197, 0.8889792406661967, 0.0032751353924943224], [0.8805975420013112, 0.06278637685050412, 0.0009990009990009994, 0.01834203065971926, 0.0342310460612871, 0.0030440034281774514], [0.8819281549079566, 0.06173261510751547, 0.0009990009990009992, 0.01818585045470656, 0.03410602087352295, 0.003048357657297559], [0.02942968915568881, 0.05675915882444578, 0.0009990009990009992, 0.020168600870030067, 0.8893633579956023, 0.003280192155232132], [0.8916600382710587, 0.05553335534474921, 0.000999000999000999, 0.014866546864145718, 0.03385763563839371, 0.0030834228826517396], [0.9384187351877085, 0.0009970089730807576, 0.0009970089730807576, 0.0009970089730807576, 0.055202911043140804, 0.0033873268499083962], [0.9950248756218911, 0.0009950248756218911, 0.0009950248756218911, 0.0009950248756218911, 0.0009950248756218911, 0.0009950248756218911]], [[0.9950248756218911, 0.0009950248756218911, 0.0009950248756218911, 0.0009950248756218911, 0.0009950248756218911, 0.0009950248756218911], [0.9087107498468227, 0.02275133349863011, 0.03399572412733097, 0.00856809786711513, 0.023675311170922943, 0.002298783489178273], [0.9144072105325558, 0.059396465940578534, 0.000999000999000999, 0.003974915507885583, 0.018922861460176795, 0.0022995455598021123], [0.914117453434137, 0.059108736182434674, 0.000999000999000999, 0.004045826887767013, 0.019429236936536937, 0.0022997455601233134], [0.9181075048941367, 0.05665394118768482, 0.0009990009990009992, 0.004064388585721684, 0.017858093935214123, 0.002317070398241691], [0.7668933392686333, 0.20829880688013405, 0.000999000999000999, 0.004297803702200018, 0.015882816791887786, 0.003628232358143785], [0.8887865352223543, 0.08275416619291588, 0.000999000999000999, 0.005273389309563408, 0.01860853325460513, 0.0035783750215602414], [0.8198455019233841, 0.11510563421062314, 0.0009990009990009992, 0.005873008427263878, 0.05442057584191401, 0.003756278597813942], [0.6744054353632493, 0.26151184174894043, 0.000999000999000999, 0.006271013461381241, 0.05442231997345902, 0.0023903884539689443], [0.6661552458134163, 0.2691994009559396, 0.0009990009990009992, 0.006010166840671483, 0.05528361826479415, 0.0023525671261774937], [0.8752179545330662, 0.09329456632772822, 0.000999000999000999, 0.00540138993579412, 0.02289135508849958, 0.0021957331159108873], [0.7612565665882605, 0.2142460631861989, 0.0009990009990009992, 0.004401135561413712, 0.016836865000109058, 0.0022603686650169673], [0.9083403209172095, 0.06245784947289896, 0.0009990009990009992, 0.004184713847313366, 0.021725235684549527, 0.0022928790790276996], [0.026964319406864282, 0.07067445786094693, 0.000999000999000999, 0.002057377388073555, 0.8968651827821589, 0.002439661562955266], [0.7581520321565752, 0.21478717589518995, 0.0009990009990009992, 0.004986433972383452, 0.018816175430164193, 0.0022591815466863874], [0.7259356257525802, 0.10227905947155144, 0.0009990009990009994, 0.14835837397418203, 0.020255241697961876, 0.002172698104723669], [0.3010486561144656, 0.2629704268722084, 0.000999000999000999, 0.026606283132599745, 0.40582972809634654, 0.0025459047853786743], [0.11453254106596902, 0.5196533594637762, 0.000999000999000999, 0.09162944386336509, 0.2708086143740213, 0.002377040233867351], [0.6569352892517439, 0.1264530621729795, 0.0009990009990009992, 0.015950805055263906, 0.19727323021307827, 0.0023886123079335086], [0.6587926135582265, 0.1320041074097501, 0.0009990009990009992, 0.025812959913284236, 0.17989978612331783, 0.0024915319964203754], [0.7422203260721196, 0.12387128383273141, 0.0009990009990009992, 0.05980596850540755, 0.07071972451467301, 0.0023836960760674456], [0.6119681273461799, 0.12944581242078462, 0.000999000999000999, 0.1720288290296408, 0.08319614181307376, 0.002362088391319862], [0.2111186011359759, 0.12362494742658288, 0.0009990009990009992, 0.02758208576315784, 0.634017817430648, 0.0026575472446345645], [0.1611691874047664, 0.22761947190226, 0.000999000999000999, 0.002476097600588731, 0.6053793036035982, 0.0023569384897855644], [0.03144497842465697, 0.21448346514284944, 0.0009990009990009992, 0.0026932902857513697, 0.7479506426597708, 0.0024286224879704423], [0.9036284169327863, 0.05426053374017517, 0.000999000999000999, 0.014375299923199487, 0.024433725266265884, 0.002303023138571981], [0.9022754466678077, 0.05637558182199248, 0.0009990009990009992, 0.015219654153675882, 0.022838212212727582, 0.0022921041447955407], [0.883660891009519, 0.09197847618228128, 0.0009990009990009992, 0.006402225087373063, 0.01475915877230712, 0.002200247949518693], [0.7890551717678193, 0.13587411726978293, 0.000999000999000999, 0.017838566919078334, 0.05384873476807851, 0.0023844082762399907], [0.11285236430861761, 0.6515625889314733, 0.000999000999000999, 0.08143458008519089, 0.15095087983826866, 0.002200585837448575], [0.7402412813656288, 0.16964623686566868, 0.000999000999000999, 0.01179795163192028, 0.07422619766906974, 0.003089331468711358], [0.8395815344597649, 0.12666277212373991, 0.000999000999000999, 0.007737694000522482, 0.022148609778509975, 0.002870388638461644], [0.8754712824140044, 0.09123280569358193, 0.0009990009990009992, 0.005708704669215909, 0.023607994529261232, 0.0029802116949356073], [0.8886450098833727, 0.08152410920527475, 0.000999000999000999, 0.0052893354889159624, 0.02052838462037859, 0.003014159803056908], [0.8965506460431619, 0.07298197728854011, 0.0009990009990009992, 0.00535825394832138, 0.021073665640166817, 0.0030364560808087532], [0.8832006836380651, 0.06116966591697732, 0.000999000999000999, 0.01841624244035208, 0.03316999668774064, 0.0030444103178639092], [0.8818757925480766, 0.06082554096689703, 0.0009990009990009992, 0.018377744940436615, 0.03487499578285002, 0.0030469247627387527], [0.8917222046935472, 0.05643384847791698, 0.000999000999000999, 0.015286632300232906, 0.032483320900816084, 0.003074992628485609], [0.9312950827805359, 0.0009970089730807576, 0.0009970089730807576, 0.0009970089730807576, 0.062350490985709675, 0.003363399314512248], [0.9950248756218911, 0.0009950248756218911, 0.0009950248756218911, 0.0009950248756218911, 0.0009950248756218911, 0.0009950248756218911]], [[0.9950248756218911, 0.0009950248756218911, 0.0009950248756218911, 0.0009950248756218911, 0.0009950248756218911, 0.0009950248756218911], [0.9081383898615025, 0.02224667716677805, 0.035246447156114025, 0.008468667964507223, 0.02360523273838456, 0.0022945851127136453], [0.026697996844813218, 0.06489251513598264, 0.0009990009990009992, 0.0019679457422213447, 0.9030086888632722, 0.002433852414709726], [0.02872021684867742, 0.06452172124273815, 0.000999000999000999, 0.002006100592810795, 0.9013222364493325, 0.002430723867440045], [0.9169064480089683, 0.055532003489275734, 0.0009990009990009992, 0.004095293761048517, 0.018814396913163594, 0.0036528568285429048], [0.0009950248756218907, 0.0009950248756218907, 0.0009950248756218907, 0.0009950248756218907, 0.0009950248756218907, 0.9950248756218907], [0.8815119645100687, 0.08656857622997391, 0.0009990009990009994, 0.005436192726032567, 0.021930578116623176, 0.003553687418300779], [0.7349525550016995, 0.23501805940561918, 0.000999000999000999, 0.005398299401032528, 0.02143564132265721, 0.002196443869990604], [0.7273723119511971, 0.24476749819213942, 0.000999000999000999, 0.005959925584875016, 0.018729057628847797, 0.0021722056439396264], [0.7310171161121105, 0.23702590145735478, 0.0009990009990009992, 0.005467330233298034, 0.02329924870709838, 0.0021914024911373385], [0.30786603725774087, 0.2217622935806303, 0.0009990009990009992, 0.002279466814686692, 0.4648481374469555, 0.002245063900985783], [0.9038050476395482, 0.07194242280117044, 0.0009990009990009992, 0.004431481819658987, 0.01655526083381759, 0.0022667859068038042], [0.7714665744964497, 0.20246948079049734, 0.000999000999000999, 0.004250080958702746, 0.01851757562077189, 0.0022972871345772446], [0.029260244748294025, 0.06657490428510948, 0.0009990009990009992, 0.002059647611099075, 0.8986831083694021, 0.002423093987094416], [0.8977388375523083, 0.07390221120152268, 0.0009990009990009992, 0.004462869921179669, 0.020639218059681285, 0.002257862266307107], [0.28685362428402766, 0.22338502378082903, 0.000999000999000999, 0.002873309511657777, 0.48361405988917194, 0.0022749815353125297], [0.6643294370325192, 0.26892210818573004, 0.0009990009990009992, 0.005966197236536067, 0.05742106506716954, 0.002362191479044296], [0.6657663155038901, 0.12691811882875548, 0.0009990009990009992, 0.007987644114540558, 0.19595078704416338, 0.0023781335096495523], [0.8163879862413256, 0.1208778771734933, 0.0009990009990009992, 0.006054893277685897, 0.0532940614654049, 0.0023861808430893274], [0.8048596840625624, 0.13000792739903164, 0.0009990009990009992, 0.02573286837040826, 0.035885713071730246, 0.0025148060972664693], [0.6522306208782156, 0.12311128334275456, 0.000999000999000999, 0.023796671314246624, 0.19747980271120663, 0.002382620754575506], [0.20006925768004113, 0.4219944750735635, 0.000999000999000999, 0.07694299207515898, 0.2975607422965162, 0.0024335318757191544], [0.6579297992420529, 0.2681621047350274, 0.0009990009990009992, 0.008076478709893892, 0.062474706147727856, 0.0023579101662970334], [0.8651770042361041, 0.1050439334438473, 0.000999000999000999, 0.007179169870888199, 0.019440454738471113, 0.0021604367116882816], [0.7509591803424067, 0.07936034323841246, 0.0009990009990009992, 0.14709996634187888, 0.01934414725176378, 0.0022373618265372815], [0.910755186990898, 0.06454486263749856, 0.000999000999000999, 0.004753123448638934, 0.016663404767677362, 0.002284421156286048], [0.8978551535530976, 0.05857635196021944, 0.000999000999000999, 0.015583785323353765, 0.02470905822097961, 0.0022766499433484375], [0.8888080820777832, 0.08507186466358346, 0.000999000999000999, 0.005292207507971115, 0.017610459375138457, 0.002218385376522702], [0.8161217536019604, 0.12207588509378163, 0.0009990009990009992, 0.006031651965425646, 0.052388571129553405, 0.0023831372102780003], [0.5371070019600463, 0.11133770606540581, 0.0009990009990009992, 0.023228224132413985, 0.3248449191692114, 0.002483147673921606], [0.757508406682806, 0.16209038251637578, 0.0009990009990009992, 0.007934161753091085, 0.06835068883030912, 0.003117359218417135], [0.8480666345288898, 0.1161088095011136, 0.000999000999000999, 0.007584670794095313, 0.024344475446394433, 0.0028964087305058898], [0.8801521635846423, 0.08892827623041225, 0.0009990009990009992, 0.005686001660881667, 0.021246600250508778, 0.002987957274554017], [0.8962447845989787, 0.0734272141800597, 0.000999000999000999, 0.005305727966845442, 0.020991056437075526, 0.003032215818039609], [0.900031901416833, 0.07109464595927505, 0.000999000999000999, 0.005218236402719819, 0.01961508114064158, 0.0030411340815294425], [0.901055283249741, 0.07008095618091001, 0.000999000999000999, 0.005231986865826647, 0.01958546863956367, 0.003047304064957587], [0.9052804699855626, 0.06516005152896462, 0.0009990009990009988, 0.004446168368762771, 0.021052324973576342, 0.003061984144132505], [0.9005770680790798, 0.06675225305363996, 0.0009990009990009992, 0.004444134008778086, 0.024168973975421264, 0.0030585698840799908], [0.015490681152298107, 0.03760905554086112, 0.01980102869488502, 0.008379360195338319, 0.9156719533775096, 0.00304792103910783], [0.9950248756218911, 0.0009950248756218911, 0.0009950248756218911, 0.0009950248756218911, 0.0009950248756218911, 0.0009950248756218911]], [[0.9950248756218911, 0.0009950248756218911, 0.0009950248756218911, 0.0009950248756218911, 0.0009950248756218911, 0.0009950248756218911], [0.8969261807068015, 0.020037019050776584, 0.027427040613794296, 0.010226354199939797, 0.04300946178954266, 0.002373943639145098], [0.9142329629094423, 0.05937613370887259, 0.000999000999000999, 0.003999067707798069, 0.019093157886324486, 0.0022996767885615408], [0.9111610661079163, 0.059996595943980886, 0.0009990009990009992, 0.004094060164343079, 0.021451938514327976, 0.0022973382704309228], [0.9136573719182082, 0.05869525320922269, 0.000999000999000999, 0.0041438488402516715, 0.020199425276926145, 0.0023050997563902856], [0.9093681181169281, 0.06162774509370122, 0.000999000999000999, 0.004462957379190117, 0.019909881037817427, 0.0036322973733620076], [0.031124156203189812, 0.07107368916875773, 0.0009990009990009992, 0.002117654661977454, 0.8922506894675649, 0.0024348094995091845], [0.026528299101135737, 0.21713586939441104, 0.0009990009990009992, 0.002137979648337635, 0.7507740385562071, 0.002424812300907472], [0.06196004394889374, 0.22012862414452497, 0.000999000999000999, 0.0022270090284595705, 0.7122751802713093, 0.002410141607811271], [0.07391441968846658, 0.07773243102854352, 0.000999000999000999, 0.002246149186841533, 0.8426992338894985, 0.0024087652076487847], [0.8910114936720003, 0.07976930894638261, 0.0009990009990009992, 0.00482398012092524, 0.02116004215541771, 0.0022361741062732234], [0.8965542652557831, 0.07711969086303727, 0.0009990009990009992, 0.0048110810332003305, 0.018272000338638766, 0.002243961510339613], [0.9042811836886633, 0.07199783502954525, 0.000999000999000999, 0.004540552708640439, 0.01591880186953408, 0.0022626257046159124], [0.9032317092273993, 0.07074257446268131, 0.000999000999000999, 0.004493556379877292, 0.018267674494225124, 0.0022654844368160186], [0.747204429768991, 0.08394975072284529, 0.000999000999000999, 0.005188960887006729, 0.1604354920791948, 0.0022223655429610585], [0.8789064049848948, 0.09078791851862823, 0.0009990009990009992, 0.005515373515741065, 0.02159184051344743, 0.0021994614682875296], [0.7374882841492294, 0.09046267601990163, 0.000999000999000999, 0.005499932427646875, 0.16334856877260864, 0.002201537631612448], [0.30468227778979246, 0.08763453499048166, 0.0009990009990009992, 0.002442387497953355, 0.6020104628428675, 0.002231335879904082], [0.8676700348728456, 0.07577769340675601, 0.000999000999000999, 0.019376464126051783, 0.03397903498283668, 0.0021977716125089414], [0.830227765075341, 0.132381161435534, 0.000999000999000999, 0.01375156600449388, 0.020342980177867346, 0.002297526307762616], [0.5879166181613217, 0.2619790367152337, 0.000999000999000999, 0.004945590640408383, 0.14213365124049918, 0.002026102243535891], [0.4069425398718167, 0.12881495575790752, 0.000999000999000999, 0.01822528657542221, 0.4428469817994717, 0.002171234996380811], [0.6899709968309549, 0.24726298940885616, 0.0009990009990009992, 0.02293535539270371, 0.03678307083441443, 0.0020485865340698454], [0.6125915429918207, 0.21554553988502573, 0.0009990009990009992, 0.13417772135735864, 0.034644118785499375, 0.0020420759812945], [0.7986119277168071, 0.17749495204995056, 0.0009990009990009992, 0.005429894805127791, 0.015648953013936224, 0.0018152714151774556], [0.026300735663889307, 0.052651354628184106, 0.0009990009990009992, 0.001682102982559423, 0.9164046228762158, 0.001962182850150418], [0.9143904560416066, 0.04816222964730994, 0.000999000999000999, 0.01265456989118893, 0.021953492242718857, 0.001840251178174652], [0.7902083453765074, 0.18527370324002887, 0.000999000999000999, 0.004365471526860239, 0.01736565533808671, 0.0017878235195156215], [0.6630940920210712, 0.1763839281625349, 0.0009990009990009992, 0.015150207560162877, 0.14259643114135817, 0.001776340115872016], [0.26109353747218356, 0.04861416675598223, 0.000999000999000999, 0.014951589447433807, 0.6724147979077154, 0.0019269074176838622], [0.7300308128249865, 0.21642771435157565, 0.0009990009990009992, 0.019273604075879486, 0.03105718618077955, 0.0022116815677778183], [0.7413176525518216, 0.08786144914376372, 0.0009990009990009992, 0.14773543640534956, 0.01986985292595479, 0.0022166079741093663], [0.02609379793922977, 0.1918047997081031, 0.0009990009990009992, 0.017190623269984384, 0.7614102547158034, 0.0025015233678783414], [0.9055512281365247, 0.048098180016214825, 0.000999000999000999, 0.014306261644155363, 0.028727611570871052, 0.0023177176332330484], [0.9096737991362087, 0.04728819302007933, 0.000999000999000999, 0.014206711175772883, 0.02551194988413214, 0.0023203457848058355], [0.8873603000469314, 0.05973558128640435, 0.000999000999000999, 0.018066129911548632, 0.03078532651477293, 0.0030536612413415804], [0.9029695454273227, 0.06573609363817487, 0.000999000999000999, 0.00452726394817889, 0.022706988967843383, 0.003061107019479164], [0.027898205451858164, 0.05349415455203855, 0.0009990009990009992, 0.020366187318841152, 0.893987525949648, 0.003254925728613079], [0.8543591644826862, 0.027063824735236663, 0.035828037621697735, 0.01299919937044488, 0.06665310469393443, 0.0030966690959998875], [0.9950248756218911, 0.0009950248756218911, 0.0009950248756218911, 0.0009950248756218911, 0.0009950248756218911, 0.0009950248756218911]], [[0.9950248756218911, 0.0009950248756218911, 0.0009950248756218911, 0.0009950248756218911, 0.0009950248756218911, 0.0009950248756218911], [0.901901798097322, 0.025585438655432433, 0.03995430241412006, 0.01028661242900098, 0.020007140048563368, 0.002264708355561262], [0.9183053909841896, 0.056994988577239475, 0.0009990009990009992, 0.003975323900639049, 0.01741672341616061, 0.0023085721227702033], [0.028346710491268703, 0.0654474457270052, 0.0009990009990009992, 0.00201690371439599, 0.9007609375083644, 0.0024290015599647574], [0.027220333660224694, 0.06728494472287222, 0.0009990009990009992, 0.0020547497381718073, 0.9000154758240297, 0.002425495055700558], [0.9097910047584298, 0.061313628344527416, 0.000999000999000999, 0.004144147617248983, 0.021458951252593395, 0.0022932670281994084], [0.9046837414376341, 0.06796805635756077, 0.0009990009990009992, 0.004163115569091122, 0.019911235635868565, 0.0022748500008445845], [0.9100894698402946, 0.06320298912213612, 0.000999000999000999, 0.004222965168179851, 0.01919729273316833, 0.0022882821372200044], [0.8991438912466586, 0.07468939204308196, 0.000999000999000999, 0.004509260112117656, 0.018404785493847494, 0.002253670105293149], [0.8730325801707635, 0.09414311323130768, 0.0009990009990009992, 0.005534993394733208, 0.024103539003519078, 0.0021867732006756427], [0.8752992217047411, 0.09367301617851582, 0.000999000999000999, 0.005526831767690838, 0.022313425212556675, 0.0021885041374945843], [0.289568006035529, 0.08853741098717659, 0.0009990009990009992, 0.0023891348796130298, 0.6162719274165068, 0.002234519682173605], [0.87879609671307, 0.09081866602734753, 0.000999000999000999, 0.005559266345054093, 0.021628909011416456, 0.002198060904110957], [0.8808852667412456, 0.09096203225753015, 0.000999000999000999, 0.0055535906855436875, 0.019400437841900146, 0.0021996714747792617], [0.7441348567651588, 0.2279671325337766, 0.0009990009990009992, 0.0053658730843424525, 0.019318086358016812, 0.00221505025970432], [0.883410210726417, 0.08918785034995336, 0.000999000999000999, 0.005536100907122847, 0.018658207780087466, 0.002208629237418284], [0.880318231209859, 0.09026180267983198, 0.000999000999000999, 0.006154803292786527, 0.020064794136313388, 0.002201367682208127], [0.8719955975740753, 0.0987302069362546, 0.000999000999000999, 0.006129336536634415, 0.019968536249914237, 0.002177321704120336], [0.21443301735722226, 0.06388155931306191, 0.000999000999000999, 0.021217439176013826, 0.6970856949436259, 0.002383288211074959], [0.8285502372392007, 0.13264459096947062, 0.0009990009990009992, 0.013699688510286696, 0.021809736099606906, 0.0022967461824340155], [0.6280887298925362, 0.14845634480956058, 0.0009990009990009994, 0.07190762157150127, 0.1485194950339242, 0.0020288076934770337], [0.6624352440784819, 0.2634827473738397, 0.0009990009990009992, 0.0365297026068501, 0.03453056123478474, 0.002022743707042677], [0.6979629224898944, 0.2642029054885534, 0.0009990009990009992, 0.008998240879428977, 0.025815712173205, 0.0020212179699173392], [0.39123778749891325, 0.15204964320254527, 0.000999000999000999, 0.023116457536399973, 0.4302679350881874, 0.00232917567495301], [0.7857303466440027, 0.05771303840520294, 0.0009990009990009992, 0.12969239250047543, 0.02407036116022296, 0.001794860291095126], [0.9219216533912833, 0.056414114957529155, 0.000999000999000999, 0.004117168906658306, 0.014716980609569674, 0.0018310811359587046], [0.9077286219708207, 0.052310086023141224, 0.000999000999000999, 0.013685932198726335, 0.02345889504238282, 0.0018174637659277527], [0.04549739396582302, 0.0599334969298708, 0.0009990009990009992, 0.001795689327350473, 0.8898229275553333, 0.001951491222621473], [0.8076178057108347, 0.05583708854605142, 0.000999000999000999, 0.0035608329883854745, 0.13015043721378344, 0.0018348345419438796], [0.8080752229733027, 0.05601678062530632, 0.000999000999000999, 0.003554943381852398, 0.12951632212668202, 0.0018377298938554673], [0.7658706082780602, 0.21081046958865965, 0.0009990009990009992, 0.004357652083379623, 0.015687980441656976, 0.0022742886092426535], [0.7654109780510298, 0.2112324752298822, 0.000999000999000999, 0.004867423717281173, 0.015215134643216607, 0.0022749873595891536], [0.7668531237906105, 0.2051852303701565, 0.000999000999000999, 0.004457069472275867, 0.020213110320513834, 0.0022924650474420937], [0.024416525578546924, 0.04525500832886019, 0.0009990009990009992, 0.016013597716076126, 0.9108262358221516, 0.0024896315553641787], [0.9168610907383759, 0.05591345170251323, 0.000999000999000999, 0.004092632862473354, 0.01981891784538234, 0.0023149058522541613], [0.89724267875645, 0.0727555926994698, 0.0009990009990009992, 0.0052735523983730255, 0.020694394215501708, 0.003034780931204585], [0.8779300412221235, 0.03671829910321632, 0.03918486208881174, 0.014244285973817255, 0.028904978690462137, 0.0030175329215690818], [0.8805488646588723, 0.028909831014735266, 0.04477590564349665, 0.010969627533267875, 0.03177640390323855, 0.0030193672463893666], [0.015235449076224403, 0.0417570880325649, 0.020701565929810994, 0.008090360405098987, 0.9111582371614594, 0.0030572993948413067], [0.9950248756218911, 0.0009950248756218911, 0.0009950248756218911, 0.0009950248756218911, 0.0009950248756218911, 0.0009950248756218911]], [[0.9950248756218911, 0.0009950248756218911, 0.0009950248756218911, 0.0009950248756218911, 0.0009950248756218911, 0.0009950248756218911], [0.888801094255474, 0.023318448754514727, 0.030486113148354043, 0.012470503710353227, 0.0425779097577668, 0.002345930373537202], [0.9170054210501942, 0.058620057034059654, 0.000999000999000999, 0.0040221460365400565, 0.01704634514686612, 0.0023070297333388583], [0.7637841144397716, 0.2079876491883703, 0.0009990009990009992, 0.004420337096783891, 0.02052943994477415, 0.0022794583312992093], [0.7556977171256494, 0.21579900192265486, 0.000999000999000999, 0.004437269763179564, 0.02080719140878079, 0.0022598187807344144], [0.08692875225791988, 0.07474216513074515, 0.0009990009990009992, 0.002146773633316083, 0.8327589109783483, 0.002424397000669671], [0.07849142902033839, 0.07412319323179423, 0.000999000999000999, 0.002163833073083613, 0.8418005757794501, 0.00242196789633264], [0.9010276457682416, 0.07250986492902334, 0.0009990009990009992, 0.004514951259261911, 0.018687843441335453, 0.002260693603136769], [0.8912484968511768, 0.08081712743310097, 0.000999000999000999, 0.004861981440542815, 0.01984245153400481, 0.0022309417421734743], [0.26699769349189684, 0.08633674373934914, 0.000999000999000999, 0.0024587207172617424, 0.6409279411242408, 0.0022798999282504307], [0.7019102216151273, 0.12759776210729928, 0.0009990009990009992, 0.05325372938813327, 0.11388574148865162, 0.0023535444017876556], [0.7579572434890894, 0.12479562492236362, 0.0009990009990009992, 0.05344631046873219, 0.06042697197240122, 0.0023748481484126105], [0.328564017355916, 0.29612491998662716, 0.0009990009990009988, 0.0249760825532876, 0.3476669869622572, 0.0016689921429109051], [0.8311194110896712, 0.1312827746995554, 0.0009990009990009992, 0.013561438849157918, 0.020731206481779056, 0.002306167880835425], [0.7317709553183105, 0.09964451480252139, 0.0009990009990009992, 0.006158118638382062, 0.1592458555798846, 0.002181554661900521], [0.6643948951628983, 0.2644327489516455, 0.000999000999000999, 0.02482227984927194, 0.042816231969020555, 0.002534843068162629], [0.5399828681266439, 0.16188866031021998, 0.0009990009990009992, 0.23925017171349972, 0.05534334405710474, 0.0025359547935307606], [0.779832358524107, 0.1217528828327486, 0.0009990009990009992, 0.04230562290636226, 0.05272529315611152, 0.002384841581669677], [0.7905765158958026, 0.12043263164778349, 0.0009990009990009992, 0.0317219570484821, 0.053879563451988736, 0.002390330956942137], [0.68240629303239, 0.2827306795284521, 0.0009990009990009992, 0.014627902175409617, 0.016972244272658872, 0.0022638799920885145], [0.5437624894390044, 0.3737656820693355, 0.000999000999000999, 0.008089581208878946, 0.07115862001443016, 0.0022246262693498436], [0.4111494699880007, 0.30984866334743666, 0.0009990009990009992, 0.14538077866386914, 0.13046369420266515, 0.002158392799027426], [0.6913772385097927, 0.24633323155111547, 0.000999000999000999, 0.022570871129119565, 0.03666632311559669, 0.002053334