{"prediction": [[[0.8918016778364624, 0.036459961103186264, 0.0306731875693412, 0.007480531334437809, 0.02859634645305797, 0.0049882957035143755], [0.8863139370204643, 0.0376395159738648, 0.032801029812106225, 0.007655906141859141, 0.0306013153483997, 0.004988295703306028], [0.8871142447958172, 0.038113409718837754, 0.031491446385721905, 0.007685366406367878, 0.030607236989952775, 0.004988295703302445], [0.889599997424465, 0.03910380437268879, 0.026865335356139712, 0.007808134157032468, 0.03163443298644641, 0.004988295703227544], [0.8816932213081555, 0.041371570197242274, 0.02944370926274183, 0.008039859981057135, 0.03446334354567837, 0.004988295705125043], [0.8809227911925934, 0.040639819423102186, 0.03157253602871286, 0.007970352716153983, 0.03390620493433949, 0.004988295705098023], [0.88607834057909, 0.03843077542291428, 0.030554654068799533, 0.007719429934097828, 0.032228504290049774, 0.004988295705048695], [0.8961638229792299, 0.034214889300202264, 0.029091444262838575, 0.007283646489945384, 0.02825790126485848, 0.004988295702925416], [0.8958221304637037, 0.03452957635370237, 0.02898292474233362, 0.007315607582821222, 0.028361465154506684, 0.004988295702932578], [0.8922174931825465, 0.036113836171134665, 0.029935432715137655, 0.007481199107741308, 0.02926374312039684, 0.004988295703043234], [0.8861034835202936, 0.03809765132014148, 0.032186431604942035, 0.007718017831321008, 0.030906120019966333, 0.004988295703335564], [0.8888068576714372, 0.03904023221169258, 0.02784063746258219, 0.007796081506991332, 0.03152789544404026, 0.00498829570325659], [0.8903568080395361, 0.039661587799353026, 0.025053041198227224, 0.007858079008493446, 0.03208218825124285, 0.0049882957031474355], [0.8827966039277788, 0.04179155982728174, 0.027503718406956958, 0.008085242728759658, 0.034834579404172276, 0.004988295705050597], [0.8806205818561433, 0.041359902814129344, 0.030458924594960787, 0.008048423818741851, 0.03452387121098648, 0.004988295705038236], [0.8194721134249973, 0.06755313764330219, 0.04046458791912121, 0.012971241552746104, 0.05454235620108753, 0.004996563258745704], [0.8261614379468665, 0.06184446204924421, 0.04278275499613227, 0.012461424836933426, 0.051753356912718956, 0.004996563258104799], [0.827187165449918, 0.06476761724814287, 0.038340133372386856, 0.01266195353694354, 0.05204656713401434, 0.004996563258594355], [0.8217198479145482, 0.0649926016516864, 0.04088661461490886, 0.012800309415112647, 0.05460406314550693, 0.004996563258236984], [0.8137439687610815, 0.06830357766411267, 0.04312883981990912, 0.013144929304081548, 0.05668212119249544, 0.004996563258319781], [0.8653757040318533, 0.04891804798599568, 0.03152371271973017, 0.009705450056170167, 0.03948564318763309, 0.004991442018617593], [0.86441423694584, 0.048619553496112314, 0.03283163601113927, 0.009700679730756091, 0.03944245179742801, 0.004991442018724522], [0.8550555691037698, 0.05124153090786785, 0.03601944765130727, 0.009961469573304875, 0.04273054074271796, 0.004991442021032273], [0.853104605438394, 0.05329934539424483, 0.03573688995281356, 0.010098911712070505, 0.04276880548103237, 0.0049914420214448325], [0.8606828082550896, 0.05322898768363051, 0.02962948386573915, 0.009991330588932187, 0.041475947584961606, 0.00499144202164686], [0.9075541808537909, 0.03247964532899898, 0.0222792791334372, 0.00644644831152327, 0.026254279789665123, 0.004986166582584448], [0.9083699984772879, 0.032662067440498724, 0.0211669416259971, 0.006459905660589767, 0.026354920213043545, 0.004986166582582858], [0.9090386845686422, 0.031527382230581255, 0.021692337132111866, 0.006381143862886067, 0.026374285623445928, 0.004986166582332829], [0.9098590670532953, 0.03169080396045161, 0.02059780806571877, 0.006393191522731882, 0.026472962815473806, 0.004986166582328639], [0.9107685424356915, 0.03145607729082782, 0.02071397998665962, 0.00639448320808928, 0.02568075049801964, 0.0049861665807122936], [0.9062215069503156, 0.0325701759824669, 0.023204666698467366, 0.006531632667401088, 0.026485851120403556, 0.004986166580945522], [0.9013064709145505, 0.03482454099164237, 0.023163922703805268, 0.006746278646488735, 0.02897262016103147, 0.004986166582481679], [0.8999501818608742, 0.03458667714461694, 0.02499066071367313, 0.006723914017427758, 0.028762399680890064, 0.004986166582518155], [0.9004858284125327, 0.034570396946830555, 0.024431498606559465, 0.0067249914643607795, 0.0288011179872386, 0.004986166582478083], [0.9062215069503156, 0.0325701759824669, 0.023204666698467366, 0.006531632667401088, 0.026485851120403556, 0.004986166580945522], [0.8892576822950791, 0.039629274419727835, 0.02507881277457689, 0.00782752216192419, 0.033218412643582516, 0.004988295705109609], [0.8946326467312802, 0.03743879993017932, 0.02416512636575824, 0.0075781461784091815, 0.031196985089327237, 0.004988295705045836], [0.8926994287709116, 0.036475562725924456, 0.027621817906297384, 0.007487793848389677, 0.03072710104332997, 0.004988295705147094], [0.899563991550396, 0.032980914271916656, 0.02822058929974972, 0.007144356171689023, 0.0271018530036979, 0.004988295702550597], [0.8991640484022835, 0.033737052332793775, 0.028595967485827708, 0.007173918281130939, 0.02634071779475617, 0.004988295703207899]], [[0.8921804538208619, 0.035863302600840384, 0.03037070377356693, 0.007448870797451929, 0.029148373304271686, 0.004988295703007232], [0.8085484085778876, 0.043911818123106225, 0.03985087188977502, 0.032204414145091564, 0.06329446064216963, 0.012190026621969977], [0.8977638436671331, 0.02050937811791162, 0.014731739503806303, 0.013689968447767079, 0.04061774927520713, 0.012687320988174676], [0.894267230008378, 0.02106196736412081, 0.013568463650520769, 0.013831943887567122, 0.044654640665073256, 0.012615754424339907], [0.8162581770415659, 0.0861695882649212, 0.02896859792044877, 0.022711736101796325, 0.034334921792194134, 0.011556978879073754], [0.09770299923973011, 0.062219707897820005, 0.03716481357014657, 0.021943458467117444, 0.772333884827888, 0.00863513599729781], [0.9119845643069143, 0.016656289251199947, 0.015812191895718395, 0.01236203658879153, 0.026374899110883643, 0.016810018846492223], [0.887357004255411, 0.03975737096093048, 0.02595920568759806, 0.007857351197812208, 0.0340807721934419, 0.004988295704806539], [0.8879843514911975, 0.04021977662619724, 0.024499668209884022, 0.007902924457588096, 0.03440498351045313, 0.004988295704680085], [0.8847684870948639, 0.0411533430171067, 0.025899658532912765, 0.008014834660344921, 0.035175380990043, 0.004988295704728689], [0.9052230845287733, 0.020196568689050554, 0.01965840504728043, 0.01417743801526522, 0.02357865329681656, 0.017165850422814054], [0.8963871563488093, 0.020398756146918596, 0.014440651777369794, 0.013663370637555135, 0.04242876857368927, 0.012681296515657985], [0.7072687605241911, 0.020688394375287675, 0.013031694922308478, 0.014033106111632119, 0.23240668434428932, 0.012571359722291313], [0.8914724731342174, 0.020667122995576413, 0.013671694255849715, 0.013716689101643566, 0.04783120082746472, 0.012640819685248255], [0.028861414152857395, 0.018594338530920018, 0.013666309870620567, 0.014922798740894427, 0.906812698791878, 0.01714243991282961], [0.8845550994765203, 0.022493740462074665, 0.017539357955075496, 0.015866954223423317, 0.03835471082975169, 0.02119013705315453], [0.022254569502582488, 0.018203132835787648, 0.011027566622251071, 0.01616376419830094, 0.9119194795715467, 0.020431487269531125], [0.9013406593135007, 0.01651640235390986, 0.012713017976273997, 0.013970582663654111, 0.034810415375126386, 0.02064892231753492], [0.02571315829646672, 0.019633360671803178, 0.012955654730180356, 0.01599973972339643, 0.9050240424849728, 0.020674044093180487], [0.8002359184666906, 0.04359412564331917, 0.03717926590763433, 0.03521003543095228, 0.06307732715434353, 0.020703327397060173], [0.8748027095112367, 0.02551688763350575, 0.01657472445765789, 0.0170023402553364, 0.05046696627867116, 0.015636371863592135], [0.8733292499822687, 0.025378710413012588, 0.016838419540123925, 0.016969025002642545, 0.051862313555944554, 0.015622281506007916], [0.8670461897957508, 0.026175883288183, 0.016126137127893212, 0.01715245144603645, 0.057865547269238586, 0.01563379107289808], [0.031113296915211613, 0.021243918639911392, 0.014523378434846234, 0.016903466197008478, 0.896831018229487, 0.019384921583535306], [0.017973950771962965, 0.01893804569467744, 0.010339280714412348, 0.014999083075886056, 0.9193449512892483, 0.018404688453812993], [0.01898848675084935, 0.014632723132594354, 0.009008310290309511, 0.011775165314828782, 0.9305706314171658, 0.01502468309425216], [0.9163439653548496, 0.01515364040806095, 0.012441809223844668, 0.010829059203618336, 0.029910849636573124, 0.01532067617305329], [0.01927062677972437, 0.0133008525786086, 0.007543695350419205, 0.01173656582823422, 0.9333115079630684, 0.014836751499945192], [0.9269292324322087, 0.01181277593433703, 0.008945637297271603, 0.010048528930510336, 0.02727278489222604, 0.01499104051344627], [0.9300296596791964, 0.013982150723759522, 0.013002844248789346, 0.010570311381364396, 0.01718018315307174, 0.015234850813818509], [0.9194486768323437, 0.016480733777347822, 0.016237159931191205, 0.012219603343005982, 0.020069163321011923, 0.015544662795099343], [0.9065687162489785, 0.017955705042279113, 0.010797868901749346, 0.01173795161626954, 0.042364254625976594, 0.010575503564746937], [0.26319263513622243, 0.04661517706224754, 0.02812718783010038, 0.022050021632035118, 0.6320794519209451, 0.007935526418449503], [0.9089464185573325, 0.01791238852421673, 0.011274441943943858, 0.011675742718120025, 0.039575177482031786, 0.010615830774355094], [0.9159645497784399, 0.016465644602922408, 0.01625260791530046, 0.012216976149821765, 0.023548721959772766, 0.015551499593742728], [0.920607804200301, 0.01536602135688865, 0.013591426939105708, 0.011552139725731204, 0.022165233118029603, 0.01671737465994369], [0.02355997886092208, 0.013527610969564565, 0.008457273046465848, 0.012253564729062449, 0.9259458312681772, 0.016255741125807906], [0.8990307977993188, 0.017436717165318846, 0.013545666547298628, 0.017490112825299102, 0.03997979889339348, 0.012516906769371271], [0.9068496720122101, 0.016977504389771594, 0.01357422431490838, 0.017193025986505878, 0.03294424526673095, 0.01246132802987307], [0.9000072432768595, 0.03310514411541424, 0.0276948887569048, 0.007138302568450274, 0.027066125579855407, 0.004988295702515905]], [[0.8916567104229192, 0.03646780049035849, 0.029839575659587496, 0.007517904742352557, 0.029529712981734638, 0.004988295703047735], [0.8760047427790766, 0.031819564726732495, 0.024264928186008002, 0.024665216306750396, 0.030369129629461054, 0.012876418371971475], [0.8894760623208149, 0.035849158570219954, 0.016453038592244774, 0.004993266966325523, 0.037674063506010526, 0.015554410044384459], [0.626451233599938, 0.045515504669235055, 0.013633457312444731, 0.024802861387374257, 0.2767997480913246, 0.012797194939683511], [0.0848959084902441, 0.031078533803871187, 0.013103849780352856, 0.004993192304929595, 0.8534736705453005, 0.012454845075301771], [0.9121311554899311, 0.030255184564870564, 0.016770125580154744, 0.004991276762941947, 0.019513227632930154, 0.016339029969171498], [0.024877669669780663, 0.01646825050099181, 0.00942170505513747, 0.013282385304586163, 0.9193050255120477, 0.016644963957456148], [0.8972648921245099, 0.020233224393584125, 0.01854904503816815, 0.01423554128086034, 0.03237961966869927, 0.017337677494178205], [0.031205406889054293, 0.019112679722212172, 0.011598742304602052, 0.015041231421996936, 0.9055538710633223, 0.01748806859881222], [0.03184567229691206, 0.023570189733757976, 0.013044505728678433, 0.01573331761401102, 0.8980286701563092, 0.017777644470331335], [0.5717908608417307, 0.30779423815510626, 0.039290557145924776, 0.0286225087722486, 0.042955080425339, 0.009546754659650767], [0.7000145769088654, 0.0294023603813857, 0.012790833111887289, 0.009689692825868302, 0.2358612018295502, 0.012241334942443175], [0.22919233277769854, 0.08637382974294705, 0.008893233827004595, 0.10573222981070307, 0.5613779934450965, 0.008430380396550289], [0.8950407898332519, 0.027422634731614944, 0.012564431477561156, 0.009427579465038808, 0.043323385080972394, 0.012221179411560932], [0.913347087417782, 0.029684142909858654, 0.016060555320389733, 0.0049911452005195756, 0.020198263009265142, 0.015718806142184974], [0.02944513428995263, 0.029003563530056894, 0.020692033196265405, 0.004991959195188353, 0.8956732009306485, 0.020194108857888235], [0.01671189268810053, 0.023125547609876982, 0.019394787879163135, 0.004989256193741102, 0.9167015773855045, 0.019076938243613735], [0.9179000593691217, 0.02326942921895425, 0.019606118034419685, 0.004988635841602988, 0.014792300379986502, 0.019443457155914994], [0.9184275691966556, 0.02365395309413866, 0.01961323287282944, 0.004989315091957015, 0.01388793106536536, 0.01942799867905385], [0.8979460067528702, 0.03509995856148923, 0.020947612118337185, 0.010390354981925911, 0.01506633334538402, 0.02054973423999363], [0.9033046152023706, 0.03795790831907621, 0.017672144685714913, 0.01065842749839498, 0.013181667703289865, 0.01722523659115347], [0.5753997264451042, 0.040770055833900275, 0.015433901647794816, 0.0224621567965364, 0.3313302099616387, 0.014603949315025675], [0.8739354718275495, 0.039330090569179174, 0.017886019701083968, 0.004995070472879287, 0.046450463574055, 0.01740288385525303], [0.039340969038573176, 0.03197477897338377, 0.0188153158326811, 0.008592757334586079, 0.8831209173908955, 0.018155261429880422], [0.9048462652560918, 0.03480405219697351, 0.018667620928489444, 0.004993344572039287, 0.01837273989644125, 0.01831597714996481], [0.9238985858507568, 0.023953405463425434, 0.015035837077743024, 0.004987772452900259, 0.01738281250486815, 0.014741586650306197], [0.025599234938133424, 0.020680394792102392, 0.015126041366750269, 0.004987068112227201, 0.9188798003612676, 0.014727460429519128], [0.010245166385456961, 0.01652920369322053, 0.01405538964300185, 0.004985432908840022, 0.9403660696596204, 0.013818737709860099], [0.013576238094031152, 0.01612698330757193, 0.013988295217977854, 0.004985009313363781, 0.9375479829909744, 0.013775491076080991], [0.9378171549009328, 0.017501340931917745, 0.01430520547883156, 0.004985433460266528, 0.011249519971897994, 0.014141345256153355], [0.9291963193569891, 0.025248912992420904, 0.014945409177219421, 0.004989177716080914, 0.010965340357047345, 0.014654840400242218], [0.07667375715018292, 0.03056559652681524, 0.010396410361753471, 0.017476870862906915, 0.8548887713080519, 0.009998593790289619], [0.37402509126429223, 0.03254531979235767, 0.010929121252656873, 0.01707285932484385, 0.5551804262905802, 0.010247182075269161], [0.8096360753415154, 0.03152186520339303, 0.014466146989172536, 0.004990949878197213, 0.1252970918643858, 0.014087870723335935], [0.031690060346673904, 0.021818114314483546, 0.015431308085742529, 0.004986942445123087, 0.9110809860507428, 0.014992588757234162], [0.9313241686765497, 0.01949602808930258, 0.01577720189298564, 0.0049863231931767055, 0.012794172522190164, 0.015622105625795487], [0.9265914081309037, 0.01806705717950485, 0.015598199780396152, 0.004986085182233747, 0.019276235126670916, 0.015481014600290645], [0.030482043603368713, 0.026828613531610705, 0.012232614331423851, 0.023751782897072776, 0.8948316481909707, 0.011873297445553292], [0.9037473526640699, 0.01703062931893159, 0.013279183478330537, 0.017242465798666978, 0.036205127952742173, 0.012495240787258758], [0.9007776113032694, 0.03385067630055043, 0.02574626991897626, 0.00719670688486769, 0.027440439889860477, 0.00498829570247591]], [[0.8869847535695335, 0.040089954811959434, 0.02633280187213321, 0.007888932137895377, 0.0337152619034369, 0.004988295705041521], [0.8965925994913532, 0.020735273963375548, 0.01821771630088561, 0.014527866534039088, 0.03260133086733625, 0.017325212843010362], [0.08110528505775436, 0.03098715385036317, 0.013017801366885875, 0.004992808627750638, 0.857409800404659, 0.012487150692587039], [0.8883477231262404, 0.0335358148130415, 0.01569763011169936, 0.004992400950222626, 0.0419653313571556, 0.01546109964164048], [0.8862068349495635, 0.03328439589329727, 0.015713208277849555, 0.004992008301582657, 0.04433828188568926, 0.015465270692017733], [0.9212590317401034, 0.025601734050874615, 0.016385993955075364, 0.00498921739850137, 0.015559461597106394, 0.01620456125833893], [0.9199490295279146, 0.02437029513671999, 0.01626813493286922, 0.0049886927293965495, 0.018332959733549047, 0.016090887939550526], [0.9193851591042956, 0.027305792706205662, 0.016594172514113832, 0.004989691370134787, 0.01541262706590487, 0.01631255723934533], [0.06630496649234284, 0.02920452815626536, 0.012644647335349478, 0.004992464446380627, 0.8745381116495978, 0.012315281920063832], [0.07033582633661424, 0.02919704667976027, 0.012632802849904735, 0.004992986587075843, 0.870529235877003, 0.012312101669641804], [0.9042955400074054, 0.028196846737617506, 0.01241582825372456, 0.004989078022719045, 0.03805616217929254, 0.012046544799240885], [0.29836891440743735, 0.02525465870436048, 0.012706054846491524, 0.008821574297893427, 0.642517604584903, 0.012331193158914141], [0.8933336635712543, 0.025673000822749054, 0.012253666911693849, 0.009254945293447243, 0.047401357639327485, 0.012083365761528004], [0.8933140496449589, 0.032225527060732284, 0.01564670923463862, 0.004992479302941338, 0.03839905887948094, 0.015422175877248036], [0.8933043797545014, 0.0322464133342307, 0.01573100507717629, 0.004991909987530282, 0.03824173977158467, 0.015484552074976631], [0.9076577069582162, 0.02991059259688791, 0.020250695304371073, 0.004992209116938378, 0.017152464775626285, 0.020036331247960077], [0.9150060027133246, 0.025343468739612206, 0.019784250285493996, 0.0049902997939699385, 0.015248667002752432, 0.01962731146484679], [0.9215587416639964, 0.02345044236923862, 0.01959469115541715, 0.004989245897272382, 0.010961594442735227, 0.01944528447134023], [0.9160900132694165, 0.02505474176347034, 0.01975250153669698, 0.004990813609341428, 0.014521749750062865, 0.019590180071011903], [0.07938349143601424, 0.05582756561193281, 0.020081451652504936, 0.047123028003299025, 0.7777843084522617, 0.01980015484398737], [0.8856839325619064, 0.03455722990312791, 0.01724008473132971, 0.004994216423306485, 0.04051462072596682, 0.017009915654362547], [0.8872812115696568, 0.03445214560350519, 0.017218568665409256, 0.004993620199517674, 0.03906784498448353, 0.016986608977427542], [0.8787341460664628, 0.03573450547033314, 0.01743432760495766, 0.004993883513976564, 0.04591602741536643, 0.01718710992890344], [0.877373598291901, 0.03677618416377035, 0.017553541619982727, 0.004994101162282655, 0.046046240907753055, 0.0172563338543102], [0.8846055314529612, 0.03563674473875168, 0.01732575158279977, 0.0049940085247295605, 0.04037863354059527, 0.01705933016016253], [0.9026461398410032, 0.02945436740324131, 0.014222674828304617, 0.004990275082211574, 0.03469941811468532, 0.013987124730553968], [0.9279892878765365, 0.023106934013217898, 0.014889036151563978, 0.004987706282845801, 0.014321230055592375, 0.014705805620243541], [0.9288670028777818, 0.017977530767341637, 0.014345827011986261, 0.0049855532200498084, 0.01957947785215316, 0.014244608270687329], [0.01818662266312993, 0.014471703642906298, 0.01381111614316223, 0.004984983232271199, 0.9348655812252521, 0.01367999309327821], [0.9383352418137915, 0.016836679821671183, 0.014212575200613654, 0.00498533504817458, 0.011515004018557868, 0.01411516409719129], [0.9340765931293326, 0.02174411912552822, 0.01473089802154166, 0.004987626944119748, 0.009892852258156146, 0.014567910521321658], [0.9217612877513768, 0.028533778032560252, 0.014123410406689674, 0.008507978935167752, 0.013137406970489434, 0.013936137903716152], [0.9020110674905256, 0.029071964766812765, 0.014113446139407872, 0.004990855811248068, 0.03590689197089145, 0.013905773821114173], [0.9069020140608266, 0.028807459007697264, 0.014145045191984028, 0.004990411519348395, 0.031211543174011085, 0.013943527046132552], [0.9301293969004469, 0.022041750077777134, 0.014774573910374546, 0.004987846642491826, 0.013473169663005819, 0.014593262805903924], [0.9318659928633237, 0.019298528707129132, 0.01571252254829132, 0.004986784421727173, 0.012541143957820692, 0.015595027501707867], [0.023196634607384588, 0.01605804142131417, 0.01527433918268431, 0.004986179009099188, 0.9253697390017377, 0.015115066777780005], [0.9309789515147464, 0.015123089108193474, 0.0157660653358229, 0.005639807281512521, 0.016873022206729083, 0.015619064552995618], [0.9064617220929166, 0.01735924937633044, 0.013164615152276668, 0.017406285004304942, 0.03309691886111609, 0.012511209513055212], [0.9044490721078298, 0.03484795867025042, 0.0205514585700983, 0.00728528502800606, 0.02787792992152294, 0.004988295702292427]], [[0.8845862165698799, 0.041117335888752334, 0.02661261924847375, 0.008021572279092882, 0.034673960308883915, 0.004988295704917348], [0.03483449165321549, 0.02060761112506266, 0.013334332698088385, 0.01619053479566226, 0.8973692838051722, 0.017663745922798926], [0.029837557204965084, 0.027035525834059545, 0.016781273982396903, 0.007806140183460676, 0.9023428886870553, 0.016196614108062526], [0.9124203543008486, 0.02904783894573321, 0.015926178878071105, 0.004990963817809096, 0.021885965148317855, 0.015728698909220244], [0.03938410775220859, 0.027527825429480686, 0.016906810457980547, 0.00782739516396862, 0.8917729542460605, 0.016580906950301105], [0.02893865309557481, 0.02378642673696875, 0.01598393250698559, 0.007377273266148958, 0.9081948157298451, 0.015718898664476816], [0.026648248828779038, 0.02345441887164181, 0.016511000050745378, 0.00498918698704537, 0.912172930960718, 0.016224214301070412], [0.9154734529982276, 0.02928453525606341, 0.016568646763287467, 0.004990949021274623, 0.01732368221851353, 0.016358733742633483], [0.07900182775438082, 0.028634045370576434, 0.012581520805121428, 0.004992544197000575, 0.8624730199553828, 0.012317041917537928], [0.6294252186081991, 0.038728265236207246, 0.012843824198935419, 0.0276644845143462, 0.27887842343478103, 0.012459784007530977], [0.9106025991142284, 0.026569665560910387, 0.012256325400232543, 0.0049888641258449065, 0.03354302813358601, 0.012039517665197848], [0.918689682810608, 0.028599393042810114, 0.015827385394006854, 0.004990788757320614, 0.016288782987405742, 0.015603967007848727], [0.7908157742637058, 0.13092224052407234, 0.015622607632071347, 0.004992220586210941, 0.042240145722732894, 0.015407011271206843], [0.5438377303331056, 0.04652201963069021, 0.012902792651410729, 0.015981035433064884, 0.3682466183595507, 0.012509803592177928], [0.8943626216420844, 0.03194998279919999, 0.015670368012615923, 0.004992091771158278, 0.037594188164812845, 0.015430747610128803], [0.9053120255647639, 0.03374690983267871, 0.01965729428725154, 0.0049945552286558585, 0.016857302782495108, 0.019431912304154867], [0.9015405127286812, 0.03019773409907195, 0.020578171510631533, 0.009245274585023607, 0.018061805111348906, 0.020376501965242835], [0.9089844644384405, 0.03390807507465394, 0.02041407537433508, 0.004994429836976141, 0.011506689004545127, 0.020192266271049197], [0.9113805577359482, 0.029747977489542762, 0.020236740515694077, 0.004992654852736211, 0.013612761719389728, 0.02002930768668909], [0.8672899504570752, 0.031035259437468554, 0.02062156224270924, 0.023856953301174134, 0.03678541628233862, 0.02041085827923423], [0.9205476587746482, 0.026452774064586442, 0.01799049146641625, 0.004990643258827529, 0.01221238467885335, 0.01780604775666836], [0.9146996163848459, 0.030306894106252574, 0.018159073535576643, 0.004992299332862791, 0.013877734045203333, 0.017964382595258722], [0.04099354269794938, 0.028776665808402404, 0.01813140573560029, 0.008263382453385022, 0.8860249327297987, 0.01781007057486425], [0.8759343871184557, 0.036315448825525946, 0.017484931895375786, 0.004994443984966828, 0.04806011489522337, 0.01721067328045227], [0.32668994606700025, 0.04396545242067045, 0.015336291909386604, 0.027114437788691804, 0.5719888839652207, 0.014904987849030332], [0.05683909573636558, 0.02377137601585395, 0.010433621811521552, 0.004989598173861917, 0.8937267099261076, 0.01023959833628942], [0.9231071067315482, 0.025859552771773518, 0.01496788956562657, 0.00498920293185603, 0.01628195159696986, 0.01479429640222572], [0.022583427545749296, 0.016221869445178953, 0.01405294135036124, 0.0049853297928431585, 0.9282525189875411, 0.01390391287832619], [0.9369799349647753, 0.015416204588462698, 0.014063696963183873, 0.004984675648397583, 0.014572424707432047, 0.013983063127748397], [0.9420379654176343, 0.01670587567893501, 0.014201520255266262, 0.004985300831062067, 0.007964458596363506, 0.014104879220738874], [0.9347539989312261, 0.021610919658736755, 0.01469349127475133, 0.0049877802004191195, 0.009424152177561177, 0.014529657757305596], [0.9040971094475408, 0.023050228966221265, 0.015041734925587531, 0.01736831320690711, 0.025584238885752033, 0.014858374567991226], [0.08131410927230624, 0.05395128590317363, 0.007533149783921908, 0.02198733869006537, 0.8277935831045777, 0.007420533245954998], [0.8982404869829932, 0.02582525875185003, 0.015081831105534309, 0.019579795506118915, 0.023518456037520147, 0.017754171615983524], [0.9086857994237341, 0.022200361425225978, 0.014987433738327297, 0.017309919935253635, 0.021965609310605424, 0.014850876166853558], [0.9232725987072106, 0.024188300363487254, 0.0165302830272644, 0.007409401971843431, 0.012250004592269333, 0.016349411337924995], [0.9312956255055527, 0.017904568524636708, 0.015908046729419593, 0.005931324566078174, 0.013149952295562806, 0.01581048237875001], [0.9381846755225188, 0.014875032905272237, 0.0157646613814974, 0.005597110989312955, 0.009955194781189941, 0.015623324420208706], [0.9091446896282103, 0.017305654530822077, 0.012906658901987524, 0.01739455267060597, 0.03073389195264648, 0.012514552315727775], [0.9044490721078298, 0.03484795867025042, 0.0205514585700983, 0.00728528502800606, 0.02787792992152294, 0.004988295702292427]], [[0.880903154491064, 0.04172821483977561, 0.029890377534630502, 0.008109520511170844, 0.034380436918471334, 0.0049882957048877265], [0.8952864903672056, 0.020890608676623852, 0.018992331102452194, 0.01455936219580793, 0.03290666247247085, 0.017364545185439464], [0.03374767471626785, 0.029083968419104805, 0.016775184301328832, 0.007791171480591441, 0.8964551840203379, 0.01614681706236933], [0.902387068170247, 0.026665581314490452, 0.01225620185867484, 0.004988780739124745, 0.041644042994997174, 0.012058324922465677], [0.2768914057751642, 0.024805327278539756, 0.012493510711240571, 0.008704996910071532, 0.6648975673111822, 0.012207192013801781], [0.8968980338504071, 0.029490259402206134, 0.014194251899609413, 0.004990483473230264, 0.040412304260458005, 0.014014667114089127], [0.9278812463148004, 0.022909580588413497, 0.01488433427698109, 0.004987807925874329, 0.014616536647184214, 0.014720494246746584], [0.9281053528535832, 0.022789997360375746, 0.014860902172604567, 0.004987765688969674, 0.014547129499968477, 0.014708852424498165], [0.8931342042238374, 0.029607024952767996, 0.014186220042761991, 0.004990272622831731, 0.044078465454439476, 0.014003812703361563], [0.07223495681562772, 0.023500342023236965, 0.010534112451819823, 0.004989774348555889, 0.8784032512465451, 0.010337563114214509], [0.904007863785845, 0.02841110874015645, 0.014104457645441184, 0.004990027752220797, 0.03458780991676817, 0.013898732159568446], [0.9274610924258246, 0.02236540843551371, 0.014160165345789328, 0.0049874872320178005, 0.017031533938637995, 0.013994312622216534], [0.05574162810582411, 0.18184593337719338, 0.010413193423377893, 0.004989123605314824, 0.7367786345038878, 0.01023148698440189], [0.8956054795896145, 0.02978072347625325, 0.01413552610240399, 0.004990369710547618, 0.041525270788519954, 0.01396263033266075], [0.908062096248377, 0.027900054331842797, 0.014079923068207942, 0.0049902511055157535, 0.03106588967312933, 0.013901785572927065], [0.8844251885255616, 0.027811485391018475, 0.018316612026917263, 0.02106122795113786, 0.03026138976950879, 0.018124096335855964], [0.10323783245604085, 0.12406872448790826, 0.009882018184122293, 0.03466277766389079, 0.7185290571885201, 0.009619590019517718], [0.9041666109764964, 0.034540245591588074, 0.017180735457980847, 0.01037796914631394, 0.016767782691252116, 0.016966656136368625], [0.90620822727045, 0.03410207469201319, 0.017204661574424972, 0.010306150232683286, 0.015184022816240015, 0.016994863414188478], [0.05862062721781642, 0.04236345299788817, 0.015292240952132293, 0.035974825803229034, 0.8326574552713921, 0.01509139775754194], [0.9312283517043922, 0.019848039415669354, 0.015775102857478514, 0.0049876458743278885, 0.012501296399919565, 0.015659563748212594], [0.933920407708146, 0.020097508691304965, 0.01580431971006417, 0.004987188793060479, 0.009497786110608315, 0.015692788986816003], [0.9214938074778369, 0.0235049601830065, 0.016163512947771606, 0.004988797281399406, 0.0178391564390721, 0.016009765670913553], [0.8905753116185577, 0.03239499177818625, 0.015603169102301237, 0.0049917760428996255, 0.04102328346387088, 0.015411467994184126], [0.06055295775000735, 0.028406025451602413, 0.012410258921981235, 0.004992476683869659, 0.8814529220658108, 0.012185359126728615], [0.04948402103063284, 0.1564177613835352, 0.00898680196567644, 0.00498726098658379, 0.7712929795573966, 0.008831175076175198], [0.9329756351843013, 0.021868248393125858, 0.013659694561670092, 0.004986799944274936, 0.013016735159515284, 0.013492886757112474], [0.9405148516896806, 0.01685033199838951, 0.013179309346463774, 0.004985141972371507, 0.011397678049321267, 0.013072686943773221], [0.9428539881390414, 0.015367526866155763, 0.01302649445895015, 0.004984480613447315, 0.010827293788903855, 0.012940216133501544], [0.9458002727602896, 0.01460265760383206, 0.013074126012080306, 0.0049849975262635775, 0.00856097754310292, 0.012976968554431536], [0.9458887837670987, 0.01601768680082759, 0.013070218098092876, 0.004984862442293042, 0.007067817345962475, 0.012970631545725343], [0.9364245846201013, 0.019535146746530393, 0.013727190744186678, 0.0061692783917685875, 0.010526245282352463, 0.013617554215060633], [0.9234886400864527, 0.024909491224053205, 0.01275716154661502, 0.007685549285522481, 0.012888744854556294, 0.01827041300280037], [0.0937302515315811, 0.062110954191961304, 0.006087035378231924, 0.011585279819790325, 0.07886742916455355, 0.7476190499138818], [0.9304997524239091, 0.024586363805487288, 0.01279877744733704, 0.0076316181687640676, 0.009006948036637704, 0.015476540117864715], [0.9243748204031049, 0.02387514710055105, 0.016443179789343655, 0.00745691049491449, 0.01157769086560297, 0.016272251346482906], [0.8975934075814553, 0.020701464814562323, 0.016502541174040347, 0.02095916108220243, 0.02783074034603887, 0.016412685001700733], [0.9010872422457412, 0.017416449871085846, 0.016424072656692254, 0.01980208438145381, 0.029019521863934725, 0.016250628981092242], [0.8469033223288526, 0.0306506707933625, 0.0222306441560367, 0.027506150586203145, 0.060263269999284046, 0.01244594213626118], [0.9052144750820538, 0.03504942536919502, 0.01949972307350559, 0.007297955893731707, 0.027950124879347702, 0.0049882957021662845]], [[0.8879522826048944, 0.039237915633746664, 0.027908810167392956, 0.007851680838956798, 0.03206101505155718, 0.004988295703452082], [0.8226387266448694, 0.0840454703976969, 0.031032662086580252, 0.02246393739973433, 0.028197607246172946, 0.011621596224946157], [0.9010908322763951, 0.0290491557617022, 0.012650223319399698, 0.004989636077757396, 0.04004599319735632, 0.012174159367389352], [0.07205029881077467, 0.02453093255191616, 0.012357621636632342, 0.008690921331075326, 0.8702966682813956, 0.012073557388205883], [0.6930681240394896, 0.05150705823538359, 0.013303850922676084, 0.019914398477522917, 0.2093161077156178, 0.012890460609310034], [0.9065245231114869, 0.028401139373046183, 0.014093931663642308, 0.004990369523912686, 0.03208318162835, 0.013906854699561877], [0.9278912919847259, 0.025254032372615923, 0.01491624804537585, 0.004989251033897346, 0.012212368918823773, 0.014736807644561369], [0.031337561019157543, 0.021312922500550367, 0.015376222205477016, 0.004988037065429728, 0.9118380102340694, 0.015147246975315951], [0.0311103944905508, 0.020857827642276297, 0.01532090336691637, 0.00498774844204534, 0.9126211448724981, 0.015101981185713058], [0.9254001553183474, 0.024756933502644872, 0.014834784399200242, 0.004989099793891868, 0.015336677706463355, 0.01468234927945226], [0.9337363714912464, 0.021857396494029666, 0.01474643268097378, 0.00498758525048901, 0.010092593353612388, 0.014579620729648786], [0.9277972131552359, 0.021517819913744, 0.014153311469702333, 0.004987394872610617, 0.017549963366978703, 0.01399429722172849], [0.02157384931702029, 0.020994960596364295, 0.014853784049203608, 0.0049874913631864385, 0.9229418636885277, 0.014648050985697735], [0.02325565441399318, 0.02127784220009294, 0.014804715101104798, 0.004987003457828929, 0.9210639769687743, 0.014610807858205652], [0.9305213063919135, 0.02167747301726517, 0.014732798894992466, 0.004987517559533822, 0.013507780013261968, 0.014573124123032953], [0.9154179305077227, 0.030025129195086327, 0.017473414324448534, 0.0049924455222198705, 0.014820688799107163, 0.01727039165141549], [0.9041955833255002, 0.03442157238402166, 0.0171624313671687, 0.010346866600834316, 0.01692222765340447, 0.01695131866907071], [0.3262455330949723, 0.04023788987458957, 0.014906817935466086, 0.023873530884143856, 0.5802187997616997, 0.014517428449128598], [0.8867466821687985, 0.034255639719935185, 0.017194519125584253, 0.004993727594690743, 0.03983635166108581, 0.01697307972990545], [0.9151299940266463, 0.030136515925090424, 0.0181217063871479, 0.0049927785773420845, 0.013681275234359216, 0.017937729849414125], [0.9338337644278756, 0.02024426070530241, 0.015825839994992746, 0.004987168384445833, 0.009412154288401219, 0.01569681219898223], [0.92992252894075, 0.020490589758100627, 0.015849489232030833, 0.004987297188774963, 0.013031020326427289, 0.015719074553916457], [0.030567629234203617, 0.022680695149639756, 0.016480085292781294, 0.004988775878695186, 0.9090778885079043, 0.0162049259367758], [0.9178611716205093, 0.02549079987751659, 0.016400289496561842, 0.004989185136582682, 0.01905478823031799, 0.016203765638511537], [0.034800528355065107, 0.026468170715978595, 0.016332037704155457, 0.0074852112665020395, 0.898895301341522, 0.016018750616776774], [0.9269446860899733, 0.021450143807254032, 0.013094194994663315, 0.004986713188597971, 0.020583664846807105, 0.012940597072704202], [0.9282789979043894, 0.024397769345221098, 0.013307898053995014, 0.004988170202477349, 0.0159165847577819, 0.01311057973613514], [0.929605901587748, 0.0212860546024217, 0.013642529733217189, 0.004986766009075224, 0.01699713879852962, 0.013481609269008361], [0.025474193055191285, 0.01845954920007853, 0.013750336122918346, 0.004986190490281914, 0.9238021881484612, 0.013527542983068604], [0.9423429021105039, 0.01576619763847394, 0.013065305842081586, 0.0049845988650310145, 0.010875561606939461, 0.012965433936970246], [0.947353000048412, 0.015211996154506139, 0.012989407229520427, 0.00498443038252885, 0.006580978851156052, 0.012880187333876414], [0.9328166576895718, 0.021949589656723015, 0.013710566384783456, 0.006775221550378274, 0.008336054890041515, 0.01641190982850209], [0.09400970495972111, 0.06230946663721529, 0.006092425816672925, 0.011575781476637213, 0.07839357114129573, 0.7476190499684578], [0.7893159613150017, 0.05768844455695239, 0.006654770833667427, 0.04438843039581118, 0.08977764557623072, 0.012174747322336615], [0.9322108011092641, 0.024962477862368812, 0.012837193345527503, 0.007817272044890937, 0.009476772644771531, 0.012695482993177113], [0.9056540498279627, 0.023784860794202792, 0.013111876125130772, 0.02210241273433059, 0.02235630838359048, 0.012990492134782657], [0.8970887853067044, 0.020786612174225286, 0.0164904305174771, 0.021134919868258255, 0.028095576633265756, 0.016403675500069118], [0.9005737045596798, 0.020270509962956602, 0.016547968240608363, 0.020113403505455364, 0.026114456080552136, 0.016379957650747755], [0.8463143239067179, 0.031021729006033213, 0.02183384872789607, 0.027729011341725472, 0.060661175708033845, 0.012439911309593562], [0.9035644609593105, 0.03565416345008799, 0.019982011545330858, 0.007364228293276008, 0.02844684004937372, 0.00498829570262098]], [[0.883167079691777, 0.04150533551222314, 0.027484295040434075, 0.008074798255125512, 0.034780195795550375, 0.004988295704890003], [0.81792387737397, 0.08429838269289845, 0.031116441236539005, 0.02257705670066667, 0.032491113786579866, 0.011593128209345993], [0.5182443638863213, 0.056386752313124094, 0.014140052839820776, 0.022129027247435522, 0.37592861817764034, 0.013171185535657992], [0.26914769114418136, 0.0247383982257765, 0.012448988917186776, 0.008739575782211554, 0.6727554100938014, 0.012169935836842416], [0.08825556581796216, 0.024080817230246663, 0.012406610844184358, 0.00863732026093753, 0.8544636600801, 0.012156025766569281], [0.9048838348972762, 0.027707803936505692, 0.014046080355669252, 0.004989996631073639, 0.034505683378398176, 0.013866600801076974], [0.9341642056749886, 0.021439349852498422, 0.014704713736115486, 0.004987514129493275, 0.01014786019161087, 0.014556356415293157], [0.9300093540470481, 0.021441389724338237, 0.014724094245815793, 0.004987359146302628, 0.014231515879486225, 0.014606286957008956], [0.9278387231706927, 0.020790263706263162, 0.014653737600230587, 0.00498694623802539, 0.017201378518899996, 0.014528950765888102], [0.9352413617645077, 0.020533607719881615, 0.014621530562938237, 0.004986819317932993, 0.010117395401909203, 0.014499285232830323], [0.9320221090628974, 0.020721046394078735, 0.01462819624409082, 0.00498714574766953, 0.013155610952394238, 0.014485891598869295], [0.9384350389364263, 0.018977065730664162, 0.014432463281282018, 0.004986355769637801, 0.008853347403194264, 0.014315728878795505], [0.9347567485322067, 0.019071891497262725, 0.014444534050634053, 0.00498642853607391, 0.012409795163722752, 0.01433060222009979], [0.9380242936502441, 0.017020635230505177, 0.014230976303814266, 0.004985473516410272, 0.011599450262599832, 0.014139171036426508], [0.93886513625692, 0.018723682345829915, 0.014418540964425812, 0.004986223697086842, 0.008703770510856208, 0.014302646224881132], [0.9168536535130438, 0.02664502085774841, 0.018011712286869083, 0.004990307306933728, 0.01569073503217762, 0.017808571003227455], [0.8883938957481755, 0.03462571320109711, 0.017237674543965267, 0.004993442734432168, 0.037735307849416214, 0.017013965922913734], [0.8826126260300519, 0.03468884501785748, 0.017247734023527334, 0.004993688110805885, 0.04345290442162618, 0.01700420239613117], [0.8821299627921276, 0.035823755616737875, 0.017464137318526883, 0.004993752693348246, 0.042397411993698106, 0.017190979585561195], [0.9162953433216036, 0.02689534345795209, 0.017317061074416048, 0.004990167649204619, 0.017391692594967756, 0.017110391901855756], [0.9232333785647356, 0.02730689760569311, 0.016330732637743758, 0.004990514672298314, 0.011976497283741642, 0.016161979235787483], [0.9226924813935556, 0.02466079393478734, 0.016282537734264625, 0.0049888916533315595, 0.015246402727127961, 0.01612889255693285], [0.9186715447784884, 0.024898782085307793, 0.016341221534497807, 0.004988940915450108, 0.01893134374106891, 0.016168166945186767], [0.9273263968395721, 0.023792455794889027, 0.016207163138311522, 0.004988520256309863, 0.011620698863398565, 0.016064765107518853], [0.9204951765808767, 0.024278734995581582, 0.01623986474288135, 0.004988970321625355, 0.017946706761727972, 0.01605054659730703], [0.9074693935544034, 0.026879534508121427, 0.01300226238830588, 0.004988929096610527, 0.034833734888427115, 0.012826145564131716], [0.05136517581198145, 0.020626214839736645, 0.009086546925752224, 0.004987499075837062, 0.9050902647560892, 0.008844298590603417], [0.04768053061157912, 0.