{"prediction": [[[0.827197150662148, 0.05927319644144327, 0.04850947713925977, 0.012131394296275437, 0.047892218202311154, 0.004996563258562095], [0.8280704158932365, 0.05836639890545652, 0.04719310792637243, 0.012085294151661482, 0.0492882198650329, 0.004996563258240144], [0.8205119379279736, 0.06317977361253346, 0.046595098912021904, 0.012557245176155687, 0.052159381112759876, 0.004996563258555559], [0.8360337101095308, 0.06134589165742844, 0.03590099684851561, 0.012379191981292545, 0.04934364614867374, 0.004996563254558962], [0.8383744455229208, 0.061853986911748114, 0.03261400493564311, 0.012419321573779377, 0.04974167780168589, 0.004996563254222825], [0.8364733857719513, 0.06136636171310389, 0.035369890430309296, 0.012382458152139331, 0.049411340678003374, 0.0049965632544928616], [0.8368912118079522, 0.06139655557057974, 0.03485115645563715, 0.012386099827682191, 0.04947841308372189, 0.004996563254426874], [0.835623292568041, 0.0609670704209262, 0.03669558088514341, 0.012376422231068156, 0.04934107064027457, 0.004996563254546552], [0.834256191174553, 0.06054628294586306, 0.03867002415094708, 0.012346324120693902, 0.04918461435321304, 0.00499656325473015], [0.8419426354232938, 0.0570003725263623, 0.03803295680244231, 0.01194637259513468, 0.046081099398321244, 0.004996563254445715], [0.8440773955430138, 0.05696137497743427, 0.03581861861354366, 0.011942960592374895, 0.0462030870193117, 0.004996563254321728], [0.8408489363732307, 0.05439700096273474, 0.04330208328995532, 0.011693297748251561, 0.04476211837206627, 0.004996563253761329], [0.8399248578756008, 0.05370229248549509, 0.04470094555729341, 0.011646233045719614, 0.045029107781943224, 0.004996563253947971], [0.8299199108490514, 0.0574349918823529, 0.04602714380474772, 0.012027944655551797, 0.04959344555063837, 0.0049965632576577995], [0.8299199108490514, 0.0574349918823529, 0.04602714380474772, 0.012027944655551797, 0.04959344555063837, 0.0049965632576577995], [0.827870089231391, 0.05981455990796875, 0.04590739570372758, 0.01218635923806062, 0.049225032660342234, 0.004996563258509649], [0.8278168834578836, 0.062469635420868905, 0.04223940494894174, 0.012416210870550753, 0.05006130204300366, 0.004996563258751397], [0.8327254493750291, 0.06354754222258036, 0.03536271547317263, 0.01251227118967555, 0.050855458481159396, 0.004996563258383136], [0.8302241863983799, 0.060916694725630334, 0.04073924408503553, 0.012338069130171473, 0.05078524240263531, 0.004996563258147398], [0.831617121369652, 0.060938882282965796, 0.03933341329589144, 0.0123348974526538, 0.050779122340656874, 0.004996563258179958], [0.872102367549606, 0.04665711652472686, 0.027907530610360512, 0.009411419271084794, 0.038930124023354315, 0.004991442020867531], [0.8692987501066768, 0.046374136071746584, 0.031361761146020316, 0.009389206979718649, 0.03858470367487028, 0.004991442020967517], [0.8695911411934562, 0.04636514898374982, 0.03100761014686644, 0.009390798630305784, 0.03865385902468085, 0.004991442020940883], [0.8711904256770902, 0.04635676380870085, 0.029287314831889275, 0.009390572958351998, 0.03878348070305627, 0.004991442020911353], [0.8708295540975882, 0.048351895800446715, 0.0277377291291102, 0.009518273212204971, 0.038571105739410534, 0.004991442021239552], [0.8940089387988044, 0.03741735986860007, 0.024747757281071286, 0.007581295306812217, 0.031256353039707675, 0.004988295705004291], [0.8940166948067737, 0.03950573558564204, 0.022101302585493, 0.0077389258013251415, 0.03164904551555457, 0.004988295705211545], [0.8948520695871672, 0.03742885712435615, 0.023900435768081853, 0.007579068640947382, 0.03125127317442359, 0.004988295705023981], [0.8950677898718938, 0.037418400268940846, 0.023640228073393485, 0.007579912591835311, 0.031305373488934515, 0.0049882957050020466], [0.9005436230698138, 0.03502737257214525, 0.023893137122192282, 0.00733709334029751, 0.028210478192766186, 0.004988295702784963], [0.8948520695871672, 0.03742885712435615, 0.023900435768081853, 0.007579068640947382, 0.03125127317442359, 0.004988295705023981], [0.8948520695871672, 0.03742885712435615, 0.023900435768081853, 0.007579068640947382, 0.03125127317442359, 0.004988295705023981], [0.8928658192632745, 0.038421593735393174, 0.02540993480070585, 0.007625859869413142, 0.030688496625769546, 0.004988295705443929], [0.8926994287709116, 0.036475562725924456, 0.027621817906297384, 0.007487793848389677, 0.03072710104332997, 0.004988295705147094], [0.8934662410134006, 0.03673302845844638, 0.026483224131371493, 0.007494146752506933, 0.03083506393910454, 0.004988295705170115], [0.8754184867895477, 0.042061034813728096, 0.034219423358484664, 0.008965158610629636, 0.03434445440933793, 0.004991442018272001], [0.868256319584478, 0.04518870486000977, 0.03422001153055468, 0.009276449243838282, 0.038067072760028124, 0.004991442021091163], [0.869143511661084, 0.0440520511798017, 0.034951432161576014, 0.009173491611477111, 0.03768807136527319, 0.00499144202078815], [0.86873654307279, 0.04376358076243245, 0.0361439564706773, 0.009150588934034044, 0.03721388873911877, 0.0049914420209475055], [0.875693185901256, 0.04162414214750152, 0.036169616317486976, 0.008891952610276541, 0.03262966100478023, 0.0049914420186989205]], [[0.8275666476276291, 0.05807946555498908, 0.04801635211972267, 0.01208741616726137, 0.04925355527224104, 0.004996563258156897], [0.03204274411344464, 0.026020087509594968, 0.015680384659322512, 0.025328952677506, 0.8803130862681174, 0.020614744772014516], [0.910825639522233, 0.018188905113318832, 0.013687044830164771, 0.011980654113686944, 0.024415610041829426, 0.020902146378766896], [0.9020376754386328, 0.02188254162617984, 0.01714554587919403, 0.014135330579782498, 0.023423763925512306, 0.02137514255069864], [0.8787198747084825, 0.02625373126485391, 0.020374778420128237, 0.02031869194497668, 0.03320218319339972, 0.021130740468158948], [0.8982070561920734, 0.02657110417292387, 0.01774454679838352, 0.01637649730317966, 0.019498939353309857, 0.021601856180129712], [0.8993046946549443, 0.02218456581582499, 0.017356702847299815, 0.014255461278170236, 0.025456457721718704, 0.021442117682041968], [0.9106913233748105, 0.02213226449652199, 0.01662615304065215, 0.009435284627116977, 0.01973047514135094, 0.02138449931954748], [0.9253920301677593, 0.01878090298463676, 0.012961310729539401, 0.00809658842938494, 0.013936967412081813, 0.020832200276597754], [0.9297725868361706, 0.014534697547196551, 0.009557446640799723, 0.007560459572512527, 0.018185347444253888, 0.02038946195906673], [0.9272595068110713, 0.015641062518540035, 0.009022832744700972, 0.007652738774251228, 0.019922886598874937, 0.02050097255256156], [0.930774637831531, 0.014114508513887698, 0.009399952924283275, 0.007403013164334505, 0.0179653865577121, 0.020342501008251395], [0.9343119985915653, 0.013998121699959828, 0.009479068971740702, 0.007371092324015696, 0.014572975041261064, 0.020266743371457445], [0.8275891960252744, 0.0565624821838707, 0.04488039897408558, 0.012054490414588444, 0.053916869144994446, 0.004996563257186553], [0.0256686763321419, 0.018335159211201973, 0.012137743343158099, 0.016956266658136057, 0.9066985210469553, 0.020203633408406675], [0.9207825654642157, 0.01509501450159366, 0.009523247920763443, 0.007589462597390673, 0.026522389142603842, 0.020487320373432736], [0.022212465440438076, 0.018805963576663587, 0.012261537733697134, 0.017427470904969374, 0.9089496489114419, 0.02034291343278996], [0.02945395295696317, 0.026877590922980373, 0.014851541109456554, 0.025782287272962195, 0.8823515755710201, 0.0206830521666177], [0.9304051023370163, 0.014362664653575965, 0.009330559195831313, 0.007566789036149874, 0.017977175197714433, 0.020357709579712027], [0.9182174576820488, 0.014519912148581227, 0.009379620278377434, 0.011413892905233815, 0.02601198572860846, 0.02045713125715031], [0.027613360839227573, 0.024059766557086963, 0.011859578586443627, 0.022995580587052842, 0.8950983414677118, 0.018373371962477247], [0.9335269206400753, 0.015690122723625126, 0.010466952419346176, 0.006843112092291697, 0.015115594692088362, 0.01835729743257342], [0.9377562593317075, 0.012908475731232546, 0.008124876447476332, 0.0067466385699690755, 0.016368577330872297, 0.018095172588742367], [0.027717320046796, 0.024055958078358166, 0.012384783743546464, 0.023001582870038666, 0.8944656535930027, 0.01837470166825809], [0.9316350351182328, 0.013922265006593723, 0.007914011463558813, 0.0068711154330083225, 0.021450937665340272, 0.018206635313266075], [0.024841616177589836, 0.014719150761857721, 0.00960731308991569, 0.013799393329255437, 0.9207342773586128, 0.016298249282768552], [0.9396992935455334, 0.011717472801780714, 0.007371041930352574, 0.006131060698807239, 0.018780291596571123, 0.01630083942695505], [0.024859170302434532, 0.0149505334672939, 0.009208148139018565, 0.013895466343158046, 0.9207967089659247, 0.016289972782170228], [0.9375823065396834, 0.012407818946283846, 0.007976409079180923, 0.00638435107577691, 0.01924662890475125, 0.016402485454323514], [0.9407200051784056, 0.014957296205854897, 0.010119195721782114, 0.006461715450620823, 0.011095507875738505, 0.016646279567598146], [0.9240443236605655, 0.015011425287027652, 0.010435445515152865, 0.009793986348550351, 0.02398494000038337, 0.016729879188320206], [0.02957737599159469, 0.02559478501874821, 0.013543872653969462, 0.02152713033010313, 0.893012723866204, 0.016744112139380495], [0.9335879984096089, 0.014957771510514254, 0.010443633968169608, 0.006532163462884244, 0.017822063633594988, 0.016656369015228076], [0.029297877369478448, 0.024453765672161655, 0.014522732871917046, 0.021071496532234866, 0.893967482855513, 0.016686644698695036], [0.8905243391123834, 0.038634959210780334, 0.02340887311982494, 0.007763458913454763, 0.03468007393883681, 0.004988295704719896], [0.9427226784322431, 0.012407326287643504, 0.008418822851223383, 0.006527278838748545, 0.012020284148327101, 0.017903609441814326], [0.927242774161474, 0.012472285186843197, 0.008808500189167914, 0.009989390102373335, 0.023292877601905907, 0.01819417275823566], [0.02627266880686373, 0.022640573424479206, 0.013118684703928529, 0.022104266935265803, 0.8975215963081442, 0.01834220982131856], [0.9335727089408429, 0.009942987541038733, 0.007598835592913016, 0.008035579229818839, 0.022955177292711675, 0.017894711402674957], [0.8763922314947159, 0.040384538611898835, 0.0358302618496344, 0.008813575906193612, 0.03358795011973067, 0.0049914420178266885]], [[0.8276548263781244, 0.06186197082080101, 0.04356159081710733, 0.01234558321197878, 0.04957946551304478, 0.004996563258943756], [0.9149449588448297, 0.014260825734617318, 0.009953909032137838, 0.011323573542596364, 0.029043422194148474, 0.020473310651670233], [0.9216817306324957, 0.023665837763300623, 0.019860289428373815, 0.004995391303505013, 0.010205824461312718, 0.01959092641101213], [0.913780789694154, 0.02953934323986721, 0.020243342253318128, 0.0049916844579049125, 0.011551986233573315, 0.019892854121182416], [0.8354535953416068, 0.07874664855041126, 0.020416601632649, 0.012525323477597999, 0.03291427164953398, 0.019943559348200954], [0.833696874013767, 0.043111410905345676, 0.019908160695057547, 0.013987986796310258, 0.06989127564412982, 0.019404291945389757], [0.8263814778001778, 0.043524954137508384, 0.01995095826324607, 0.0139818987740696, 0.07672263600225203, 0.01943807502274604], [0.03927816586786275, 0.028351104280365868, 0.02139287408269334, 0.004991878642533456, 0.8850864124444989, 0.020899564682045804], [0.9091120565719807, 0.024585760987427298, 0.019749728020960623, 0.004989132023677664, 0.02198625480007606, 0.019577067595877698], [0.019576535843683185, 0.020026544336213942, 0.019122880903232112, 0.004988365348555251, 0.9174391602127785, 0.01884651335553703], [0.016163902544244324, 0.019915665771859575, 0.01910290910444151, 0.004988359427648856, 0.9209881914504716, 0.018840971701334093], [0.019254021068083507, 0.020025330799360214, 0.01914256139429187, 0.004988305611410324, 0.9177638336148918, 0.018825947511962426], [0.9235829715695489, 0.015704588222611986, 0.009111633410533131, 0.0076994676479229494, 0.023392197262549676, 0.020509141886833258], [0.8327666951278803, 0.06738234061731907, 0.027771983892134443, 0.012811922958246949, 0.05427049414721833, 0.00499656325720091], [0.82980690760612, 0.06628528582858878, 0.03222667078421969, 0.012733637370565773, 0.05395093515244198, 0.004996563258063921], [0.02517405455205625, 0.01915115623769753, 0.011900862080865013, 0.017394624456846395, 0.9061066187564678, 0.020272683916066913], [0.9232627098401137, 0.015672958802240195, 0.009377638848076991, 0.007782073039960079, 0.0232982649412181, 0.020606354528391026], [0.9229825235670289, 0.01924743136008853, 0.019312535298789263, 0.004988640357745527, 0.014276353305794043, 0.01919251611055361], [0.9242298185881272, 0.020578810821808204, 0.019520975001652906, 0.004988740938824918, 0.01137921025822763, 0.019302444391359197], [0.9188023528594108, 0.023369077288597415, 0.019590151698001965, 0.004988925326131384, 0.013846496477865676, 0.019402996349992777], [0.01945861089496334, 0.019831618388334984, 0.017283588702973172, 0.004987549081943134, 0.9214288752418502, 0.01700975768993522], [0.9271974515589957, 0.02055940977420391, 0.017392010926884575, 0.004987266747832771, 0.012631349872926296, 0.0172325111191567], [0.9269603432599224, 0.020722154530779944, 0.017406370288419074, 0.004987321900145261, 0.012678196163816245, 0.017245613856916923], [0.0195077485577733, 0.019912903644876946, 0.01729572395988865, 0.004987573626428235, 0.9212864793825379, 0.01700957082849496], [0.9267167282483876, 0.01888194957483061, 0.0173981578498235, 0.004987301282452653, 0.014762182558402994, 0.017253680486102617], [0.9371435981549822, 0.014916845350272559, 0.015438569269435867, 0.00498552803297519, 0.012205114804784345, 0.015310344387549739], [0.934984621744343, 0.015768815943819004, 0.015534119004832793, 0.004985536921664639, 0.013303508846844855, 0.01542339753849561], [0.9316754460994754, 0.015645148673347722, 0.015524654301309783, 0.004985636280827496, 0.01675596005377178, 0.015413154591267833], [0.022310985893696424, 0.01799773629198832, 0.015564041269806116, 0.004986109919262322, 0.9238234628839723, 0.01531766374127449], [0.9217451669954668, 0.024074904790784758, 0.016255445904382843, 0.004988351240242178, 0.01694366462908277, 0.015992466440040622], [0.03111460027637797, 0.022195241773736284, 0.01665905530815631, 0.004988085206403206, 0.9087794515917824, 0.016263565843543864], [0.8210161687538264, 0.1260121074519468, 0.01641842964228287, 0.0049941676945675605, 0.01541966291610005, 0.016139463541276194], [0.9274358904478804, 0.02511446630969831, 0.016334675030341052, 0.004992330957993024, 0.010090149722260066, 0.01603248753182725], [0.9291067256915682, 0.01815451533495499, 0.011538355666225554, 0.007677262708933265, 0.016442659119081278, 0.017080481479236808], [0.9278717897434329, 0.01515177013985256, 0.00983006934053582, 0.009793100623364383, 0.020704940789736493, 0.016648329363077814], [0.8711186001731615, 0.047021937513186896, 0.023882145063023847, 0.009513514900268399, 0.04347236033006581, 0.00499144202029348], [0.9267781269419857, 0.012871202390813399, 0.008568336430019892, 0.010105438533491199, 0.023534617225955626, 0.018142278477734166], [0.026046045492815778, 0.02264393934369522, 0.012625104192474378, 0.021996988593631993, 0.8983578793792846, 0.018330042998098053], [0.9341691025583019, 0.009788009941785745, 0.00731513365637684, 0.007985147798440808, 0.022804937423972507, 0.017937668621122213], [0.8763072000364927, 0.04069693171182538, 0.03476069290499667, 0.008848822597033667, 0.03439491073159375, 0.004991442018057957]], [[0.8322761357183533, 0.06127710056630802, 0.038256834882951014, 0.012354426836860702, 0.05083893873728063, 0.004996563258246375], [0.03206912199238079, 0.030036591103331445, 0.01641257789581328, 0.02588722322908909, 0.874730000792277, 0.020864484987108346], [0.9195561708457575, 0.02297645900518447, 0.01957793921468848, 0.004989067649879038, 0.013521714765108552, 0.019378648519381904], [0.9110684665696727, 0.03270064568346722, 0.02029213673016548, 0.004993683587143568, 0.010868445189126184, 0.02007662224042491], [0.8342664371481096, 0.07398041391744976, 0.02010552919482496, 0.012358924248052251, 0.03943864647767346, 0.019850049013889936], [0.5272986268512936, 0.11951508339822982, 0.02329022180870122, 0.03590356026665868, 0.2713647385008214, 0.02262776917429538], [0.8199886130516887, 0.04157858843938052, 0.01956091868077082, 0.013807085424260523, 0.08579233158511869, 0.019272462818780707], [0.04229204710313872, 0.031164646991467516, 0.0218116451131915, 0.004992573815102942, 0.878235664485848, 0.02150342249125125], [0.021073021467778296, 0.02276303396138005, 0.019416527303098192, 0.004989286552244637, 0.9125501807860963, 0.01920794992940248], [0.9151438387797175, 0.02250318804098638, 0.019546477368903553, 0.004988394893655286, 0.018402918414749413, 0.019415182501987982], [0.920390388088944, 0.01974826511467442, 0.019448869007181596, 0.004988375123625755, 0.01610684290124654, 0.019317259764327636], [0.9166761224208226, 0.02013666956563367, 0.019451532264500488, 0.004988666329871091, 0.019410167030771686, 0.01933684238840041], [0.01907014926448287, 0.02187949920831645, 0.008136832112329243, 0.01846163478371244, 0.9119588486468234, 0.020493035984335654], [0.015596082010118095, 0.020039962357970478, 0.007132651163846049, 0.018462703475264432, 0.9185287321591742, 0.020239868833626863], [0.01852234852586823, 0.019984325289183973, 0.0075951804513333734, 0.01837480486750284, 0.9153436989134542, 0.020179641952657364], [0.836239026668572, 0.06970366275495306, 0.02067070772690039, 0.012989200885317373, 0.05540083870915786, 0.004996563255099425], [0.9307784346083436, 0.016535953701077206, 0.00743531971108633, 0.00790424308644173, 0.016938515962780534, 0.020407532930270592], [0.9321719263280963, 0.015069916106420306, 0.006553895727644501, 0.00771170888450078, 0.018176061042965673, 0.020316491910372447], [0.9194307113379718, 0.022787915365838952, 0.019452810463211113, 0.0049891816181484895, 0.01394605960380683, 0.01939332161102289], [0.9130325217057077, 0.029078033180546088, 0.020193283259614666, 0.004991559638143937, 0.012758782387047377, 0.01994581982894032], [0.9195890407075878, 0.02490850877489818, 0.01783461683683088, 0.004989687846941647, 0.015014121758126255, 0.017664024075615212], [0.9166459059186665, 0.029375575295899525, 0.01806508207586616, 0.004991690470332924, 0.013051631221748518, 0.017870115017486355], [0.9219389164424522, 0.025765760842538097, 0.017924562083863553, 0.004989939244766761, 0.011657972195877223, 0.01772284919050214], [0.9191020716162249, 0.02536530096088949, 0.017893902510021396, 0.004989688225385155, 0.014943242801022301, 0.0177057938864567], [0.9277240312935474, 0.019852881164108622, 0.017313340027396092, 0.004987236080971538, 0.012924825253546095, 0.017197686180430074], [0.9375158342948824, 0.014395341664971252, 0.015381028710667228, 0.004985353759889344, 0.012435966258787174, 0.015286475310802553], [0.022791848493190495, 0.015241703255753712, 0.01524740447753119, 0.004985678554032253, 0.926634575406678, 0.015098789812814359], [0.9378378264284418, 0.014129150158556422, 0.015345006764717584, 0.004985296395705488, 0.012439055439180984, 0.015263664813397717], [0.9342469051960831, 0.01768742293923336, 0.015568487180779253, 0.004986002795173475, 0.01204008020458987, 0.01547110168414101], [0.9298749470890281, 0.022665991397307118, 0.016063623446940452, 0.004988345620503365, 0.010497159107342018, 0.015909933338878912], [0.89410619254571, 0.023891134374412162, 0.011959075853739953, 0.008983275161155217, 0.0492608564954406, 0.01179946556954213], [0.7059200729303949, 0.025357567488955915, 0.011960339361590074, 0.19851960001927613, 0.04643993464318463, 0.011802485556598382], [0.7040352449288185, 0.024701520876209547, 0.012059181390550996, 0.19842809167133257, 0.04891438938735685, 0.011861571745731502], [0.9257157413513597, 0.023350024145355197, 0.016103926102692203, 0.0049923871748705426, 0.013873410449229842, 0.015964510776492427], [0.025744200872452633, 0.017715353258881766, 0.006521628494350026, 0.014611177772826844, 0.9189188447175797, 0.0164887948839091], [0.9380906963755699, 0.013112401223830034, 0.007329519473497509, 0.006778961538933225, 0.016688458154078087, 0.017999963234091355], [0.875815282059309, 0.049171218118439365, 0.016614482263366467, 0.009659094051649688, 0.04374848148889612, 0.004991442018339417], [0.8689635263547416, 0.045481003229493146, 0.028439152622366497, 0.009376108000087504, 0.042748767772483896, 0.004991442020827249], [0.9374652829131489, 0.009818461635733052, 0.007396101846257599, 0.007929748522165958, 0.019512467958584547, 0.017877937124109903], [0.8763072000364927, 0.04069693171182538, 0.03476069290499667, 0.008848822597033667, 0.03439491073159375, 0.004991442018057957]], [[0.8348243841100373, 0.06171007643117552, 0.034814461747692094, 0.01237179201622813, 0.051282722436928566, 0.0049965632579384855], [0.898754608707995, 0.017148029528700134, 0.011724991871993998, 0.016379699859156095, 0.03560746928775276, 0.020385200744402063], [0.9229483101706255, 0.02284262442451492, 0.01954846281424173, 0.004988845235707497, 0.010300621910124803, 0.019371135444785314], [0.9108195452575117, 0.028214819321816458, 0.02009126688864983, 0.004991431520246272, 0.015990470739061718, 0.019892466272714106], [0.03961543746882588, 0.04473373491488812, 0.02046371601336493, 0.006691908235072217, 0.8684039373910925, 0.020091265976756475], [0.04349131397913339, 0.045960413649722726, 0.02070141517277108, 0.006903981250674502, 0.8626550848102986, 0.02028779113739973], [0.8296725938870779, 0.040311227723761237, 0.01953140488808145, 0.013601768802406645, 0.07765682464194407, 0.019226180056728766], [0.9064527695312661, 0.03015520918959076, 0.02033604364884952, 0.004992075427266638, 0.01793770844707584, 0.0201261937559513], [0.9126926793964725, 0.02407115548219059, 0.01969568057454816, 0.0049891879564009775, 0.018989107876907614, 0.01956218871348022], [0.9175813067999016, 0.02158406160355273, 0.019628244201443476, 0.004989248008886256, 0.0167330344087802, 0.01948410497743566], [0.9155677743051832, 0.02452247219071125, 0.01976199609212092, 0.004989364391916898, 0.0155492330515093, 0.019609159968558373], [0.9114870188929711, 0.025115039076747107, 0.019812615178594808, 0.004989466996313555, 0.018957159706443488, 0.01963870014892998], [0.013505612674287482, 0.023547679295456876, 0.019466860199101498, 0.004989941495795688, 0.9192628753943477, 0.01922703094101068], [0.009988872011882735, 0.024336014349392445, 0.019497289626961057, 0.00499045722537192, 0.9219061431364481, 0.019281223649943596], [0.0130632212033538, 0.023640155378883882, 0.007991590439256131, 0.019408805755760778, 0.9152947212729201, 0.020601505949825415], [0.023368490189910662, 0.02088303783699896, 0.007714249611773813, 0.018504841029814395, 0.9092511404920004, 0.020278240839501777], [0.8394331862738897, 0.06816383524033427, 0.015943227412246012, 0.012922681915471423, 0.05854050590574873, 0.00499656325230991], [0.023837285975125834, 0.019552151819026725, 0.0063449945733189544, 0.01767898765266344, 0.912393003808795, 0.020193576171070045], [0.02485390240092282, 0.0224026095605422, 0.007620765165650587, 0.018346369679279675, 0.9061831971802521, 0.02059315601335267], [0.9091672808497422, 0.02940099432473229, 0.02014928376963619, 0.004992181646495253, 0.01632730511074289, 0.019962954298651102], [0.8663481043462337, 0.030631468248056137, 0.014909102744817895, 0.010325946913875582, 0.063104245888052, 0.014681131858964698], [0.04738710470572852, 0.03646864277432677, 0.016503570745539587, 0.005511665082126108, 0.8779676393162893, 0.016161377375989727], [0.869757683664188, 0.030300213230134935, 0.01485434960668751, 0.010315425446127851, 0.06013023372163922, 0.014642094331222533], [0.9159933273230401, 0.025030314778482676, 0.017847547229857087, 0.004989743714991811, 0.018465023877649606, 0.01767404307597871], [0.02322864652667528, 0.01948013057548977, 0.017158475130024473, 0.004987435591530181, 0.9181528628404042, 0.01699244933587608], [0.9322838962631866, 0.014966954969084147, 0.015467632863182633, 0.004985389487330769, 0.016914261014995817, 0.015381865402219917], [0.9374892562894641, 0.014359631315743549, 0.015370951644245769, 0.0049853952616970695, 0.012510991665702274, 0.015283773823147126], [0.9395372281455479, 0.016572310519051087, 0.015457574080885297, 0.00498543278004448, 0.008080056258748395, 0.01536739821572279], [0.9376756549538038, 0.018230439908265027, 0.015593064205013022, 0.004986215699500642, 0.00803509753998775, 0.015479527693429716], [0.9253001318387495, 0.027544810819602146, 0.016376944072307952, 0.0049906926819014985, 0.009595800161908917, 0.01619162042552986], [0.892599845790326, 0.0250516111960873, 0.011980047260828247, 0.00842434068191011, 0.05013914314556306, 0.011805011925285257], [0.5167003999136808, 0.2372368067748091, 0.013283135242868206, 0.03484379971900258, 0.18502511877861713, 0.012910739571022218], [0.034621998913784556, 0.035998122211763635, 0.01613654886619337, 0.006145428514971359, 0.8912903970416278, 0.015807504451659224], [0.9219410815571677, 0.027709004074998593, 0.016392068372567414, 0.004990692091747808, 0.012760924625265586, 0.016206229278252868], [0.9310039666245663, 0.0199855379952143, 0.01574680263387963, 0.004987232750192043, 0.012599139914764607, 0.01567732008138313], [0.9294761573424006, 0.017951309605829684, 0.009278103542966052, 0.007322397730691332, 0.017387155210321126, 0.01858487656779116], [0.9380790662995521, 0.013044910978784413, 0.007543621531798608, 0.006741891034993748, 0.016582226376825684, 0.0180082837780453], [0.8665956062847747, 0.0441554129899694, 0.032030745121055526, 0.0092759793096288, 0.04295081427346357, 0.004991442021108051], [0.9335515483188056, 0.012001390568119455, 0.008672968726124487, 0.009606306920468297, 0.018183784734764938, 0.01798400073171735], [0.8758334076873817, 0.03991988942467512, 0.035690289867699065, 0.008778952673615458, 0.034786018328367585, 0.004991442018261115]], [[0.8425818535471915, 0.05701525792762874, 0.03755937289718913, 0.011938780261593137, 0.04590817211186494, 0.004996563254532574], [0.9234435894163907, 0.014192957733951881, 0.009672596568875516, 0.011289026709559946, 0.02097264008131678, 0.020429189489905276], [0.9229382513011523, 0.023449533247032205, 0.01957383511912571, 0.004989007824286039, 0.009671796578655495, 0.01937757592974812], [0.9066179841531933, 0.03023795482510536, 0.02035066243940592, 0.004991885374031307, 0.01766815238970949, 0.020133360818554675], [0.04234116420895484, 0.028300975150207366, 0.021584079450118084, 0.0049923422423282845, 0.8814824584061556, 0.02129898054223577], [0.9007994929500334, 0.034420585336404054, 0.020500180994351715, 0.00499410876545863, 0.018982515402143612, 0.020303116551608512], [0.9121243808788314, 0.029297182982968083, 0.0202258207983484, 0.004991984033161051, 0.013370914502827158, 0.019989716803863918], [0.9092654459859519, 0.02889690062399098, 0.020185623054395422, 0.004991754120041418, 0.016685646341418614, 0.01997462987420157], [0.021898945657902576, 0.022196965914915698, 0.019419037194548013, 0.004989156155524499, 0.9122739162617614, 0.019221978815347786], [0.017818924313859924, 0.02226933125963353, 0.01937431952322151, 0.004989206702869537, 0.9163618415386464, 0.019186376661768985], [0.040543086148659965, 0.028157731084445112, 0.02147522411006354, 0.004992254491445962, 0.8836534908068358, 0.021178213358549833], [0.03497311745257368, 0.028163842727629812, 0.021140986936836782, 0.0049922602859728635, 0.889894228889978, 0.02083556370700886], [0.0330084093544798, 0.031359340945840274, 0.021469432416695782, 0.004992848547877244, 0.8880246248239226, 0.021145343911184347], [0.0336092191971743, 0.02929800362714071, 0.021608962019581346, 0.004992761172040618, 0.8892447027264526, 0.02124635125761044], [0.03468210785028903, 0.02832008812825252, 0.021121236771745315, 0.0049925396776999455, 0.8900610711496934, 0.020822956422319756], [0.9174098675881719, 0.020590236244707873, 0.009994572567276913, 0.0084131613091134, 0.0226653589692149, 0.02092680332151509], [0.9343813103602827, 0.015203367444824003, 0.007419599586288082, 0.007711624511578759, 0.01504203375465252, 0.020242064342373835], [0.8401645538960816, 0.06854993757594074, 0.014862578947003454, 0.012920885590477965, 0.058505480738800256, 0.004996563251696138], [0.9210168977730016, 0.020708846599790935, 0.00972961116831058, 0.008372989405609389, 0.01940463241401434, 0.02076702263927325], [0.9025793303203306, 0.029508759300216757, 0.012369283156391965, 0.011377137627986887, 0.022527605501874555, 0.02163788409319918], [0.04104660511284025, 0.042089264717396324, 0.01840642311550019, 0.0062122405940597475, 0.8742492672866816, 0.017996199173521882], [0.3968512885296817, 0.08939601993576725, 0.017719546413708126, 0.027260511263109542, 0.45157134322100234, 0.017201290636731013], [0.8612041366377005, 0.031453965741456744, 0.014889497837920635, 0.010494645979655673, 0.06727940670739771, 0.014678347095868738], [0.04280818646622327, 0.026925933784500488, 0.019135417034716513, 0.0049902851330483715, 0.8872660386370245, 0.01887413894448687], [0.9183310343998107, 0.020860487970514735, 0.017449519505075693, 0.004987429301343298, 0.021031465758851613, 0.017340063064403905], [0.0219021414109912, 0.017170753612669228, 0.015398030271743959, 0.004985944360787153, 0.9253017927322553, 0.015241337611553269], [0.9315639843146679, 0.015398528551175326, 0.01550594695385487, 0.004985614243955146, 0.01712908375835095, 0.015416842177995787], [0.9348458875312708, 0.01558696448032059, 0.015526040395938178, 0.004985674287852316, 0.013623242955364358, 0.015432190349253857], [0.9303470336424732, 0.0198049041181492, 0.01581377561299682, 0.004986594076481778, 0.01335729695816007, 0.01569039559173899], [0.9182905839371011, 0.025376935920863267, 0.016373142112541688, 0.00498915245901445, 0.018775942720109393, 0.01619424285037022], [0.05925072122570224, 0.03690524055935807, 0.01281611595057315, 0.007183801115248913, 0.8713194438157328, 0.012524677333384778], [0.786543551657884, 0.0353747689681723, 0.015982793465185958, 0.004999053349272256, 0.1413750326506127, 0.015724799908872742], [0.8830418818297411, 0.03434549751778526, 0.015984933119087226, 0.004998414709013391, 0.04590990234635031, 0.015719370478022663], [0.9230966192556816, 0.025319430275478748, 0.01573823490114502, 0.0049998120780792455, 0.015308744967348825, 0.015537158522266512], [0.9221632453487767, 0.02576899873473499, 0.016446046078834337, 0.004989204940816561, 0.014462386624282803, 0.016170118272554657], [0.019513145934218965, 0.020363061178027816, 0.017336513708559872, 0.004987715373609542, 0.9207542243692097, 0.017045339436374134], [0.0220553251585191, 0.016472375940691404, 0.00919806105403642, 0.015263566050598462, 0.9189605228717435, 0.018050148924411195], [0.8665956062847747, 0.0441554129899694, 0.032030745121055526, 0.0092759793096288, 0.04295081427346357, 0.004991442021108051], [0.874974932256972, 0.03910704350953199, 0.03416137196705478, 0.008774464497034055, 0.037990745751290717, 0.004991442018116536], [0.8762335943898684, 0.04006538922307497, 0.035117256901525916, 0.008786656229022603, 0.03480566123827207, 0.004991442018236152]], [[0.8330924218081867, 0.06128580965553991, 0.03722336500658651, 0.012361022487708415, 0.05104081778385326, 0.004996563258125379], [0.9181965530323616, 0.014522518387638872, 0.00938137063622549, 0.011439774284450255, 0.025993814285251944, 0.02046596937407195], [0.9203050804526671, 0.02080478495532204, 0.019515994779585977, 0.00498899976667156, 0.015056703902076396, 0.019328436143676703], [0.9166068996930359, 0.023733045788153422, 0.0196682796485842, 0.00498905708046958, 0.015465837086288979, 0.01953688070346794], [0.02183573275264, 0.02235578053703038, 0.01944114660140491, 0.004989137944215549, 0.9121524763545842, 0.019225725810124904], [0.916606463952897, 0.023740792178963323, 0.019666704992988983, 0.0049890653495614536, 0.015459823196917919, 0.019537150328671128], [0.9192792556938958, 0.022631645033093176, 0.019525494001671303, 0.0049888948198055574, 0.01418612607896437, 0.01938858437256992], [0.9228136741582974, 0.02251200187772632, 0.019505688251169967, 0.0049889267387567, 0.010793829774127905, 0.019385879199921786], [0.9212916977751003, 0.019706053625594168, 0.019399335120602452, 0.004988847149554775, 0.015336430116878146, 0.019277636212270178], [0.9170515468119689, 0.023340555779710757, 0.019624979119980467, 0.0049889870296412914, 0.015481502995512824, 0.01951242826318566], [0.9063546020187616, 0.030079376454428056, 0.02032619442068659, 0.004992140432195892, 0.018117610371444024, 0.020130076302483854], [0.8213505529288506, 0.04078998777463659, 0.01950274083628615, 0.013648204930509628, 0.08547729701154526, 0.01923121651817174], [0.8158589579154563, 0.04188499778399032, 0.019575342841702117, 0.013886396806477914, 0.08950383487344407, 0.019290469778929214], [0.04248113588901381, 0.045809816409356316, 0.02056239544730032, 0.006801105629178663, 0.8641965689690225, 0.020148977656128463], [0.9029259516832517, 0.03066884032628275, 0.020401144655345777, 0.004991969107661248, 0.020863238299341096, 0.020148855928117427], [0.9221482465459931, 0.023305073062338907, 0.019544474870391165, 0.004989112027868168, 0.010581385711936092, 0.01943170778147265], [0.934743082001421, 0.014502311326044957, 0.008136454978954986, 0.007588582539192425, 0.014646848280578988, 0.020382720873807728], [0.9308426923350067, 0.014854236900628101, 0.00803437542594717, 0.007647746977554804, 0.018370537882328872, 0.020250410478534247], [0.8329701690107871, 0.06983379244734274, 0.019653094171158493, 0.013142588749909933, 0.05940379236697765, 0.004996563253824073], [0.04860093001804144, 0.026114625693705262, 0.012577317639517248, 0.02110372632498157, 0.8698613547020853, 0.021742045621669273], [0.851348649046759, 0.03320514240162113, 0.01510004736451396, 0.010662557736700237, 0.07484155563427199, 0.014842047816133606], [0.042518188847426745, 0.041117730946769786, 0.01841217169347712, 0.006153729028196513, 0.873774101803493, 0.018024077680636866], [0.8629915957635143, 0.03148928741468953, 0.014925995860439271, 0.010417016115764215, 0.06547162231993996, 0.014704482525652813], [0.9149388961666904, 0.025824418598446294, 0.01793802149994808, 0.004990017802608793, 0.01856453034582732, 0.017744115586479054], [0.9287633977608165, 0.02082767398294801, 0.017443725721225944, 0.004987426487645665, 0.010641665502048201, 0.017336110545315666], [0.9336081446234424, 0.014643230900350817, 0.015404558346931024, 0.004985474958064804, 0.01605058673980638, 0.015308004431404535], [0.0188287811764485, 0.015776524176734787, 0.015252208642208253, 0.004985942225474469, 0.9300427173567254, 0.0151138264224087], [0.011539189751424563, 0.017305497033002076, 0.015401622963539398, 0.004986065160874887, 0.9355113306709255, 0.015256294420233478], [0.015433569170152341, 0.01791920788823061, 0.015501543809070026, 0.004986610308212772, 0.9308263085245977, 0.01533276029973648], [0.024807504852147617, 0.023035422768429962, 0.01684101939311571, 0.004989433536241177, 0.9137265330594991, 0.016600086390566426], [0.028443223985049778, 0.019612484114053995, 0.013387064591937333, 0.012134169614900001, 0.9132680615712124, 0.013154996122846416], [0.8826279745403545, 0.034636448467389024, 0.015982102535522114, 0.004998725046826778, 0.046036420189703504, 0.015718329220204153], [0.06107400681737559, 0.03735443475345116, 0.012890684931582679, 0.007291491598602192, 0.8687970650213671, 0.012592316877621353], [0.054229267681354734, 0.037548967916283635, 0.012824141587786858, 0.007169004330371038, 0.8757168351534269, 0.01251178333077689], [0.9165534200969445, 0.026950376780957172, 0.016492747293545232, 0.00498984399753195, 0.018705401933856416, 0.016308209897164617], [0.9252935441663732, 0.018453399063347954, 0.009119501922664702, 0.007493764045999178, 0.021026408299261896, 0.018613382502352956], [0.9354707514157871, 0.014192795640022777, 0.007138350151801276, 0.006878439414617245, 0.018195035937291153, 0.018124627440480438], [0.8673405637855365, 0.04484365596136763, 0.030568828070587546, 0.009332034222765703, 0.042923475938772125, 0.004991442020970625], [0.8753223530469, 0.039966431382549544, 0.0332834385957311, 0.008852635912275138, 0.03758369904453378, 0.004991442018010485], [0.8767760651129796, 0.04053635574966524, 0.03427844037293118, 0.008819323482389821, 0.03459837326391542, 0.004991442018118792]], [[0.8330924218081867, 0.06128580965553991, 0.03722336500658651, 0.012361022487708415, 0.05104081778385326, 0.004996563258125379], [0.02959433335356453, 0.027081104178658524, 0.014112299875688211, 0.02589287353645469, 0.8826440203704418, 0.020675368685192264], [0.01956623940028243, 0.020049671014502887, 0.019140761431740413, 0.004988696050394436, 0.9174090692080427, 0.01884556289503721], [0.9181668561668487, 0.018881441286253905, 0.0193522710183823, 0.004988044022486531, 0.019366940632904638, 0.019244446873123856], [0.9211858339319616, 0.019833857571281577, 0.01941558839792694, 0.004988838040802051, 0.01529335665901841, 0.019282525399009286], [0.9169146742950257, 0.023508434276653327, 0.019643345247177178, 0.004988980681690343, 0.015425311663375458, 0.01951925383607804], [0.02172662876980899, 0.022112304614098893, 0.01940425007352543, 0.004989051753024319, 0.9125666073658526, 0.01920115742368974], [0.9192840362473237, 0.022599680230483817, 0.01951249505630402, 0.0049889774186684995, 0.01422500950940304, 0.019389801537817036], [0.9235438181875181, 0.02262161171809358, 0.019479958161492256, 0.004988974868992215, 0.01001850848209952, 0.01934712858180444], [0.9205139120428484, 0.02442577810742582, 0.01966893872871959, 0.00499027763222071, 0.010877531701143504, 0.019523561787642085], [0.9087718007727338, 0.03424212358468012, 0.020438141388010516, 0.004995022748747829, 0.01134161837909633, 0.02021129312673144], [0.8363441838887421, 0.03979003880868455, 0.019481405951920088, 0.013642115631783679, 0.07155645520115465, 0.01918580051771499], [0.5470356042470337, 0.11750522637530063, 0.023259165815786815, 0.04125076571413551, 0.2484443316002013, 0.02250490624754212], [0.8298773052352431, 0.03967532858268091, 0.019444861965230497, 0.013575346536896635, 0.0782590971022143, 0.01916806057773467], [0.9109917024017105, 0.03248454794034815, 0.02028575287053223, 0.0049937834808279295, 0.011164775951962459, 0.020079437354618694], [0.9229961277431429, 0.022681752557669462, 0.01951078519943535, 0.004988865971985538, 0.010446445492672648, 0.01937602303509423], [0.9121574504701369, 0.017728094014312343, 0.010611962218150826, 0.011659604199188796, 0.02707858249866553, 0.020764306599545677], [0.02661298474820234, 0.018942002986658983, 0.008440695577134665, 0.01731797089837571, 0.9084767147197325, 0.02020963106989588], [0.8329243743900244, 0.06927506812081025, 0.020615442333174628, 0.013098328328730199, 0.059090223572993504, 0.0049965632542671], [0.9085904736146608, 0.022582325022956908, 0.01490691185333575, 0.009538236572582817, 0.023079535680800674, 0.021302517255663095], [0.03964885336069506, 0.02468864690263119, 0.018891615094455062, 0.004989932251504497, 0.8932437819507151, 0.01853717043999923], [0.9129480770479879, 0.029552590181286302, 0.018096394641413212, 0.004991776179567359, 0.016514395559375485, 0.017896766390369925], [0.9160340995006648, 0.02667990975262433, 0.018049301323848185, 0.004990146844156727, 0.016378983998746682, 0.017867558579959197], [0.03960608076397289, 0.0244333170376346, 0.018983350649219237, 0.004990110767809086, 0.8932575814147312, 0.01872955936663287], [0.9243555476226153, 0.021962385531361855, 0.017534874845380116, 0.004988320297746977, 0.013750913143317434, 0.017407958559578482], [0.9362923141755181, 0.018699722797811597, 0.015683901289260303, 0.004986396062923668, 0.008775735561760312, 0.015561930112726028], [0.9273020620840803, 0.019368346320302047, 0.015765531849422944, 0.004986520507950754, 0.01691419574607954, 0.015663343492164267], [0.019431358715065253, 0.01833607711717783, 0.0155475