{"prediction": [[[0.8661792206173946, 0.04190723954315502, 0.03743859913217092, 0.010194374074795723, 0.0342805756443964, 0.009999990988087477], [0.8666015890076546, 0.04147118568344483, 0.036615306156388215, 0.010181032097255493, 0.035130896067169515, 0.00999999098808748], [0.8671933987037925, 0.04233825625371616, 0.03462392682663196, 0.010247101370874624, 0.035597325856897295, 0.009999990988087478], [0.8723914926072575, 0.04436104278663234, 0.026479004999022324, 0.01042881081227276, 0.03633965780672776, 0.009999990988087471], [0.871274697314, 0.04415191605412644, 0.027652681919864436, 0.010438874277732026, 0.036481839446189705, 0.009999990988087475], [0.8689746569278465, 0.04425201789875401, 0.029804439923484423, 0.010468577672945864, 0.03650031658888173, 0.009999990988087478], [0.868864519393036, 0.044470933015449965, 0.02953840087873098, 0.010491530122164484, 0.03663462560253127, 0.009999990988087478], [0.8604103007007741, 0.04985284003190729, 0.030707574434542577, 0.011063085016164086, 0.03796620882852444, 0.009999990988087492], [0.8602708883899762, 0.05010538726658443, 0.030430292743832018, 0.011088295909591988, 0.03810514470192785, 0.009999990988087494], [0.8602708883899762, 0.05010538726658443, 0.030430292743832018, 0.011088295909591988, 0.03810514470192785, 0.009999990988087494], [0.8614962980227507, 0.05035184654641651, 0.029098271981133232, 0.011080346609853757, 0.03797324585175834, 0.009999990988087492], [0.8614962980227507, 0.05035184654641651, 0.029098271981133232, 0.011080346609853757, 0.03797324585175834, 0.009999990988087492], [0.8602708883899762, 0.05010538726658443, 0.030430292743832018, 0.011088295909591988, 0.03810514470192785, 0.009999990988087494], [0.8501206368434367, 0.05479738745567401, 0.032189607838302665, 0.011522370318093791, 0.041370006556405464, 0.009999990988087511], [0.8590173983891451, 0.05034400934057765, 0.029315673157766998, 0.011051561050216908, 0.04027136707420591, 0.0099999909880875], [0.860226099282377, 0.05165887507168605, 0.02747729443400286, 0.011100146513929515, 0.039537593709917204, 0.009999990988087496], [0.8593172640411026, 0.0498490191352729, 0.029852764438368658, 0.011002480688598305, 0.03997848070857005, 0.009999990988087496], [0.8606457473525356, 0.05015898891428832, 0.02817298773853733, 0.01102007359519543, 0.04000221141135589, 0.009999990988087492], [0.8708105767879902, 0.04568431020867275, 0.026037455723182234, 0.010569832400756615, 0.03689783389131066, 0.009999990988087475], [0.870965070365609, 0.045459400429388105, 0.02626280179826097, 0.010546907725704094, 0.036765828692950336, 0.009999990988087475], [0.8712625476911434, 0.045012618425151335, 0.026720890342274248, 0.01050118616796152, 0.036502766385382045, 0.009999990988087471], [0.8712625476911434, 0.045012618425151335, 0.026720890342274248, 0.01050118616796152, 0.036502766385382045, 0.009999990988087471], [0.8701357033628809, 0.044799927030556165, 0.02790938050610349, 0.01051108424971594, 0.03664391386265596, 0.009999990988087477], [0.8616502137435194, 0.04972695287313771, 0.02768953426504659, 0.010970158413327345, 0.039963149716881446, 0.00999999098808749], [0.8614831863886572, 0.049971175237926206, 0.027443718365730348, 0.010994252893606626, 0.04010767612599215, 0.009999990988087492], [0.8612305146607697, 0.05121194063468779, 0.02700974854557429, 0.011049590828281384, 0.03949821434259941, 0.009999990988087494], [0.8594619363161005, 0.051488416533432044, 0.028228959926537667, 0.011082004830755497, 0.03973869140508679, 0.009999990988087494], [0.860476116745314, 0.05104791883894439, 0.027742586103556524, 0.011031993123798826, 0.039701394200298924, 0.009999990988087496], [0.8591672185281898, 0.050735592973660086, 0.029400428666522763, 0.011014749833267395, 0.03968201901027252, 0.009999990988087496], [0.8595013629127041, 0.049268365652055425, 0.03015522793618266, 0.010934698264432368, 0.040140354246538126, 0.009999990988087494], [0.8597680159320972, 0.048785808219476756, 0.030712530385106882, 0.01088621760524427, 0.039847436869987436, 0.009999990988087492], [0.8697445027552217, 0.04429063340173518, 0.02875845094008989, 0.010466981284575098, 0.03673944063029079, 0.009999990988087478], [0.8698615142356657, 0.04407329267619552, 0.029015703513401457, 0.010444220267037476, 0.036605278319612515, 0.009999990988087477], [0.871274697314, 0.04415191605412644, 0.027652681919864436, 0.010438874277732026, 0.036481839446189705, 0.009999990988087475], [0.8687953290706525, 0.04304705997964832, 0.03177158556002692, 0.010338246320577983, 0.036047788081006976, 0.009999990988087478], [0.8671933987037925, 0.04233825625371616, 0.03462392682663196, 0.010247101370874624, 0.035597325856897295, 0.009999990988087478], [0.8664795120871366, 0.041510499745078894, 0.036558640031342945, 0.010172445720191768, 0.03527891142816221, 0.009999990988087478], [0.8679096853855278, 0.040553327945567645, 0.03647048285589344, 0.010075664070556118, 0.03499084875436761, 0.009999990988087478], [0.8696441206530245, 0.03957741184936039, 0.0362016680854057, 0.009999981922121986, 0.03457683556796535, 0.009999981922121986], [0.8681599526426217, 0.040652093548633986, 0.03714944537464148, 0.010074744796450758, 0.03396377264956471, 0.009999990988087475]], [[0.8658549124746332, 0.041530402250657406, 0.03711935711015462, 0.010198751390148995, 0.03529658578631827, 0.009999990988087478], [0.607057403876797, 0.0804870515918408, 0.06991256417357748, 0.035198167288186206, 0.18604812320064262, 0.02129668986895598], [0.8505068690678534, 0.023976342809701255, 0.020464770507607047, 0.026137289186745724, 0.05961039722311651, 0.019304331204975878], [0.8430418583528183, 0.025072125487126062, 0.020813838508134053, 0.026925761454963747, 0.06489185127957645, 0.019254564917381548], [0.8258273142613299, 0.030488435827594307, 0.024125323578159816, 0.03273465317488512, 0.0675660987900486, 0.019258174367982276], [0.827025812852226, 0.030980803383470493, 0.02440414648605282, 0.03302072119926443, 0.06531337039034847, 0.019255145688637704], [0.8244299936011992, 0.030965625911375846, 0.024442758831332068, 0.03304726339455225, 0.06785546131705728, 0.019258896944483447], [0.8088915079615373, 0.03980080023950867, 0.03356513730033806, 0.035035896131191464, 0.06326793312263743, 0.019438725244787108], [0.7815091275877502, 0.04709653389169749, 0.042733509663972685, 0.040233842594761454, 0.06899764848454398, 0.019429337777274066], [0.6722763444527231, 0.09763648267600926, 0.04013322973978022, 0.03261145550895491, 0.1392598310833817, 0.01808265653915071], [0.7700420757236566, 0.05802286689593431, 0.04616400813839537, 0.047462825721604554, 0.05874077856022803, 0.019567444960181174], [0.7732752271076075, 0.048839130214546715, 0.04476587306921972, 0.041457438285965306, 0.07221799377960764, 0.019444337543053084], [0.7747682218175769, 0.04879483946031186, 0.04477501394639228, 0.041427484375233845, 0.0708006123768202, 0.019433828023664973], [0.694207422933284, 0.08645087571573908, 0.03324219207713089, 0.029337927821968597, 0.13853551282361026, 0.01822606862826723], [0.053711021209340355, 0.0661193176879546, 0.03959487760482074, 0.034987179516567844, 0.7896093013706769, 0.015978302610639553], [0.6908957893318368, 0.07190203163552993, 0.02418337611320967, 0.02763457738777548, 0.16749640548705852, 0.017887820044589477], [0.053567951758149136, 0.05685521972782248, 0.03376278708230035, 0.03393770923352434, 0.805896118037855, 0.015980214160348713], [0.7224200340189022, 0.06437282455889573, 0.023011662459868156, 0.026804542225928405, 0.14512927786957597, 0.018261658866829494], [0.8311812805327097, 0.030907203127865282, 0.02480364603538887, 0.032976380383903034, 0.06083985828492368, 0.019291631635209392], [0.8321082257048014, 0.030672807725938216, 0.02469698690468349, 0.03289033768826298, 0.06033549503854875, 0.01929614693776528], [0.827669023180071, 0.030790516686118895, 0.024383337041802386, 0.032846148630183036, 0.06505472318873878, 0.01925625127308607], [0.8179783796409674, 0.03731442078720695, 0.031211647002408454, 0.033179831468785274, 0.06087482314303782, 0.019440897957594152], [0.8268113948396594, 0.030944310517038467, 0.024647870488310894, 0.03287979149640631, 0.06546382519066689, 0.019252807467918125], [0.7242336757844952, 0.06373988420328568, 0.022699860132532192, 0.0266082839101896, 0.1444382970003942, 0.01827999896910305], [0.053034029667836546, 0.055979904430202336, 0.033458077601496765, 0.03361727196190588, 0.8079181859062704, 0.015992530432288078], [0.7210842140706127, 0.0641098812858198, 0.022796510486554237, 0.02666339732663006, 0.14708221146330394, 0.01826378536707918], [0.05105032349943768, 0.056434076440848316, 0.03402301071540026, 0.033825814353145814, 0.8086910513340422, 0.015975723657125712], [0.046970904570427276, 0.056735214173221464, 0.03317933315103088, 0.033863876217759305, 0.8132522591291507, 0.01599841275841046], [0.7191018021821987, 0.05657254204380958, 0.019570614089148706, 0.0220254840520953, 0.16460559613146067, 0.018123961501287124], [0.04929701070304059, 0.04690945329770371, 0.03003453706533721, 0.03376263302266587, 0.82401456034477, 0.01598180556648255], [0.7391316307444475, 0.05258618377750457, 0.01968064284924351, 0.02209464478120368, 0.14809723635771282, 0.01840966148988782], [0.7443097419668335, 0.052727343041016526, 0.019389285298241656, 0.022022673133610383, 0.14313635790623377, 0.018414598654064075], [0.7412983714152586, 0.0525998142452334, 0.01979766045171161, 0.022152149677150196, 0.1457362049189232, 0.018415799291722997], [0.8270807534367332, 0.03078730595694636, 0.024678482080736502, 0.03281945055926898, 0.06537925776601922, 0.019254750200295878], [0.8253524353723777, 0.030425763321040154, 0.024702662201634844, 0.032660781334300594, 0.06761832487666032, 0.019240032893986368], [0.5666453973242417, 0.09780731612073026, 0.07971407228971615, 0.04178652149617917, 0.19372201959964197, 0.02032467316949084], [0.5786121440157632, 0.09782349557897649, 0.07968734866939148, 0.04195950829234709, 0.1812608613043683, 0.020656642139153407], [0.5837879200627587, 0.09572315623750184, 0.07794336509025075, 0.041454824044334065, 0.18029836142729322, 0.020792373137861326], [0.5848035638534153, 0.09521358118747775, 0.07805563403592519, 0.04132649994673276, 0.1798736374396003, 0.020727083536848864], [0.8670104904632432, 0.0407831313211008, 0.037137654457483106, 0.010130113429144641, 0.034938619340940814, 0.009999990988087477]], [[0.8557338832218977, 0.045659197947749024, 0.03967270415262214, 0.010589279207543796, 0.03834494448209994, 0.009999990988087501], [0.8432865533271628, 0.024128522269967475, 0.020589236846921245, 0.026059530326033475, 0.06669303951654905, 0.019243117713365995], [0.8185557987220851, 0.06666678985507464, 0.01932432599209006, 0.009999990473276602, 0.06648297573716344, 0.01897011922031015], [0.8028241098408369, 0.07935351720341363, 0.01913859055883219, 0.009999991035364208, 0.06974221039715563, 0.018941580964397457], [0.07287497867177987, 0.06728982678829575, 0.02014159430662907, 0.009999995579113142, 0.8098737872617033, 0.019819817392478813], [0.7975148637136641, 0.08155789626443681, 0.01912583837363837, 0.009999991138375878, 0.07286801776239459, 0.01893339274749024], [0.07142776613017374, 0.06869596740876086, 0.020113106025988658, 0.009999995705224576, 0.8099479039759145, 0.019815260753937695], [0.07294689824381669, 0.07906604169414391, 0.020246443068860368, 0.009999996080116438, 0.7978549571318256, 0.01988566378123695], [0.7475028421710759, 0.1304063082519804, 0.019127599419526013, 0.009999992114550754, 0.07424604600444122, 0.01871721203842579], [0.7865825593627396, 0.11339340541022892, 0.01978589828282728, 0.011076711615057229, 0.050023040086024866, 0.019138385243122186], [0.7919730787658119, 0.10595225796505527, 0.019805354792378178, 0.011239922967563543, 0.05184165081674491, 0.01918773469244599], [0.1068325840109524, 0.2201931278814964, 0.021893341944638045, 0.026703573425595293, 0.603532575749995, 0.02084479698732282], [0.7459303966777895, 0.14704363651271848, 0.020089589604910772, 0.017107304769284917, 0.05025137733200353, 0.0195776951032928], [0.7404175974266977, 0.13710430137668617, 0.019139419965867474, 0.00999999226088927, 0.07467567353342879, 0.018663015436430477], [0.7421860077526737, 0.13255151116566072, 0.01912737000906147, 0.00999999211578605, 0.07744653136169434, 0.018688587595123658], [0.07104052916334548, 0.08265773187729562, 0.020250107143953595, 0.010018397813779084, 0.7961130265889025, 0.019920207412723816], [0.7797940783523861, 0.089085328109534, 0.01905812158249674, 0.009999991233498734, 0.08324192428691761, 0.0188205564351668], [0.7866958142604814, 0.08731932858153073, 0.019025095285592427, 0.00999999114112913, 0.07812591258459599, 0.018833858146670348], [0.793915602314345, 0.08806778353843003, 0.019110818819894092, 0.009999991293052766, 0.0700206383298313, 0.018885165704446868], [0.7960960104663913, 0.09800883697562429, 0.01917931912708915, 0.009999991254080716, 0.05776574244140164, 0.01895009973541306], [0.7869520081665403, 0.10021315674400853, 0.01911372097946538, 0.009999991297446631, 0.0648170419566242, 0.018904080855914954], [0.07223078121433733, 0.07787808844465284, 0.02024277242861328, 0.00999999597479821, 0.7997541333993795, 0.019894228538218664], [0.7866745876261634, 0.10040286408351659, 0.01911260087462404, 0.009999991304579807, 0.06490721282602889, 0.018902743285087162], [0.7889595756612147, 0.10013795260719832, 0.01910729728901231, 0.009999991261858706, 0.06290066031607044, 0.018894522864645595], [0.7907984599059105, 0.08864240345642024, 0.019124424477134985, 0.009999991304410448, 0.07256326371256688, 0.01887145714355704], [0.7878263041568762, 0.08656305274771069, 0.019014504962604418, 0.009999991115970658, 0.07775626219825192, 0.018839884818586266], [0.7848323884612158, 0.08714257479116994, 0.019060719524654584, 0.00999999115658354, 0.0801360958222103, 0.018828230244165897], [0.7857951569615813, 0.086366553378073, 0.019059461601505807, 0.009999991135451395, 0.07994537316385011, 0.01883346375953839], [0.0685255260568982, 0.06989479327016407, 0.02013182060262704, 0.00999999571768814, 0.8115889356179361, 0.01985892873468636], [0.7937892138570767, 0.07545711388558313, 0.01907345687556092, 0.009999990521116341, 0.08282586854717378, 0.018854356313489126], [0.0679891443009058, 0.060753296675154646, 0.020064283563233164, 0.009999995658167423, 0.8214080510604574, 0.019785228742081568], [0.7950715915397187, 0.0743278767214942, 0.019038086417652568, 0.009999990463769414, 0.08268946777951801, 0.018872987077846955], [0.07287823706145455, 0.06863940841216709, 0.02014016329323036, 0.009999995606121718, 0.8085290024515902, 0.019813193175436016], [0.797600592768089, 0.08163507700903586, 0.019240025579640874, 0.009999991280096881, 0.07261320797023571, 0.018911105392901587], [0.07044573235977368, 0.08082943957168481, 0.03928881866037148, 0.027692495400444356, 0.7682555315215156, 0.013487982486210076], [0.8255549597768583, 0.03067978655855638, 0.024496537598936153, 0.03258186218432627, 0.06750084667294456, 0.01918600720837832], [0.8698522541285543, 0.044979596554031866, 0.02594707531090033, 0.010534128987736582, 0.0386869540306896, 0.009999990988087485], [0.8642162869398201, 0.04241404470967421, 0.03527306333542715, 0.010308518760177838, 0.03778809526681322, 0.009999990988087492], [0.8652842959546061, 0.041169557096541715, 0.03637121417839224, 0.010198598133384718, 0.03697634364898764, 0.009999990988087485], [0.8648598056366489, 0.041853995342277454, 0.037532177472352296, 0.010225421129660631, 0.03552860943097347, 0.009999990988087484]], [[0.8549125118368756, 0.04604119016238791, 0.03983517666206137, 0.010628516707472618, 0.03858261364311527, 0.009999990988087501], [0.07011281134278056, 0.07918158562240865, 0.04143336835889927, 0.02738736642935721, 0.7685041920181965, 0.013380676228357601], [0.7068062792505856, 0.06710446717610076, 0.022230020529538597, 0.026090444840419693, 0.15969572358853518, 0.018073064614820153], [0.788328563472673, 0.08606404214054246, 0.019075337491686356, 0.00999999119287693, 0.07770328655910651, 0.01882877914311468], [0.7982419496786721, 0.0826766689339012, 0.019102373421634653, 0.009999991129545678, 0.07106012543178451, 0.018918891404461825], [0.7893958749926447, 0.0871434627557376, 0.01900984063381349, 0.009999991121937456, 0.07561944367425048, 0.018831386821616287], [0.7789443194608502, 0.0998312434142828, 0.019063637602809425, 0.009999991184300828, 0.07332605691231815, 0.018834751425438615], [0.7705964350765143, 0.10811424772062257, 0.019021783944192534, 0.00999999139130888, 0.07347370797731825, 0.01879383389004348], [0.7376014285325448, 0.15090903881918288, 0.019113760161138384, 0.009999992829493086, 0.06362465811681618, 0.018751121540824596], [0.09033708689320635, 0.17623873180599325, 0.021297580755902247, 0.023586869962718086, 0.6681354088208293, 0.020404321761350753], [0.33734687779097483, 0.23846585270643111, 0.01651921652410373, 0.12740286268909712, 0.26453164547157415, 0.015733544817819002], [0.09966104592336435, 0.21901366674083714, 0.021412622716681706, 0.027231892874876252, 0.6118263763644206, 0.020854395379820003], [0.7974023232074783, 0.10110173862617403, 0.019411333587545813, 0.011000911745282605, 0.05197398348660644, 0.01910970934691293], [0.7922020984066342, 0.10781795935189373, 0.019405024465844203, 0.010848079732993511, 0.05064887743447046, 0.019077960608163747], [0.737868753531292, 0.13328783020289406, 0.018813999893804886, 0.009999992032523226, 0.08141579225886597, 0.018613632080619884], [0.7646871877000511, 0.1076228623060433, 0.018928753652615805, 0.009999991395658077, 0.07996982988569053, 0.018791375059941155], [0.07137043789890589, 0.0712740269504171, 0.01998200640201443, 0.009999995935585551, 0.8075543017742133, 0.019819231038863665], [0.07539160192184803, 0.06945538479003793, 0.01995143850020439, 0.009999995788440949, 0.8054244118600872, 0.019777167139381508], [0.7844842046390901, 0.10053679371815817, 0.01900650641590398, 0.00999999128080754, 0.06708807242959972, 0.018884431516440432], [0.7511440705693685, 0.12579310250211054, 0.01891397614506443, 0.009999991946233185, 0.07543209506859486, 0.018716763768628512], [0.7395716176881485, 0.12937251270697675, 0.01882796554000752, 0.009999991985565768, 0.08357582072656256, 0.018652091352738716], [0.19653589184374315, 0.0929710613067854, 0.01914295040083442, 0.01021392727423241, 0.6622168936602167, 0.01891927551418792], [0.7524232059873313, 0.12486677162079003, 0.018913791845168147, 0.00999999194825337, 0.07507311263394771, 0.018723125964509528], [0.7619373763614806, 0.12138859632601046, 0.018971678626611664, 0.00999999187092912, 0.06892844800365393, 0.018773908811314077], [0.7854307968131227, 0.09965478673151087, 0.019015094173194413, 0.009999991261417025, 0.0670112116486579, 0.01888811937209713], [0.07476883466708215, 0.06925553486244132, 0.019961746523076883, 0.009999995756013869, 0.8062319777831711, 0.019781910408214653], [0.07528774597336048, 0.06975476259042498, 0.019962122146014796, 0.009999995796312094, 0.805216935337579, 0.019778438156308698], [0.798187929375165, 0.08191484592763722, 0.01903306151433814, 0.009999991080938924, 0.07194918253750285, 0.018914989564417894], [0.8087036647483813, 0.0710844710466064, 0.01905470786455656, 0.009999990447091347, 0.07222414750970714, 0.018933018383657237], [0.8106923514597352, 0.071668214490144, 0.019044540134094557, 0.009999990435225916, 0.06966746593410586, 0.01892743754669442], [0.7961916618139157, 0.07448331553207965, 0.018969410130401213, 0.009999990444944174, 0.08149643129779523, 0.01885919078086397], [0.06893152797624413, 0.06975846900438937, 0.02001592033101843, 0.009999995777834782, 0.8114526072468916, 0.019841479663621677], [0.7844585628999922, 0.08600216224230797, 0.018953346760012053, 0.00999999125847873, 0.08175058040993458, 0.0188353564292746], [0.7235232280816004, 0.06864064557216983, 0.017190390688277858, 0.02740126773929162, 0.14502806127557702, 0.018216406643083306], [0.7134928551213118, 0.07202925610275197, 0.018034888419194425, 0.02837926963293747, 0.15006579750808463, 0.01799793321571958], [0.856765692686749, 0.06152780115015298, 0.015050546261627488, 0.011938006708515267, 0.04471796220486767, 0.009999990988087485], [0.7109283671099095, 0.08426961247494817, 0.025931979015997902, 0.028343185740109196, 0.13228771824942545, 0.01823913740960987], [0.7115089254913537, 0.08041185573473812, 0.030309165987484833, 0.027612402848199415, 0.13175131386343414, 0.018406336074789913], [0.815432199122619, 0.03832868060576639, 0.03311461765521375, 0.033931363748801305, 0.05981834061127201, 0.019374798256327482], [0.8555208918303474, 0.04690204174665052, 0.03971376996517375, 0.010789062727524076, 0.03707424274221688, 0.0099999909880875]], [[0.8539832230323694, 0.046059660662126106, 0.040508076298349426, 0.010643033502911951, 0.038806015516155715, 0.009999990988087501], [0.8515888285186471, 0.0472472626489748, 0.040181403587515645, 0.01076109486398252, 0.04022141939279228, 0.009999990988087511], [0.04598112253081499, 0.05562958962663532, 0.03389962627848078, 0.03346704702502895, 0.8150724344508381, 0.01595018008820191], [0.05117118722674211, 0.0569637834628724, 0.03193466075417446, 0.03390900432112784, 0.8100404845424938, 0.015980879692589444], [0.7214889847576663, 0.06527710379583024, 0.022082875165864647, 0.026933019416944332, 0.14598742378088186, 0.01823059308281266], [0.7208238791265362, 0.06589234419749154, 0.0216589601451155, 0.027063081204892397, 0.14634653740698528, 0.01821519791897904], [0.05221108175307181, 0.0647645254210317, 0.03332440714947868, 0.03429529123199684, 0.7993737583011449, 0.01603093614327609], [0.7025334954971891, 0.08550791477802876, 0.028281123186335067, 0.028792963766946376, 0.13664112993127245, 0.01824337284022817], [0.6656673055888871, 0.10112694360986166, 0.03232820411131287, 0.03273407334971567, 0.15035569395444665, 0.017787779385775936], [0.690315375919707, 0.11687006714838007, 0.06273669848287994, 0.04326031665750894, 0.0745429898221867, 0.01227455196933741], [0.6523760112455277, 0.13400109155374035, 0.07394139975728847, 0.04154242587667865, 0.08660310432494606, 0.011535967241818903], [0.11318827457762891, 0.21898393048754355, 0.021592255567672525, 0.027331426632404125, 0.5980886982039705, 0.020815414530780355], [0.40837477183316434, 0.2343317720287735, 0.015998731013134385, 0.13669198212368558, 0.1890298030044715, 0.015572939996770717], [0.07209525772753239, 0.17194710486933634, 0.020788778707680203, 0.023409398749270942, 0.6914154960293556, 0.02034396391682463], [0.7261728457261436, 0.15162866703255343, 0.018856840896051642, 0.009999992756786086, 0.07468397622571583, 0.018657677362749463], [0.08047021846859119, 0.08120724094243852, 0.02003628261455882, 0.009999999495891115, 0.7884531639057016, 0.019833094572818795], [0.7770816413713069, 0.10001813777751586, 0.01894460583071755, 0.009999991170972713, 0.07512134173823472, 0.01883428211125217], [0.7962663865015576, 0.083362714467164, 0.019023555070279013, 0.009999991127354547, 0.07244124902912462, 0.018906103804520312], [0.7850234069823956, 0.10047876640255317, 0.01900377288724523, 0.009999991280457919, 0.06661199572799466, 0.018882066719353434], [0.1919852748973302, 0.08564717315757792, 0.01921513566891623, 0.010289875959635151, 0.6738860638892885, 0.018976476427252056], [0.11587202407527626, 0.1745372277494896, 0.020957975903727444, 0.023403936764885114, 0.6446906848922644, 0.020538150614357195], [0.7898828112940722, 0.10776338626336913, 0.019378242870488435, 0.011076069096672612, 0.052822428270272594, 0.019077062205125013], [0.7967163676448621, 0.10607360754724804, 0.019327917554208814, 0.01086835321458278, 0.04798005958768296, 0.01903369445141531], [0.7615166752754928, 0.12173815030371835, 0.018969588791535513, 0.009999991905049448, 0.06900321169605464, 0.01877238202814908], [0.7880522087876599, 0.09949435113034462, 0.01900620571992625, 0.009999991242471388, 0.06456214757844622, 0.018885095541151517], [0.7878811931836268, 0.08530339247791936, 0.018938391145795562, 0.009999991076376927, 0.07904166810078829, 0.018835364015492805], [0.7843288837599205, 0.08611667590363857, 0.018933171219983256, 0.00999999111785326, 0.08178730385985364, 0.018833974138750844], [0.7877241130917455, 0.08535460416672291, 0.01893810612537765, 0.009999991078719721, 0.07914891646448943, 0.01883426907294487], [0.8108525315786583, 0.0712464077257533, 0.01904221760999635, 0.009999990441259437, 0.06993171955564029, 0.01892713308869228], [0.8173239928380697, 0.06948679147593538, 0.01909794582438894, 0.009999990406103058, 0.06511415485407533, 0.01897712460142766], [0.7977531390782142, 0.07529960073816248, 0.018964326387892947, 0.009999990445808182, 0.07913170358937373, 0.018851239760548512], [0.06623775444780647, 0.06975449038715326, 0.020019947720310887, 0.009999995891331203, 0.8141464790147958, 0.019841332538602555], [0.7019827751759034, 0.07347472986681221, 0.016442170298052325, 0.027507205360899102, 0.16267844258410286, 0.017914676714230235], [0.7309037225572536, 0.06850958751104691, 0.01862098771576406, 0.027715109484150086, 0.13598536748566545, 0.018265225246119877], [0.8538853455535756, 0.062187620111663545, 0.015709138600860057, 0.012087383165034675, 0.04613052158077867, 0.00999999098808749], [0.149443995593635, 0.0729348616091537, 0.03694480348090874, 0.03758985165506006, 0.6875106636262798, 0.015575824034962792], [0.6503492184293101, 0.10207172821918324, 0.0308045565853539, 0.03186685445273564, 0.1672242340351263, 0.01768340827829081], [0.16708347627443082, 0.09480251053457359, 0.019927541467609538, 0.01037497448251838, 0.6887433934725457, 0.01906810376832203], [0.6727534499124794, 0.09307739919007234, 0.037883706845996845, 0.03120825664156867, 0.14704684989357583, 0.018030337516306845], [0.825067764174182, 0.059845207916767805, 0.05162576962680679, 0.012058673568708588, 0.04140259372544723, 0.009999990988087546]], [[0.8842069414954777, 0.03517368614426543, 0.030956245180648892, 0.009999953814111964, 0.029663219551384085, 0.009999953814111964], [0.8821710261488978, 0.036700480049023945, 0.030912184719187663, 0.009999954225216068, 0.03021640063245869, 0.009999954225216068], [0.8851138070578621, 0.040773617533931515, 0.022897110345724534, 0.009999955385990595, 0.031215554290500505, 0.009999955385990595], [0.8822242928791951, 0.04790298321580227, 0.016484571116530223, 0.009999957919800776, 0.03338823694887093, 0.009999957919800776], [0.883281863113788, 0.047731240509153325, 0.014765941440531945, 0.009999958019148582, 0.034221038898229715, 0.009999958019148582], [0.8830949942666988, 0.04838879470602894, 0.014257404073510378, 0.009999958219785606, 0.03425889051419063, 0.009999958219785606], [0.8832342326378458, 0.047937612960235056, 0.01389784928344711, 0.009999958309814058, 0.03493038849884394, 0.009999958309814058], [0.8773980330687188, 0.05074134654466563, 0.0159954855823647, 0.009999959699712487, 0.03586521540482588, 0.009999959699712487], [0.8759445235156282, 0.054923210893974984, 0.016546386084699122, 0.01013414977444694, 0.03245173967594845, 0.009999990055302239], [0.8696348037866242, 0.057719754164845975, 0.017269612081229332, 0.01050174341179459, 0.03487409650020383, 0.009999990055302246], [0.17100166144583273, 0.09551867562923638, 0.04626674774186307, 0.02466976067852174, 0.6525431587407708, 0.009999995763775376], [0.6298054810069579, 0.29107331314505325, 0.015130767641225553, 0.009999994559898693, 0.03929434832936138, 0.014696095317503138], [0.8404740177072154, 0.07783049733609652, 0.014977650127443112, 0.009999994904681812, 0.04198489584364842, 0.014732944080914549], [0.10488545129542251, 0.16162490704194304, 0.01656687947032876, 0.020399308733633815, 0.6803320394576569, 0.016191414001014936], [0.7933999171940768, 0.10307972998604881, 0.014526136040797897, 0.009999990923983492, 0.06461413415164624, 0.014380091703446674], [0.7673705655610106, 0.10755977064840264, 0.01890757021588416, 0.009999991373108887, 0.07739102593545774, 0.018771076266135975], [0.7847756043243901, 0.08767669206821566, 0.018931003570906716, 0.009999991142545055, 0.0797961118294997, 0.01882059706444292], [0.7949713568017284, 0.0945242135156264, 0.019036105861238124, 0.009999991086528751, 0.06254954829421629, 0.018918784440662147], [0.7875348971738575, 0.10006949236357875, 0.019009416699342453, 0.009999991254200922, 0.06450274339608927, 0.018883459112930996], [0.745783435302732, 0.14309652080974364, 0.01895260996917361, 0.009999992896304356, 0.06340465088748515, 0.018762790134561173], [0.7322399228229577, 0.12068654469720604, 0.01353581085917292, 0.04989433971627538, 0.07029431545780222, 0.013349066446585879], [0.28980359294253744, 0.20106071699762057, 0.01953709934932689, 0.08894523545330588, 0.3816789343541948, 0.01897442090301446], [0.7350311378337868, 0.1196650737160993, 0.01353026422670053, 0.04977938590287531, 0.06865535156825812, 0.013338786752279988], [0.745768652882848, 0.14265484968151274, 0.01895309291394868, 0.009999992757709662, 0.06386602358408666, 0.018757388179894332], [0.7878157051356831, 0.09987882903429915, 0.019011301781075508, 0.009999991246525503, 0.06440934893214889, 0.01888482387026779], [0.7937602497320077, 0.09356197855660447, 0.019043950270054323, 0.009999991075645134, 0.06470553737095784, 0.018928292994730513], [0.07491777411142563, 0.06899247164486765, 0.01995203969063867, 0.009999995751121085, 0.8063570464547101, 0.01978067234723682], [0.07463592026234793, 0.06890840156825602, 0.01995791431691095, 0.009999995737985773, 0.8067144902434971, 0.019783277871002283], [0.7979176065847214, 0.0819646240274388, 0.019025346595075078, 0.009999991090272069, 0.07217917131552094, 0.01891326038697176], [0.808413399493792, 0.07151479449361753, 0.019049917727905166, 0.00999999045202518, 0.07208946724481492, 0.018932430587845373], [0.7953751856059424, 0.07530110525550637, 0.01896210361594888, 0.009999990463191675, 0.08150533711270343, 0.01885627794670729], [0.06861832529089405, 0.06934447015731114, 0.020010834648423164, 0.009999995849393423, 0.8121868733841838, 0.01983950066979441], [0.7185186924063128, 0.07023798121350983, 0.01649630683112344, 0.027818262892118726, 0.14880955259552123, 0.01811920406141404], [0.8617058842517363, 0.05888174600824394, 0.012719013100571629, 0.011676389171077162, 0.045016976480283556, 0.00999999098808747], [0.7036359659584563, 0.08801820699894668, 0.02364651368738098, 0.02917465793538061, 0.13739822200500246, 0.01812643341483285], [0.6511694257004663, 0.1066303736388626, 0.025346163704763794, 0.032453071957846816, 0.16682261542613838, 0.01757834957192192], [0.10373460117406695, 0.18177266791989408, 0.021204354406246007, 0.023696237064437, 0.6490208200725199, 0.020571319362836026], [0.7690488779511431, 0.12147343467188138, 0.020092267325467192, 0.011848176755995456, 0.05832815092778551, 0.01920909236772746], [0.14792323246914196, 0.1188634248809267, 0.08738199213952211, 0.03778158181618275, 0.5962371796166349, 0.01181258907759154], [0.8316827738749906, 0.062231866910958986, 0.04147870335387788, 0.012282247194921925, 0.0423244176771631, 0.009999990988087541]], [[0.8849965311398134, 0.03458655401914939, 0.030978259541387738, 0.009999953603369433, 0.029438748092910576, 0.009999953603369433], [0.03999510117858081, 0.04054426486591809, 0.024866846044554997, 0.025059565421102915, 0.8571855171768915, 0.012348705312951685], [0.04008748471830329, 0.04112581298832736, 0.024894369331785286, 0.025195672826690513, 0.8563515891025519, 0.012345071032341611], [0.8785603990860856, 0.0427486624321012, 0.02516777434428723, 0.009999956721281775, 0.033523250694962314, 0.009999956721281775], [0.08120903545653664, 0.05412575624727562, 0.03787351746064068, 0.02846040633687, 0.7861851292955949, 0.012146155203082123], [0.06465627229397616, 0.0555249703375212, 0.037325317915385695, 0.02890677956719547, 0.801311963941185, 0.01227469594473632], [0.7311000928659673, 0.09262078131801056, 0.02630437596326201, 0.028162877506323025, 0.10804783149321544, 0.013764040853221648], [0.5254438791623514, 0.07686191405212375, 0.02648688439843769, 0.025117579856459373, 0.33237816223111827, 0.013711580299509647], [0.871884569119467, 0.05906228970373837, 0.01433836217147712, 0.010419841650157868, 0.03429494729985757, 0.009999990055302239], [0.744738082377909, 0.07909348591324596, 0.021798365816372442, 0.02540775075355798, 0.11531583336413351, 0.013646481774781267], [0.7414359020035993, 0.0954595608785874, 0.0628332658962492, 0.030875923127954792, 0.059395352848929106, 0.009999995244680036], [0.848191467780279, 0.07437256396181394, 0.015119473970941303, 0.009999994723166346, 0.03767269654200562, 0.014643803021793803], [0.6362601291676998, 0.0737253018338979, 0.014904719310205875, 0.00999999434407013, 0.2504532153740373, 0.01465663997008901], [0.5999001875515906, 0.3104416412754776, 0.015297056181674045, 0.011634086388483211, 0.0476138438261374, 0.01511318477663725], [0.790622630025265, 0.10278843687626563, 0.014519969670690674, 0.009999990910860136, 0.0677024773479585, 0.014366495168960014], [0.07286278748009015, 0.08054463490640563, 0.020056608272708384, 0.01001037264116326, 0.7966515811425421, 0.019874015557090424], [0.0760314230601071, 0.06933175162775694, 0.019934265774916204, 0.009999995809070255, 0.8049304907539545, 0.01977207297419493], [0.7965490059406026, 0.08276632120678772, 0.0190202111777239, 0.009999991129393086, 0.07275857144038711, 0.018905899105105595], [0.7931616716162477, 0.09855415027386527, 0.019054637300687845, 0.009999991389741711, 0.06029822576179286, 0.018931323657664638], [0.7410751734653696, 0.11586265618133804, 0.01914315065206271, 0.042882568507350706, 0.062086219479328485, 0.018950231714550538], [0.742518882523057, 0.1169261761683698, 0.013541729056389996, 0.049566757083277825, 0.06409988964775756, 0.013346565521147848], [0.7990227507662555, 0.10479257498785995, 0.019302763024948627, 0.011232154393552359, 0.04666040206619778, 0.018989354761185667], [0.7348487992810461, 0.11891910856446958, 0.013526925756135379, 0.04965808130998758, 0.06970899223108838, 0.013338092857273009], [0.190955416398235, 0.08579177102411958, 0.019182410762599755, 0.010426668024075414, 0.6747015834078495, 0.018942150383120755], [0.7838378862371951, 0.10133724855662803, 0.01900021502432415, 0.009999991304916644, 0.06694850815986361, 0.01887615071707237], [0.7973001150704342, 0.08253285759026635, 0.019024576147195688, 0.00999999110639198, 0.0722316921519454, 0.0189107679337665], [0.7869468660292114, 0.08593500299853672, 0.01893557684510154, 0.009999991097841849, 0.07935193024593297, 0.018830632783375722], [0.7877185868010769, 0.08544188739786468, 0.018941865717355188, 0.00999999107694397, 0.07906315048721005, 0.01883451851954923], [0.7857170283637855, 0.08499905739771814, 0.01894512665709077, 0.009999991086435305, 0.08149842753608041, 0.018840368958889794], [0.06977348998279628, 0.07005082734396895, 0.019998673953559205, 0.009999995824472172, 0.810342513256478, 0.019834499638725366], [0.06707524879198314, 0.06954132525540713, 0.019997975216630857, 0.009999995817373599, 0.8135463486479524, 0.01983910627065275], [0.7857458480353405, 0.08503081886934817, 0.01895147564547233, 0.009999991159878891, 0.08143020876449705, 0.0188416575254631], [0.7213047535669024, 0.06972180062313676, 0.01703337274839686, 0.027672462637025906, 0.14608314509836226, 0.018184465326175743], [0.7128106987633682, 0.08413340812862077, 0.022762807255037567, 0.028117371270327516, 0.13389035896931412, 0.01828535561333179], [0.05843071932848964, 0.07368868687859978, 0.026463751993905126, 0.037342454111363464, 0.7880376097054329, 0.016036777982209142], [0.7220443364263933, 0.15615295902492218, 0.018963943451414295, 0.009999993044954308, 0.07418742783673446, 0.018651340215581413], [0.09536495288380273, 0.17805849216053693, 0.02105457182540608, 0.023945234692137874, 0.6610306502697547, 0.020546098168361674], [0.30105389783823666, 0.1604711352375947, 0.019589710729773946, 0.16529934214692552, 0.33521353698790696, 0.01837237705956232], [0.6694153739430834, 0.11093956448312217, 0.09066237631731529, 0.04242969738266709, 0.07433098498717676, 0.012222002886635344], [0.8269089646190501, 0.06816720693818562, 0.04020093976215527, 0.012765757665234079, 0.04195714002728749, 0.009999990988087543]], [[0.8860488972504561, 0.03410078222871952, 0.030635498686210294, 0.009999953398246622, 0.029214915038120765, 0.009999953398246622], [0.8700427017729419, 0.02196959121759923, 0.017998844913923805, 0.024146740659918908, 0.050991865865318536, 0.01485025557029767], [0.8679143454523919, 0.022706675576399424, 0.018537558993516223, 0.02455935079199191, 0.051474088948492404, 0.014807980237208095], [0.8766184372065005, 0.04249778231283385, 0.027609465397493396, 0.009999956648369349, 0.033274401786433594, 0.009999956648369349], [0.73246072479735, 0.07586020662198724, 0.02897999032311464, 0.02401277927620213, 0.12497317462474744, 0.013713124356598506], [0.07780449014497007, 0.144369977390767, 0.01676260694598718, 0.01833523381806781, 0.7269961119606965, 0.015731579739511458], [0.8221056639284413, 0.09237314520879235, 0.015438430787036543, 0.009999995333442863, 0.045288459004176794, 0.014794305738110051], [0.10105598257231166, 0.0943013407557141, 0.0517576303252611, 0.02961990490826138, 0.7132651451901478, 0.00999999624830393], [0.08888708699091118, 0.06156945517600887, 0.028322152829654366, 0.03065771892856698, 0.7784174176399307, 0.012146168434928044], [0.73999191646439, 0.09430299738218746, 0.02369490422336614, 0.028987909403167162, 0.09911216965062637, 0.013910102876262686], [0.626376614572201, 0.2970910870239816, 0.01521303900165156, 0.009999995099333395, 0.036657944380980356, 0.014661319921852102], [0.237457944374772, 0.10597992839695332, 0.01444592431007228, 0.09213279173488767, 0.5359575100396915, 0.01402590114362333], [0.8386307918892357, 0.08012830666114487, 0.014879682116885227, 0.009999994905812933, 0.04168980030560238, 0.014671424121318926], [0.7984846589696958, 0.11171085283158716, 0.014597745016626485, 0.009999991377412169, 0.05075060478280838, 0.014456147021869864], [0.0681688012125162, 0.06479362601492478, 0.01540147619300629, 0.009999994276719028, 0.8263937919795148, 0.015242310323319004], [0.7674575239186162, 0.10704701444640669, 0.018893584505854783, 0.009999991373054337, 0.07783113670892755, 0.018770749047140482], [0.7946035886332795, 0.08431309476764852, 0.019009251512327473, 0.009999991170437697, 0.07317694853557137, 0.018897125380735496], [0.7979766265258371, 0.08354185065082763, 0.01901369008471025, 0.009999991134292896, 0.07057050760002931, 0.018897334004302775], [0.7858425176886346, 0.1010931019135747, 0.01900318835868855, 0.009999991434848783, 0.06518387048156117, 0.018877330122692142], [0.7303152589544514, 0.11930487119030203, 0.01905006026166331, 0.04337220337187289, 0.06907580134289174, 0.0188818048788187], [0.7323868864156351, 0.11961716397253057, 0.019080084767682543, 0.043447175983945034, 0.06658145244697253, 0.018887236413234174], [0.7529180833868089, 0.14138967353681198, 0.019025579918547215, 0.009999992888791647, 0.05784381051276236, 0.018822859756277927], [0.7320520883282748, 0.12021573177919959, 0.01906761796927565, 0.04336281288359251, 0.06641626421558826, 0.018885484824069123], [0.7454285251290708, 0.12789744824378033, 0.018901835683456613, 0.009999992177952994, 0.07906640886761046, 0.018705789898129058], [0.770151049331848, 0.10724400207654623, 0.018903175259157478, 0.009999991352700445, 0.07491533346476908, 0.01878644851497881], [0.07636252138650158, 0.07018310519417385, 0.019942868876356965, 0.009999995854275282, 0.8037420550600259, 0.019769453628666226], [0.7954330676139514, 0.08364810258377682, 0.019010423008863513, 0.009999991153638216, 0.07300751892057881, 0.018900896719191356], [0.7971002523541482, 0.08234878658453437, 0.019024905903585403, 0.009999991114375821, 0.072617670133699, 0.018908393909657026], [0.07789690659063916, 0.06923849041601934, 0.01994148638536064, 0.009999995760702972, 0.8031496022056119, 0.019773518641665964], [0.781427414655593, 0.08647190935135735, 0.018939481832590442, 0.009999991144225666, 0.08432486613950896, 0.01883633687672466], [0.07039021142799799, 0.06977465208157564,