{"prediction": [[[0.8539702577171155, 0.04675824675601312, 0.04128274775282232, 0.010668559929451274, 0.03732019685651015, 0.009999990988087494], [0.854228793746565, 0.04571557902699718, 0.04110943217584426, 0.010637411179583818, 0.038308792882922243, 0.0099999909880875], [0.8561871598084871, 0.04846702998767342, 0.03616830915930735, 0.010807026570223435, 0.03837048348622115, 0.009999990988087501], [0.8604933870402441, 0.049180135758792515, 0.029600114011049002, 0.010928937436583897, 0.03979743476524306, 0.009999990988087496], [0.8604933870402441, 0.049180135758792515, 0.029600114011049002, 0.010928937436583897, 0.03979743476524306, 0.009999990988087496], [0.8687502187284358, 0.04469082153473074, 0.0292752026773673, 0.010514522892662841, 0.03676924317871597, 0.00999999098808748], [0.8684132421285331, 0.04637238477970691, 0.027194537663901633, 0.010677475846948389, 0.037342368592822604, 0.00999999098808748], [0.8557864888485414, 0.05154259590738101, 0.030656469036421583, 0.011181472567795822, 0.0408329826517728, 0.009999990988087503], [0.8550653428164792, 0.05230042448790537, 0.031141109003072053, 0.01119399875288674, 0.04029913395156917, 0.009999990988087504], [0.8478420104026129, 0.05997116819493277, 0.02908212115215972, 0.01185264505328014, 0.041252064208926985, 0.009999990988087517], [0.8284945343599611, 0.06511985849512644, 0.0415343250428292, 0.012489692742998831, 0.04236159837099692, 0.009999990988087543], [0.8286402820879549, 0.06336757264892934, 0.042813667745034645, 0.012402500359669028, 0.04277598617032461, 0.009999990988087543], [0.8346652656033265, 0.06283268852471267, 0.04002803495054419, 0.012418031781083822, 0.0400559881522454, 0.009999990988087532], [0.8344209288443745, 0.06211623786376017, 0.0413557098445185, 0.012350507436880752, 0.03975662502237856, 0.00999999098808753], [0.8263983564048945, 0.06659289812998816, 0.04206704921653975, 0.012707650729471208, 0.04223405453101895, 0.009999990988087543], [0.838412393341915, 0.06144947568891698, 0.0351255527192585, 0.012198755847538288, 0.04281383141428369, 0.00999999098808753], [0.8425774029169321, 0.05685473979501613, 0.036754831122905854, 0.011759177353762426, 0.04205385782329615, 0.009999990988087524], [0.841927779503267, 0.056258953405342725, 0.037992667222932895, 0.011707094328322305, 0.04211351455204764, 0.009999990988087524], [0.8719839591698219, 0.04826830793262378, 0.0270402316287219, 0.00999995877106962, 0.032707583726693266, 0.00999995877106962], [0.8790837911515, 0.04408831147244111, 0.02513789344228116, 0.009999957131190042, 0.03169008967139765, 0.009999957131190042], [0.8793475724903674, 0.04279638663627012, 0.025801145678537356, 0.009999956865826071, 0.032054981463172934, 0.009999956865826071], [0.8871420748257077, 0.03770693136160663, 0.02604074403229939, 0.009999955002726395, 0.029110339774933387, 0.009999955002726395], [0.8859070337192138, 0.03682283685135995, 0.028633234944451476, 0.009999954604519327, 0.028636985275936253, 0.009999954604519327], [0.8828314074180047, 0.03618338074976638, 0.032660504130975404, 0.009999954403298816, 0.028324798894655952, 0.009999954403298816], [0.8831840054542729, 0.03557080687982926, 0.03297665148060209, 0.00999995421406607, 0.02826862775716378, 0.00999995421406607], [0.8899293595635628, 0.03246553529309754, 0.030059426106128773, 0.009999952952861308, 0.027545773131488392, 0.009999952952861308], [0.8766592028148545, 0.03717799301679494, 0.03432459836492159, 0.009999959463023357, 0.03183828687738223, 0.009999959463023357], [0.8843588759218782, 0.03494180723700232, 0.03249273330322439, 0.009999954015767329, 0.028206675506360388, 0.009999954015767329], [0.8827251756640057, 0.03590485581593832, 0.03286278782282576, 0.009999954388725705, 0.028507271919778913, 0.009999954388725705], [0.8767218403991796, 0.03983112122692927, 0.03261431729125159, 0.009999955751951927, 0.030832809578735857, 0.009999955751951927], [0.8818556116575439, 0.04259207305552658, 0.024608888137529105, 0.009999956496508082, 0.0309435141563842, 0.009999956496508082], [0.882996166752, 0.04274512173834549, 0.02329711343242739, 0.009999956549699525, 0.03096168497782803, 0.009999956549699525], [0.8811465952890448, 0.04198506890631306, 0.025327702518811505, 0.009999956540704796, 0.031540720204421065, 0.009999956540704796], [0.8590130432904395, 0.05084002609177557, 0.030711714838543704, 0.011166604256561567, 0.038268620534592186, 0.009999990988087494], [0.8688469048691776, 0.04568487137321342, 0.027921006599879616, 0.010607317970715542, 0.03693990819892642, 0.009999990988087478], [0.8676222345009795, 0.045320199807022246, 0.029538420089329376, 0.010585702316435618, 0.03693345229814583, 0.00999999098808748], [0.8700007524316202, 0.04502333755663717, 0.027665098594076124, 0.010534110563585369, 0.03677670986599382, 0.009999990988087478], [0.8644934416587121, 0.04296310769773789, 0.036200198032827195, 0.010347427971518044, 0.03599583365111729, 0.009999990988087484], [0.8640191338645977, 0.0420222510129002, 0.038062221831034596, 0.010284961912594917, 0.03561144039078511, 0.009999990988087484], [0.8637759937496408, 0.04267029981088849, 0.03857918910789009, 0.010293114611110465, 0.034681411732382886, 0.009999990988087478]], [[0.8450768792787436, 0.05045440978746069, 0.04394195836917353, 0.011108987961593618, 0.03941777361494106, 0.009999990988087515], [0.074262541146142, 0.09837949334961446, 0.054411088210559164, 0.026206897833567975, 0.7342924360474378, 0.01244754341267859], [0.6752574906526104, 0.0738985277559448, 0.06112332685463214, 0.040827367257052286, 0.13005994062541298, 0.018833346854347434], [0.07377983283292515, 0.10221965988910922, 0.05283116427647653, 0.026833797594951605, 0.7318662420800699, 0.012469303326467535], [0.7033154366192717, 0.0368974408095509, 0.036700809078450934, 0.04212429683688463, 0.16188889396672776, 0.019073122689114035], [0.7058972822956515, 0.029876886099628557, 0.028982331450724173, 0.041098341774460694, 0.17541095376134055, 0.018734204618194528], [0.7066969215586978, 0.05736261250711609, 0.04641249502909715, 0.04065381085570145, 0.12977197480647168, 0.019102185242915824], [0.7069397138537836, 0.029463656594736702, 0.028099974521395198, 0.040547397227089284, 0.17619120337490296, 0.018758054428092186], [0.04566078909769022, 0.05335488711183555, 0.03325628562487687, 0.03639019293760405, 0.8145613303475686, 0.016776514880424535], [0.03981820485873557, 0.06069545640051303, 0.035008962160631756, 0.038179364560526285, 0.8094915991731262, 0.01680641284646722], [0.05109594010915157, 0.06952631289248658, 0.04957129033969506, 0.041158174564943764, 0.771897430743102, 0.016750851350620835], [0.5861045363730109, 0.1945622119947925, 0.08207924361138523, 0.05189012116987302, 0.07048872990792182, 0.014875156943016615], [0.5957217330142842, 0.19213515456022504, 0.08026660061880754, 0.05202328316079194, 0.0649304225560435, 0.014922806089847796], [0.6500311512240379, 0.14687193776312973, 0.08783813036292507, 0.049867005643385746, 0.04886514273742361, 0.016526632269098], [0.7867026622275999, 0.07827057002578651, 0.054358072769352186, 0.02244645394097015, 0.047346476584999436, 0.010875764451291781], [0.15548012740338937, 0.12501913747791726, 0.0711958359376275, 0.028239054103540075, 0.6085868709552664, 0.011478974122259393], [0.6420114197435877, 0.04537176107803337, 0.04683071846928804, 0.04824258093291862, 0.19920928487282857, 0.01833423490334361], [0.6398385175427762, 0.04469438742342826, 0.046811913580689896, 0.048069502788364984, 0.20223978854110888, 0.01834589012363184], [0.0366030933299023, 0.04971782197092565, 0.030033055460357973, 0.029973157303387277, 0.8407025652634391, 0.012970306671987644], [0.06451201578034273, 0.052020927876371977, 0.0364466798203632, 0.031077697636337956, 0.803043453448544, 0.012899225438040146], [0.7372775663880691, 0.032960836667358, 0.035998769304103846, 0.03706806347840069, 0.14229144267715574, 0.014403321484912626], [0.7513089648943854, 0.03975686514937438, 0.03714194878628559, 0.04296609803956706, 0.11400299756511048, 0.014823125565277137], [0.7403141989677898, 0.06224054891702595, 0.058149797671093614, 0.03574179802662403, 0.08915184710010964, 0.014401809317357], [0.8702283924645682, 0.04187038258713107, 0.03700559806705336, 0.009999956978240304, 0.03089571292476676, 0.009999956978240304], [0.881978210418188, 0.03584218968695659, 0.03233922863589287, 0.00999995452338721, 0.029840462212188158, 0.00999995452338721], [0.8728914131224922, 0.039200846827835874, 0.03556943661518482, 0.009999955795874274, 0.032338391842738574, 0.009999955795874274], [0.8725446088916186, 0.04023025797038156, 0.035432070174854356, 0.00999995595261331, 0.03179315105791893, 0.00999995595261331], [0.8660642024429469, 0.0437845484717557, 0.037459789264497265, 0.009999957343145505, 0.03269154513450924, 0.009999957343145505], [0.8596114367036737, 0.04869929866152475, 0.03829962698795142, 0.00999995951120022, 0.03338971862444983, 0.00999995951120022], [0.5216828868572161, 0.034318737795962534, 0.036946646935104466, 0.2527725539631801, 0.13995781194148857, 0.014321362507048158], [0.07368789648229644, 0.09855990159659393, 0.05779553657623336, 0.02309482171581067, 0.7368618473676617, 0.009999996261403963], [0.08744427864766717, 0.08692557661400471, 0.05338412282386514, 0.023205259068766016, 0.7390407665748346, 0.009999996270862356], [0.7245439556497171, 0.06555424590017259, 0.05932449084438513, 0.036445253783329, 0.09987433536166254, 0.014257718460733648], [0.6821334364430285, 0.07328774936177382, 0.06375584261539151, 0.04268849544792191, 0.11915545484735478, 0.018979021284529586], [0.6973044603773084, 0.060851913156217415, 0.05065527354587813, 0.0422928896927619, 0.1299203966165329, 0.018975066611301262], [0.7026099898131987, 0.03701631282880695, 0.03764225994954829, 0.042567785502535954, 0.16109259867913966, 0.01907105322677064], [0.7014921094508247, 0.03682851846602274, 0.03699336463635268, 0.04250933696750785, 0.1630905861728193, 0.01908608430647266], [0.7076600319415033, 0.03574510182861092, 0.03643514243744528, 0.041432339564263815, 0.15957121063800517, 0.019156173590171528], [0.6971281186887379, 0.06883429357441276, 0.061076848761090104, 0.040761750233616154, 0.11310251419222037, 0.019096474549922644], [0.8550679365120235, 0.0456248047965227, 0.04209001047026834, 0.010697074719423357, 0.03652018251367472, 0.0099999909880875]], [[0.8263002591328775, 0.05866918727833006, 0.052009858074613155, 0.011942080910800353, 0.04107862361529136, 0.009999990988087541], [0.6750108748373953, 0.041317431810711236, 0.04423239115084417, 0.046219521476806955, 0.17444068586078512, 0.018779094863457125], [0.8038487130747034, 0.09332058371429688, 0.020013615907424842, 0.04126279129773127, 0.022306835896859303, 0.019247460108984194], [0.15466998600541748, 0.05702225666369487, 0.020430221050122387, 0.052549009183017456, 0.695474706566142, 0.01985382053160579], [0.8195617424339767, 0.08055609361394936, 0.019648601829272905, 0.03699483628087628, 0.023978527655042867, 0.019260198186881943], [0.8454232153881287, 0.06297780291540284, 0.019356669820159333, 0.031380667552089896, 0.021735974438606937, 0.019125669885612206], [0.06462980258117147, 0.07995015161460113, 0.013542075575425775, 0.030614805088270948, 0.7979940970669528, 0.013269068073577889], [0.8480909806956327, 0.05655195340958627, 0.019394396363908765, 0.03101098442215763, 0.025777618096371305, 0.019174067012343258], [0.8316907604773732, 0.0701687282906592, 0.019537687620161927, 0.032834554651953105, 0.026534941488419755, 0.01923332747143278], [0.04394220713808089, 0.05612369131223245, 0.020346408999068893, 0.05303193186426287, 0.8065889228115813, 0.019966837874773585], [0.05867846886249727, 0.07286130199015384, 0.020747864431745554, 0.059559750790345506, 0.7679993741810001, 0.020153239744257777], [0.7217845863166013, 0.12786617150388985, 0.02127142916557946, 0.0812239982973614, 0.02745574494437063, 0.020398069772197512], [0.4637298068778386, 0.2062178983977735, 0.015037582938160257, 0.12912400568792584, 0.17194685664202083, 0.013943849456281045], [0.6677088232890761, 0.23163356230894305, 0.020653509159037152, 0.01628668776234344, 0.04405099797461434, 0.019666419505985952], [0.6649765169446863, 0.23318542749448506, 0.020443221536643977, 0.015962220050653182, 0.045787612374076164, 0.01964500159945538], [0.07507670853849033, 0.07067993116539063, 0.019211657385037478, 0.06566370682327399, 0.7510969977267377, 0.01827099836106974], [0.7267579830214277, 0.12290203805179958, 0.021130947984408267, 0.08032318016484448, 0.028477519607097435, 0.020408331170422483], [0.08004962532189601, 0.06608021681259192, 0.020653459749356676, 0.05832567718932995, 0.7548491029082542, 0.020041918018571196], [0.03670982513378347, 0.04449105729622712, 0.015742088249468374, 0.042623179597908116, 0.8450273228078446, 0.015406526914768258], [0.8405519299750659, 0.07156328491582725, 0.015297162318076164, 0.03051597330689623, 0.027128232931428492, 0.014943416552705898], [0.053826454790730976, 0.05392211116923474, 0.014730489466141666, 0.04998210532246403, 0.8134585492925929, 0.014080289958835698], [0.7907615647780438, 0.09416791062391455, 0.01640053450169995, 0.06181182612626779, 0.021159776289279765, 0.015698387680794124], [0.6886811727741031, 0.14955646692716246, 0.05660763743735649, 0.03982461235650694, 0.05374371009445216, 0.011586400410418949], [0.7393583148191724, 0.033914631366542346, 0.03674913601341484, 0.037412600164178765, 0.1381906465723849, 0.014374671064306751], [0.7747330513295438, 0.02785520588360472, 0.028575604651135324, 0.03218491696592145, 0.1219575657613876, 0.014693655408407186], [0.8760498349041057, 0.04373074169674773, 0.02669173256070156, 0.00999995711606168, 0.0335277766063216, 0.00999995711606168], [0.08213183824350265, 0.05046692768224967, 0.0359873472131839, 0.03021857414244961, 0.7883965979248518, 0.012798714793762421], [0.06259286914864166, 0.05241788848960497, 0.03825736771350707, 0.031158798419009218, 0.8027155159939001, 0.012857560235336934], [0.668578186968304, 0.17324548160212297, 0.06661511868772108, 0.026530660980593476, 0.05503055659802483, 0.009999995163233648], [0.509065506129441, 0.33075876306587376, 0.06812981006472767, 0.03942331624789934, 0.0398229222348478, 0.012799682257210423], [0.47833110899740644, 0.3915333173537512, 0.01782979190757694, 0.0665022884034113, 0.029132923305612707, 0.016670570032241438], [0.5784070939656314, 0.09452629423993535, 0.016428987541039747, 0.2764001497991028, 0.018594638722781172, 0.01564283573150941], [0.639524329887285, 0.28039115736496667, 0.015371198464597674, 0.030149015186546082, 0.019672582014163578, 0.014891717082440935], [0.05114643134539941, 0.05153194744302566, 0.020458644277753575, 0.048776779021542004, 0.808142700310295, 0.019943497601984318], [0.8426694246789858, 0.06469380055752805, 0.019483071268169488, 0.03207151782145304, 0.02191902348158698, 0.019163162192276685], [0.8134491069738323, 0.08293478805560803, 0.0196990248278178, 0.037789530727825406, 0.02684882334269899, 0.019278726072217416], [0.1378558842094806, 0.057894247498140504, 0.02038529035905409, 0.053390512369435865, 0.7105551271642655, 0.019918938399623415], [0.1373987959920101, 0.06197522758720741, 0.020975321852317475, 0.05222513206668802, 0.7074504016992669, 0.01997512080251007], [0.6527617533786765, 0.08037272457991021, 0.07456725543809019, 0.046011080219090124, 0.1276672977641609, 0.01861988862007221], [0.8263866135268517, 0.05840608058516325, 0.0523389841962034, 0.01191694861330297, 0.04095138209039126, 0.009999990988087541]], [[0.834779090712419, 0.06172289472349712, 0.03912576990647873, 0.012216118537947464, 0.04215613513157039, 0.009999990988087536], [0.590472469237626, 0.19251732562179127, 0.08063400034498178, 0.05156073879081105, 0.069917523643019, 0.014897942361771008], [0.7376656648141335, 0.1199154931962685, 0.021085428570446086, 0.0796916980409166, 0.021362831471544174, 0.02027888390669122], [0.7479627475513169, 0.10996052398397965, 0.020607093594357098, 0.07783155359006037, 0.023344405149769248, 0.020293676130516893], [0.8218418042896463, 0.07975780220406099, 0.019479017574090075, 0.03767562123651674, 0.02197817399041664, 0.019267580705269186], [0.8453097832707674, 0.06261508905842826, 0.019281417718136448, 0.03189255897758239, 0.02174501122617673, 0.019156139748908705], [0.05075370392125763, 0.04391783465447344, 0.019954160126857128, 0.04736860774901944, 0.8182126567273027, 0.019793036821089748], [0.853330265648669, 0.053371979081735604, 0.01926356448151455, 0.03130618314221844, 0.023589152376268987, 0.0191388552695934], [0.83448137254579, 0.06946663459713161, 0.019404409222023383, 0.03331043836932991, 0.024092086175800123, 0.01924505908992498], [0.1044754668202684, 0.06326474284521602, 0.020199287720113153, 0.05883196336380837, 0.7332919147256625, 0.01993662452493167], [0.0874934542632212, 0.06510313974907765, 0.017400853657882895, 0.0361470431760507, 0.7767343015722317, 0.017121207581535895], [0.2318280623366416, 0.18228488269227122, 0.021362067918890275, 0.02885938347356392, 0.514775021303718, 0.020890582274914974], [0.28117436946842583, 0.17386470940376386, 0.020497303167638887, 0.027686172556243487, 0.47671519881215046, 0.020062246591777515], [0.66024082645032, 0.2321028382338223, 0.020054075736264478, 0.015892275710375697, 0.05201853835068138, 0.01969144551853623], [0.6650135733378946, 0.22934465432149925, 0.020039787608474992, 0.016139776186606943, 0.049752789976297264, 0.01970941856922708], [0.4152272403123882, 0.20024055344509248, 0.014681941788596867, 0.1374833068633452, 0.21806873623690365, 0.014298221353673589], [0.7392247248881576, 0.11667392491965137, 0.02070328539711095, 0.07945564211693648, 0.02357946594816947, 0.020362956729974107], [0.7924582999384655, 0.09834105220010309, 0.019504853124949355, 0.0448349764416727, 0.025573596904197707, 0.01928722139061177], [0.061981576695725134, 0.050487113336871094, 0.015682323237495424, 0.2614750851338478, 0.5949066863277203, 0.015467215268340375], [0.851157003762317, 0.06656591556087639, 0.015599508313977408, 0.021964022197834956, 0.02928748185830984, 0.015426068306684365], [0.1726240957203089, 0.13695274049445758, 0.01662969201009984, 0.02266753454731565, 0.634884706051381, 0.01624123117643717], [0.4622744712256503, 0.12391403776228704, 0.011377992531551175, 0.21267349485598916, 0.17872710909273884, 0.011032894531783391], [0.39970156325340056, 0.1379968958058869, 0.016740569451071993, 0.022639666284512118, 0.40680800545892126, 0.016113299746207347], [0.8434773125725182, 0.07442251903694713, 0.015200188803013508, 0.03350568571171869, 0.01855311207711475, 0.014841181798687436], [0.7561737276619364, 0.031041693444541805, 0.02320420017458288, 0.03413898749437552, 0.14097876171093188, 0.014462629513631673], [0.03777505461537106, 0.048599262580970644, 0.023832637236577484, 0.029312664249167123, 0.8474763322209059, 0.01300404909700778], [0.7253128483698654, 0.03664438314089463, 0.0265367990265904, 0.03794585008598974, 0.15938576161605683, 0.014174357760603155], [0.06195846246812715, 0.05561532227687875, 0.01495511478784625, 0.050749847775467136, 0.8024583382695163, 0.014262914422164414], [0.526823659059238, 0.391493182806776, 0.015915802363364377, 0.01409204731104506, 0.03653243892034722, 0.015142869539229487], [0.7325089483719407, 0.12021736552690085, 0.05550717454432157, 0.039644587674173455, 0.03932149459684352, 0.012800429285819946], [0.25349682628741976, 0.38926294842675685, 0.05473179632107586, 0.10995919882942547, 0.18254923396062192, 0.009999996174700215], [0.4764949245544949, 0.3703681084909154, 0.043703511291035765, 0.04163290601210354, 0.05628041085092314, 0.01152013880052725], [0.8402381025189852, 0.07949683989644403, 0.01534928691931774, 0.033560531952488586, 0.01648841347979556, 0.014866825232968811], [0.8305842016686195, 0.07091138872242479, 0.01942389892518135, 0.03449140275811985, 0.025409336612802723, 0.019179771312851906], [0.8295099072324091, 0.07258661429484235, 0.019421344877013483, 0.03447239690817446, 0.024744014801737182, 0.019265721885823345], [0.12754329768445793, 0.05849956338808825, 0.020186544559229958, 0.054765071909984, 0.7190802726103412, 0.019925249847898525], [0.7397403525114734, 0.11322193768851517, 0.020652776748653873, 0.0783520089275787, 0.027661594591926297, 0.02037132953185258], [0.7290006222278592, 0.12214088370707644, 0.021081776251057237, 0.07989577233800384, 0.02752542678939965, 0.020355518686603662], [0.1540513146434251, 0.09539279082176116, 0.06369793156728538, 0.03235774890420467, 0.6432875990562971, 0.01121261500702653], [0.834779090712419, 0.06172289472349712, 0.03912576990647873, 0.012216118537947464, 0.04215613513157039, 0.009999990988087536]], [[0.8347241518670413, 0.06200897833084736, 0.038733865856464905, 0.012242642253275088, 0.04229037070428386, 0.009999990988087536], [0.15907156337837494, 0.09455154811028754, 0.06473935545210381, 0.032348536905570976, 0.638138970990564, 0.011150025163098673], [0.26197909217010185, 0.3276832293768866, 0.011957269201779598, 0.17226112695659043, 0.21501160770959218, 0.011107674585049366], [0.7515809502747524, 0.10926296608756875, 0.0205582568317412, 0.07786979088488648, 0.020507920079818318, 0.020220115841232764], [0.8137906575877255, 0.0887540238456229, 0.019396904198973795, 0.041911292701979144, 0.016982441537675395, 0.019164680128023286], [0.8473378519883688, 0.06278525619726472, 0.01928325613168569, 0.0318674770122511, 0.01957386511738459, 0.01915229355304515], [0.8476169882378454, 0.05937412399829298, 0.01922460634572514, 0.030751512365202256, 0.023918778688677724, 0.019113990364256556], [0.8557145633504802, 0.053683544888054525, 0.019260859616700775, 0.03135220673933274, 0.020851350723265664, 0.019137474682166047], [0.8402640606330738, 0.06615041276453802, 0.019328273209556216, 0.033071122091085065, 0.022008136034067035, 0.019177995267679784], [0.09877117099763605, 0.063911193727696, 0.020255450030935682, 0.058107517353983056, 0.7389611139760535, 0.019993553913695703], [0.26397948763957957, 0.17445816203962045, 0.02080759143124376, 0.028138125686978516, 0.492256534608108, 0.020360098594469744], [0.6572527314906567, 0.23451423766097518, 0.019999772616632546, 0.01633336550884562, 0.0522276011805206, 0.01967229154236953], [0.2510008719766956, 0.17443081614963907, 0.020907958065529204, 0.028231061802040668, 0.5049217930944769, 0.02050749891161848], [0.10584215974820792, 0.06708238030877707, 0.017592874627494797, 0.03675467671639269, 0.7554436382451565, 0.01728427035397104], [0.2269762162153146, 0.18044463111760325, 0.021420400577278873, 0.02871731273220593, 0.5214933420918207, 0.020948097265776625], [0.06319150259044082, 0.06663634685263387, 0.018511175254625173, 0.06491794745585364, 0.7685856402113864, 0.018157387635060102], [0.7449233145211076, 0.11195347655070464, 0.020632268264468158, 0.07839583280585428, 0.023797971264171294, 0.020297136593694035], [0.8140614020126212, 0.08356738642665269, 0.01950597643057593, 0.03892456502392249, 0.024657881074110273, 0.01928278903211742], [0.2897444215134261, 0.050468167589288356, 0.01567375450217947, 0.046274536418920036, 0.5823971715565315, 0.015441948419654553], [0.5286044054478908, 0.1742368074365098, 0.015476267227765794, 0.012253547140928512, 0.25420399204331023, 0.015224980703594883], [0.5302624199063737, 0.3876258472910005, 0.015500689436622679, 0.012809747260303591, 0.038572805140487866, 0.015228490965211611], [0.5329168220784399, 0.38878548633777127, 0.015475533695666885, 0.012947773232438448, 0.03465940321564426, 0.015214981440039084], [0.7436245747682652, 0.17376085195016583, 0.015476542436681133, 0.012292009796255438, 0.03962141823618801, 0.015224602812444409], [0.29497032921065264, 0.049186476318700094, 0.015653123180619857, 0.045098506054609806, 0.5796814145906051, 0.015410150644812534], [0.653822940110278, 0.05314362726737426, 0.014994834032295444, 0.24131681283710693, 0.021876669008484555, 0.014845116744460995], [0.04231619441106931, 0.040833031062752975, 0.015609039372444084, 0.03980645687306768, 0.8460576131006041, 0.015377665180061936], [0.8413849706636962, 0.07543244507583274, 0.015111536480556288, 0.03362876823195543, 0.019557796044460344, 0.01488448350349889], [0.7964410762909194, 0.08780227191080207, 0.015946027768320988, 0.061930367653483115, 0.022246401606999006, 0.01563385476947525], [0.23296756293524246, 0.119764785112159, 0.011360175249129544, 0.44427072703265397, 0.18075973722171917, 0.010877012449095804], [0.7320169357111671, 0.12125881901991167, 0.047507399169009534, 0.041558998007510034, 0.044928070373153176, 0.012729777719248452], [0.8388064653201937, 0.07458291830160955, 0.018197149040809105, 0.011721314437890712, 0.046692162844194654, 0.009999990055302277], [0.0831164808140004, 0.08098401258067492, 0.04615144936578197, 0.03140111374257871, 0.7483469468289371, 0.00999999666802698], [0.4673628350230996, 0.3755995571607464, 0.0459833309890514, 0.02442232183433477, 0.0766319597107793, 0.009999995281988458], [0.0734645809125473, 0.07620906916964569, 0.031523533193994674, 0.04320214399629364, 0.758849055812931, 0.016751616914587666], [0.8283815574870805, 0.07353899660757315, 0.019489573336125048, 0.03454084304920613, 0.024792087351836883, 0.019256942168178335], [0.8031545945975486, 0.09356407638564034, 0.019467956983850985, 0.043268112316649836, 0.02131887842858201, 0.019226381287728262], [0.7466671008313118, 0.11227162262715512, 0.020629983751414113, 0.0785781829877903, 0.0215719571561333, 0.020281152646195427], [0.39595590402317327, 0.247399738857045, 0.015656018567396783, 0.13801403000766688, 0.18858851057270754, 0.014385797972010549], [0.5883723181794753, 0.19349994723011568, 0.08122443584266376, 0.05175937509938834, 0.0703032866614961, 0.014840636986860754], [0.8304937938007325, 0.061082816540715644, 0.04413860560072543, 0.012172960645306673, 0.04211183242443225, 0.00999999098808754]], [[0.8329352610791568, 0.06095450363689188, 0.0420265889375061, 0.01215590322732233, 0.04192775213103546, 0.009999990988087536], [0.6458577569776962, 0.12845533730661526, 0.09348798280482701, 0.03922364944149713, 0.08150276542869311, 0.011472508040671167], [0.749688731697622, 0.04666046913769638, 0.02040127758557049, 0.07647533760980064, 0.08723477106188833, 0.019539412907422168], [0.7555363977036004, 0.1047883052123343, 0.020523250622422946, 0.07703298580014108, 0.021841540936925277, 0.020277519724576035], [0.8199784550596904, 0.07815475325608671, 0.019430176044635955, 0.0377821415278024, 0.023943927616761864, 0.020710546495022564], [0.7253855973164125, 0.02629090930868224, 0.01871940301130816, 0.026817218411489145, 0.18416885743657044, 0.018618014515537448], [0.06992938172969466, 0.08006360817121874, 0.013360106295243465, 0.03095827865533319, 0.7924497883094883, 0.013238836839021592], [0.8475679845092933, 0.061298470122214954, 0.01926255313408295, 0.03130740931629918, 0.021440843289764297, 0.01912273962834541], [0.8423174257112347, 0.06661442802756767, 0.019340927675219294, 0.03304948389519352, 0.019501176343659863, 0.019176558347124877], [0.7935281392723145, 0.09761777827745755, 0.019526296494616336, 0.043884240532122594, 0.026142240370049696, 0.019301305053439424], [0.7366200771014678, 0.11766951133695748, 0.020723810415203905, 0.07948394701580155, 0.02513538584953408, 0.02036726828103522], [0.4072532524251108, 0.21183968159089675, 0.014787566431427469, 0.13634911599903066, 0.21547265386115258, 0.014297729692381819], [0.08649838860143484, 0.06803953669143517, 0.018808523527333806, 0.06585074772305886, 0.742364397936512, 0.018438405520225406], [0.8091436177760452, 0.08585584649208064, 0.02022142752048834, 0.027674060433185023, 0.03712006137263882, 0.01998498640556196], [0.8062606156747666, 0.08721983656148073, 0.01956416993243235, 0.03885373181958495, 0.02873528760096627, 0.01936635841076895], [0.08716137260834717, 0.07081564693441969, 0.020334790776561844, 0.059805300856883514, 0.741809885468323, 0.020073003355464712], [0.8211218146192132, 0.07468750679916757, 0.02015932258168855, 0.024537679129419464, 0.03955762354488654, 0.019936053325624682], [0.8297760368891918, 0.07174272380256588, 0.020089893927296678, 0.024296167717772748, 0.034239613289770564, 0.019855564373402464], [0.8598874662904525, 0.06403302277386796, 0.015552370362702716, 0.020845877708197486, 0.024301804641530048, 0.015379458223249246], [0.527027700788581, 0.389497822696706, 0.015463496007332888, 0.012763180233118563, 0.040037309424157494, 0.015210490850104204], [0.2863674138145743, 0.12639449558349228, 0.011896319246368612, 0.1714564690652203, 0.39236394287641774, 0.011521359413926664], [0.7513010144573562, 0.1698257585113287, 0.015517056207455155, 0.012895305244782504, 0.035215948718404055, 0.015244916860673403], [0.8543414702887174, 0.06612229565256697, 0.01560122354061656, 0.021072029334237706, 0.027445616164991724, 0.015417365018869606], [0.07452826130180841, 0.04908164611749444, 0.015623809716630983, 0.044846475506597, 0.8005022405973226, 0.015417566760146613], [0.8673376719401678, 0.053797570276726714, 0.014944478841556712, 0.026675707116037894, 0.022394858314675494, 0.014849713510835553], [0.8675831135568967, 0.053899721523881006, 0.014968285537330539, 0.025972669693027476, 0.022723124795758776, 0.014853084893105557], [0.8525939098057015, 0.06577804452993104, 0.015082108073567049, 0.02981476555767571, 0.02180736398195876, 0.014923808051166058], [0.0573547197692519, 0.05204087975217796, 0.014449641900088822, 0.04946171511177253, 0.8125526692147531, 0.014140374251955759], [0.5218556889491455, 0.38884223357947423, 0.015512731108503375, 0.014065571347407739, 0.044550208633401915, 0.015173566382067344], [0.11981503569573894, 0.08492644034352077, 0.035351737438042756, 0.03254732577736987, 0.717359463987479, 0.009999996757848852], [0.7271805768350624, 0.1240014121837761, 0.04935231991699649, 0.039609286941557104, 0.04718708784782646, 0.012669316274781456], [0.8366479244505332, 0.0706019381456393, 0.02590277873109475, 0.01152137287858244, 0.04532599573884825, 0.009999990055302294], [0.8363449300618526, 0.07615330358300924, 0.021030604177626925, 0.011782288728548222, 0.044688883393660755, 0.009999990055302284], [0.07820847213734258, 0.07238334373253202, 0.03819705552285771, 0.042359845005663734, 0.7521543844943142, 0.016696899107289824], [0.8284781787479583, 0.07329792288016897, 0.019583973328333233, 0.03426931874200783, 0.025119518607443145, 0.01925108769408861], [0.8152701501589731, 0.08269807726302923, 0.019536502657886607, 0.0385170070766725, 0.024689757204125307, 0.019288505639313298], [0.7483663180375468, 0.1115622494855162, 0.02061485354510511, 0.07818256781366734, 0.020975880679993668, 0.02029813043817086], [0.7347344169095142, 0.12016762778141492, 0.021201495643120252, 0.07980756296759205, 0.023802734734957268, 0.020286161963401265], [0.6458860597772301, 0.12988224505261287, 0.09197769629801296, 0.03936822826317708, 0.08142411100011412, 0.011461659608852892], [0.832909303885481, 0.06124104212015107, 0.0416028482152809, 0.012182825811914143, 0.04206398897908545, 0.009999990988087536]], [[0.8418543550823225, 0.05538229177201976, 0.042198158634051026, 0.011685960775913449, 0.038879242747605736, 0.009999990988087518], [0.6488925528120368, 0.08273083457357244, 0.07559762641906481, 0.04670034718898744, 0.12756049701802516, 0.01851814198831333], [0.18086871548154332, 0.1076163656525767, 0.013181025312915725, 0.032735075248646356, 0.6529123954273389, 0.012686422876978862], [0.8199996491889464, 0.07730721064526389, 0.019379897822421124, 0.03739181222687733, 0.025242703923588607, 0.020678726192902584], [0.17312239091325887, 0.1261299456572189, 0.013370993356921282, 0.023893745799846076, 0.18972101937575256, 0.4737619048970023], [0.06824109217578993, 0.08896829639193116, 0.013335435595319942, 0.031686044406385026, 0.783067188285895, 0.014701943144678833], [0.7221067589512807, 0.021195170999565544, 0.018338505294133344, 0.02498094129037259, 0.1936633228355003, 0.019715300629147548], [0.855963329583754, 0.05115590408342149, 0.019213794560076818, 0.03083569985438348, 0.022256327652558815, 0.02057494426580547], [0.8424366612596169, 0.06389508501696617, 0.019302696533954024, 0.03282420755018827, 0.022363227897753257, 0.0191781217415214], [0.09987152205440668, 0.05901322749224598, 0.020263072686521093, 0.05511876774974425, 0.7457494406926846, 0.01998396932439753], [0.7369817552971141, 0.11512399744186451, 0.020707519478578358, 0.07892236073098619, 0.027882028926890304, 0.0203823381245666], [0.7459548344721828, 0.11273575620054062, 0.020612902073016186, 0.07880986460843688, 0.02160396269702089, 0.02028267994880264], [0.7472231447994814, 0.10956479833984414, 0.020587259553145255, 0.07793558569041295, 0.024406123968397024, 0.020283087648719327], [0.8174614518437465, 0.0824730288768614, 0.01951550392581427, 0.038577799472508605, 0.022680969990064113, 0.019291245891005223], [0.8306511397996819, 0.07172993902305796, 0.01937783437529588, 0.03507879357029078, 0.02394840735371219, 0.019213885877961454], [0.05628359093109183, 0.05456289182037685, 0.020148741161309876, 0.05250438524410772, 0.7965597967476667, 0.019940594095447052], [0.8157193002014667, 0.08139003616163636, 0.019488774286006358, 0.038356110661253474, 0.02575955643598475, 0.019286222253652514], [0.7552615838368112, 0.1066958859034368, 0.020533327326343637, 0.07685088851824476, 0.020431970322245828, 0.020226344092917826], [0.7548016441812563, 0.16583663028357404, 0.015532499512932205, 0.012887928880550108, 0.03565132926738921, 0.015289967874298125], [0.19378367884911274, 0.3536448552519207, 0.016321101770391908, 0.021713554846363756, 0.3985535968597536, 0.01598321242245737], [0.18586333013635833, 0.13518955556959145, 0.016280886292765695, 0.022318268810932004, 0.624395321683907, 0.015952637506445447], [0.5896298062971856, 0.3009597367317205, 0.015880622177128285, 0.05945530750199023, 0.01842900667395486, 0.015645520618020513], [0.8553652101998812, 0.0645860834409179, 0.015053676555575364, 0.02977303453976882, 0.020337064536408336, 0.014884930727448498], [0.040883049387103534, 0.04228639699948052, 0.015539786472299038, 0.04057898341328205, 0.8453278014567244, 0.015383982271110527], [0.039359096708154497, 0.037378468146168714, 0.015433687094338035, 0.038926431715848885, 0.8536111820883233, 0.015291134247166525], [0.04435541246128497, 0.04109506548492832, 0.015548004256450414, 0.03948997026133985, 0.8441307879027615, 0.01538075963323498], [0.8526177144646544, 0.0656811195494979, 0.015086868321712741, 0.029757218697223153, 0.02192837618100505, 0.014928702785906908], [0.8463051952560566, 0.06618757031146105, 0.015099034295891281, 0.030045590226260323, 0.02743122181540368, 0.014931388094927], [0.09052433807008471, 0.05533210565131259, 0.015658175262677362, 0.04581720503007385, 0.7772379590730687, 0.015430216912782785], [0.06924382435663731, 0.05394089840497167, 0.013843413823815619, 0.027689811723007565, 0.8219630379233999, 0.013319013768168055], [0.7324072450108137, 0.1187793204964301, 0.05241291926774672, 0.039883956833089186, 0.04372398153067598, 0.01279257686124427], [0.5320072307280017, 0.0865988658271209, 0.07734151577330851, 0.12707182867409847, 0.16698056313590737, 0.009999995861563143], [0.836868560711154, 0.07077057247736797, 0.026011754000869608, 0.011596973360688, 0.04475214939461824, 0.009999990055302294], [0.6665378911905935, 0.05417983172209539, 0.04522805953229747, 0.05750762180755638, 0.15751938918799033, 0.01902720655946694], [0.6729176238038129, 0.042797894121409955, 0.030693123059727816, 0.045556577386818675, 0.18940080044038377, 0.01863398118784683], [0.14400235487085639, 0.058153899669932355, 0.020242342801545812, 0.05420405557149049, 0.7035416277361902, 0.019855719349984802], [0.8099618706787064, 0.0839912993835309, 0.019555326737636786, 0.03823854434022798, 0.0289074843696297, 0.019345474490268185], [0.13252527722134294, 0.06281662091672036, 0.020588824302405627, 0.052862051256697004, 0.7112315245350257, 0.019975701767808458], [0.16330154845907854, 0.10552485593223092, 0.06100834954496696, 0.027245383640374092, 0.631182188814365, 0.011737673608984454], [0.8348288287088905, 0.06143763411230394, 0.03952198240622289, 0.012189585563091758, 0.04202197822140334, 0.009999990988087534]], [[0.8617863532168287, 0.04888520929506713, 0.030701796192149373, 0.010960887517980227, 0.03766576278988708, 0.00999999098808749], [0.68935405185622, 0.07205114827957416, 0.060509584397739506, 0.041812288611898216, 0.11720795481649057, 0.01906497203807753], [0.06406317010416342, 0.08967941294160847, 0.013620822776464444, 0.031161913656062863, 0.7882075825396838, 0.013267097982016796], [0.8469929768819822, 0.060940904266877226, 0.019229789118755693, 0.03171960590800399, 0.021983793331465912, 0.019132930492914986], [0.8453531171686527, 0.0619981536042657, 0.019243239013736185, 0.03200851641093113, 0.020800614534844795, 0.0205963592675694], [0.7151339005389338, 0.022358586151405895, 0.01828576230861578, 0.025847790453303997, 0.19871756578469887, 0.019656394763041776], [0.1909379874068203, 0.11235839566293813, 0.013334154046301236, 0.023106606867024027, 0.18650095112774503, 0.4737619048891713], [0.20161878696509827, 0.11167004786949046, 0.013337452884764374, 0.02310284062010912, 0.17650896677078015, 0.4737619048897575], [0.8348988489962843, 0.06606578531848517, 0.01925636409293455, 0.0335948121357734, 0.02410556208274686, 0.022078627373775736], [0.10211240448814049, 0.06030246479907571, 0.020196476259534715, 0.056798722576485855, 0.7406212792076392, 0.01996865266912402], [0.11345652426686983, 0.0622933951634065, 0.020227569914995667, 0.05749162140321863, 0.7265788013108996, 0.019952087940609747], [0.8040735660238185, 0.09211304792848173, 0.019427366600023636, 0.04311394657560437, 0.022053467736641245, 0.0192186051354305], [0.7042067833122188, 0.032909176930401685, 0.01876301527386019, 0.03151361627206267, 0.19402599144533741, 0.018581416766119234], [0.8231968971708943, 0.07820762003921285, 0.01942954396591983, 0.037589119678145724, 0.022347089554578942, 0.01922972959124842], [0.7268772401844786, 0.02722810681017023, 0.018792096887906694, 0.02748135994197146, 0.18095189203015807, 0.01866930414531496], [0.7220061155453646, 0.027031878320487025, 0.018774525897663333, 0.027658177091557958, 0.18587472294230775, 0.018654580202619266], [0.710180203166457, 0.03814845588085277, 0.019261523113782705, 0.03633564200652508, 0.1769966303663097, 0.019077545466072713], [0.7642836530519893, 0.04030565686275006, 0.019656333714359302, 0.07378596054939761, 0.08258789129270934, 0.019380504528794286], [0.4924739834233, 0.11932839687332539, 0.01202797886760472, 0.1531188652284135, 0.2113589199917221, 0.011691855615634253], [0.7438554456860339, 0.17195415947261566, 0.015438952149998013, 0.012849769685424948, 0.040685288828151416, 0.015216384177776146], [0.07085739586977627, 0.05282420990560385, 0.013468852509379499, 0.027267194362234792, 0.8223098313987618, 0.013272515954243636], [0.8518898110499373, 0.0664824915227395, 0.01508122333858283, 0.02977830366095417, 0.021846054844439734, 0.014922115583346494], [0.859973360149497, 0.06323568866895106, 0.01505511480879342, 0.02948105002464204, 0.017379435472319023, 0.014875350875797472], [0.8715901895269237, 0.053065856455005216, 0.014947165926139691, 0.025754315070063302, 0.019795964581747597, 0.014846508440120613], [0.8791946256076979, 0.0431696649095368, 0.014900608583016096, 0.024322833862332274, 0.02359607593114986, 0.014816191106267048], [0.873703848200474, 0.04873359866581492, 0.014954988893316814, 0.026177720766653964, 0.021580965083805196, 0.014848878389935163], [0.8673446379862277, 0.053914203265429776, 0.014961699847271186, 0.02606056926397064, 0.02286499382352396, 0.014853895813576835], [0.04392423024492114, 0.040570077137218406, 0.01553842051018686, 0.039051439802428714, 0.8455299649611443, 0.015385867344100504], [0.8608113450253282, 0.05858130993487529, 0.015009452376805833, 0.027482239182807185, 0.023233582165986325, 0.014882071314197031], [0.8469370860132273, 0.06813383938978278, 0.015130155585582913, 0.030267747994042256, 0.024594611712820943, 0.014936559304543766], [0.7933305969927948, 0.09290883333572866, 0.01638162321328652, 0.0610488489