{"prediction": [[[0.8611049287657373, 0.042114228641575574, 0.037916148956982976, 0.010915703281728478, 0.03794900407309748, 0.009999986280878108], [0.86313656245785, 0.040329974611808095, 0.03767299957939228, 0.010761103723344802, 0.03809937334672679, 0.009999986280878089], [0.8552233870506402, 0.04358579673374979, 0.03962769462104389, 0.011130747094006821, 0.04043238821968101, 0.009999986280878203], [0.8430115706249698, 0.04921457162853911, 0.0435798021317084, 0.011721077040872408, 0.04247299229303196, 0.0099999862808783], [0.8372030962939461, 0.05034816024291871, 0.045778816181133636, 0.011869853093249725, 0.044800087907873515, 0.00999998628087832], [0.8380758628055013, 0.051924903386431645, 0.04346947603557951, 0.011961711549332047, 0.0445680599422773, 0.009999986280878326], [0.8409751175110475, 0.053205835444812055, 0.03867979938414964, 0.012074805128792873, 0.04506445625031975, 0.009999986280878299], [0.8442237023605996, 0.05261759225848528, 0.035297185917767766, 0.012080194880346869, 0.04578133830192233, 0.009999986280878262], [0.862681107339201, 0.04797338360462698, 0.026332665938295086, 0.01152114454046485, 0.041491712296533936, 0.009999986280878125], [0.870707227894922, 0.04418854545479726, 0.024616398881160035, 0.01110595526767535, 0.03938188622056733, 0.009999986280878016], [0.8641731160031333, 0.045510692176194356, 0.026862344052752788, 0.011291792203889095, 0.04216206928315231, 0.009999986280878117], [0.8616080318284417, 0.043933406762559205, 0.03192437284288395, 0.011144673433421388, 0.041389528851815655, 0.009999986280878151], [0.8586660264082135, 0.044156235966829965, 0.03562207142639839, 0.011116244644855803, 0.04043943527282407, 0.009999986280878182], [0.8548215985183264, 0.04400905863273639, 0.03863239889111123, 0.011169285250461776, 0.041367672426486035, 0.009999986280878222], [0.8562605636016929, 0.04428671889434219, 0.03658006453522392, 0.011200724734971622, 0.04167194195289116, 0.009999986280878212], [0.8516429475517826, 0.04612592408580638, 0.04008383028006353, 0.011399588166680446, 0.04074772363478875, 0.009999986280878267], [0.8392103755369109, 0.05113996551714058, 0.04343901577236957, 0.011939120698566067, 0.044271536194134646, 0.009999986280878302], [0.8429040242404356, 0.05401584369188661, 0.037524466835666154, 0.012158834191548739, 0.04339684475958466, 0.009999986280878283], [0.841661409283185, 0.055214813436436375, 0.03786636913276812, 0.012213251294571745, 0.043044170572160485, 0.009999986280878293], [0.8406913666286985, 0.05350261853100676, 0.04055130610176625, 0.012113674657115195, 0.04314104780053502, 0.009999986280878309], [0.8435472786893506, 0.052770383861933334, 0.03781055679287754, 0.012097807020995763, 0.04377398735396446, 0.009999986280878276], [0.852352677531394, 0.05150281658476668, 0.03082549690990378, 0.011941819053925364, 0.043377203639131945, 0.009999986280878212], [0.860537112368415, 0.04933086501797204, 0.02624580689164465, 0.011664386396001479, 0.042221843045088615, 0.00999998628087814], [0.8614450206532073, 0.04962446704874703, 0.02483084011513099, 0.011683854441973807, 0.04241583146006295, 0.009999986280878123], [0.8707935925359698, 0.04433177288023534, 0.024300954861816895, 0.011119849094466882, 0.0394538443466332, 0.009999986280878018], [0.8643290843098564, 0.045639815913623615, 0.026498685819431236, 0.011304945153393288, 0.042227482522817474, 0.009999986280878117], [0.8654115118119522, 0.0450442764809125, 0.026350361524423858, 0.01124028827594476, 0.04195357562588846, 0.009999986280878097], [0.865251845433458, 0.04491960060275334, 0.026712521724863422, 0.011227350291486254, 0.04188869566656071, 0.009999986280878101], [0.8718123592520878, 0.04261806158392401, 0.026025874009808155, 0.010960258366119226, 0.03858346050718276, 0.009999986280878], [0.8727229465707064, 0.042707554473352914, 0.024956577757732804, 0.010947142983425804, 0.03866579193390413, 0.009999986280877983], [0.8735126564533339, 0.0428044079366049, 0.023934950867924614, 0.010950166511010249, 0.038797831950248246, 0.00999998628087796], [0.8715226050580299, 0.0431594309546618, 0.025439186289392395, 0.010998380920273604, 0.03888041049676435, 0.009999986280878], [0.870592211177948, 0.04306590969036566, 0.026536165531679666, 0.011011051941552599, 0.03879467537757608, 0.009999986280878021], [0.8638979375336847, 0.044403438205549955, 0.02907896849785798, 0.011177431523291016, 0.041442237958738234, 0.009999986280878123], [0.8649674970655085, 0.04586756021989728, 0.026885174934294615, 0.011258809051653289, 0.04102097244776848, 0.009999986280878104], [0.8637875500563956, 0.04579843883839081, 0.02832696976692424, 0.011252599495949093, 0.040834455561461966, 0.009999986280878118], [0.8649674970655085, 0.04586756021989728, 0.026885174934294615, 0.011258809051653289, 0.04102097244776848, 0.009999986280878104], [0.8588203410912972, 0.04294018035059129, 0.03599445195477562, 0.01104763657568489, 0.04119740374677293, 0.009999986280878176], [0.8569557221618572, 0.04242776829770267, 0.03877149255317013, 0.010993882029829831, 0.040851148676561935, 0.009999986280878182], [0.8608091078251001, 0.04200115586108946, 0.038451625227968, 0.010907782833948665, 0.03783034197101578, 0.009999986280878118]], [[0.8629589863235136, 0.040446435486473774, 0.03766550887551429, 0.010774013167283313, 0.03815506986633691, 0.009999986280878094], [0.8092474777611233, 0.0874305453244165, 0.03749709139504068, 0.009999988846954855, 0.04474719005514961, 0.011077706617314923], [0.7822651869847689, 0.10843583646034927, 0.04827608102829452, 0.009999989006051237, 0.04007699548860345, 0.010945911031932798], [0.7579600923339737, 0.042831614611649874, 0.039015364058776536, 0.0314570490860755, 0.11508904757693558, 0.013646832332588767], [0.8511914781635921, 0.04851722195483455, 0.03900684776432929, 0.010476366002503106, 0.040808100652812075, 0.009999985461928994], [0.16156411873761908, 0.07325376035367075, 0.04893436945277747, 0.031382408995841875, 0.6748653482609861, 0.009999994199104753], [0.16669491450141086, 0.07406626657303912, 0.048344837579094406, 0.026683334147255103, 0.674210654763609, 0.009999992435591689], [0.553727157318743, 0.04453820504922366, 0.03942112485643279, 0.031870925682371674, 0.31695056187364146, 0.013492025219587464], [0.7740946218884454, 0.040551502491344184, 0.03324605611476482, 0.029533890556579002, 0.10857735911384346, 0.013996569835023231], [0.781509561823572, 0.04015211319758616, 0.03180813635574958, 0.028598920164696305, 0.1038390008325595, 0.014092267625836303], [0.7374258021737731, 0.09519325925486073, 0.07251154879173959, 0.014283529452843316, 0.06691692541918598, 0.013668934907597356], [0.03721172059695288, 0.14375011005637958, 0.26283462395015994, 0.026676170180709308, 0.516278935425257, 0.01324843979054119], [0.7279236422790452, 0.0983146443937209, 0.07076982046517448, 0.01406952133002719, 0.07537714664110318, 0.013545224890929262], [0.03614987679724902, 0.14424608342029757, 0.07443798731440629, 0.026801895093621655, 0.7052197954968399, 0.01314436187758555], [0.8917603403382403, 0.03461933546400272, 0.02099964654740419, 0.00999993844797566, 0.03262080075440151, 0.00999993844797566], [0.7125865698134801, 0.11141420329431917, 0.0915976099674286, 0.013986104598816681, 0.05738559786425827, 0.013029914461697163], [0.6802618244012877, 0.12347585411075948, 0.10504842448935565, 0.01500582174049341, 0.06377380474151659, 0.012434270516587244], [0.15215183974026245, 0.07141396941812922, 0.048503821907263565, 0.031843756563329356, 0.6860866162680457, 0.00999999610296982], [0.22969577625667348, 0.0939318426713032, 0.07323618302075294, 0.03533432228168438, 0.5562674297886433, 0.011534445980942725], [0.21440025155989859, 0.09578350216213737, 0.07717404064745105, 0.04089747020404208, 0.5601878649576975, 0.01155687046877354], [0.48356455655544206, 0.27293692268935665, 0.0670974871642022, 0.03744655788117893, 0.1258590546147051, 0.013095421095115098], [0.5762209270582542, 0.16414761253484828, 0.14193746354407194, 0.01955826653748701, 0.08256185140974759, 0.015573878915590807], [0.6712431266418808, 0.059122127490866844, 0.05302631700389579, 0.04216027942291896, 0.15719352492161853, 0.017254624518818942], [0.7030221192930071, 0.05364364889144871, 0.044354389456302296, 0.03882586783408266, 0.1424492592935094, 0.01770471523164985], [0.6637631806887513, 0.12464932637863593, 0.09546674563809926, 0.018284103659120865, 0.08044144585406733, 0.017395197781325297], [0.6571031010215298, 0.12441138322884453, 0.09567060463469391, 0.018189574922518034, 0.08732534840217855, 0.017299987790235134], [0.04546824492816892, 0.19193050013800628, 0.09214687053180731, 0.034830548013356596, 0.6188375256289347, 0.016786310759726145], [0.6586827906497799, 0.12422088594981705, 0.09238112101018758, 0.018229841497771997, 0.08911568572301685, 0.017369675169426654], [0.7123505629376035, 0.041096778232679425, 0.03254539590644925, 0.03569011438798791, 0.16084702350256802, 0.017470125032712096], [0.8046339911408176, 0.0918695458689426, 0.03628353638144191, 0.009999989105697533, 0.04607464079645384, 0.01113829670664659], [0.8067204667559654, 0.09130829515129443, 0.03535103281262113, 0.009999989036353189, 0.04553360250807914, 0.011086613735686706], [0.8034644810091974, 0.09241154109208372, 0.036762171478380165, 0.009999989134350575, 0.04622964556270441, 0.01113217172328374], [0.7122251772172489, 0.040869838147229005, 0.03214765826750113, 0.03585531369469903, 0.16143675906395094, 0.01746525360937106], [0.6990513048500363, 0.04318490217033971, 0.03388117033726906, 0.03717621110529807, 0.1693695554040743, 0.017336856132982435], [0.06123286536132721, 0.10803268302783287, 0.042598321430559985, 0.009999990988364084, 0.7669398345405521, 0.011196304651363764], [0.07675251384908957, 0.20959267767160097, 0.10237739187399401, 0.03400520091677858, 0.5610765713693813, 0.01619564431915558], [0.6968211368129267, 0.05296819740505563, 0.042625425573555545, 0.037519260548907085, 0.15249304398680433, 0.017572935672750745], [0.061160709588412486, 0.10300597091850623, 0.04691157795777136, 0.00999999074572778, 0.7677405672761137, 0.0111811835134685], [0.773132520861836, 0.11036982882843346, 0.049559898704405275, 0.009999989030703624, 0.04605763899220192, 0.0108801235824196], [0.8537119778978636, 0.04434185399203315, 0.04076721570284022, 0.011201837193548196, 0.039977128932836545, 0.009999986280878224]], [[0.8640405370807974, 0.04002443443571699, 0.03695339698352824, 0.010728937925563143, 0.038252707293516285, 0.009999986280878089], [0.7893290569113218, 0.10460830723010553, 0.04591240793090896, 0.009999988813826471, 0.03915303632762551, 0.010997202786211581], [0.7839680782277375, 0.10815608506361112, 0.047461136000678736, 0.009999988886829951, 0.0394996850413338, 0.010915026779808797], [0.8871398232947014, 0.03896311217140026, 0.019913899884496974, 0.009999940248313629, 0.03398328415277403, 0.009999940248313629], [0.39217346663703634, 0.14919775309173497, 0.05529996954570972, 0.06296504255324906, 0.3286220517264714, 0.011741716445798443], [0.44404976272348007, 0.08304423543500666, 0.10865810909752671, 0.16975595485217201, 0.1844919433194971, 0.00999999457231762], [0.661453681227155, 0.22819521696176667, 0.011385085261519847, 0.03985936517203177, 0.04827193953951334, 0.010834711838013293], [0.5665850189139607, 0.3377782983940112, 0.012957616121234533, 0.012800721195544276, 0.057206468389831254, 0.01267187698541801], [0.4234572723346973, 0.2829405086193801, 0.01476222008043855, 0.011660338393325127, 0.25262071754000504, 0.014558943032153882], [0.42831921965330844, 0.46334283179596286, 0.015000546567774888, 0.011390232546186383, 0.06713866725224298, 0.014808502184524553], [0.5439467010659772, 0.3821466714069635, 0.014467370278756357, 0.009999985191558716, 0.03533090038875717, 0.014108371667987145], [0.7213730495415572, 0.20038508883821202, 0.015307304389671955, 0.009999985245188324, 0.0389951427651445, 0.01393942922022595], [0.033807439007775386, 0.3399318437486654, 0.07154336363125928, 0.027286482535597633, 0.5142955712082243, 0.013135299868478036], [0.8949983967725336, 0.037504645350934715, 0.015413191121968687, 0.009999939057141485, 0.03208388864028022, 0.009999939057141485], [0.03589222849207129, 0.15745876660765512, 0.07727075434106367, 0.026022118172810114, 0.6905000677149262, 0.012856064671473525], [0.6997935320814902, 0.11730776221140767, 0.09529721003320858, 0.014338760008199128, 0.06036650944091609, 0.012896226224778358], [0.6746625072801985, 0.2571221957544572, 0.013695547918837278, 0.009999985770065774, 0.03172044908021567, 0.012799314196225632], [0.1387476676769555, 0.2662992569306774, 0.01597051928504031, 0.028249098874462652, 0.5353806998114765, 0.015352757421387545], [0.23565558059439534, 0.28945216918226824, 0.012820531614041326, 0.17580469015064001, 0.27428620788919283, 0.011980820569462343], [0.18111770197805963, 0.3117111121116555, 0.016756029634750456, 0.04656798966444702, 0.42790209969768706, 0.015945066913400523], [0.20379885124946379, 0.30727228460074263, 0.01680731440868289, 0.036977352898218026, 0.41910598187670756, 0.016038214966185117], [0.47751766851232874, 0.35985422451212734, 0.01941095526941772, 0.06373397838544027, 0.06097911782649489, 0.018504055494191044], [0.6033021314040569, 0.30413983445155995, 0.01723820384752366, 0.009999986513228079, 0.04848767504930385, 0.016832168734327673], [0.6393746957388778, 0.26853815546210225, 0.017890106234781128, 0.0099999860994179, 0.04659339085632948, 0.017603665608491376], [0.6427543628983294, 0.26240232109834577, 0.018182783307764558, 0.009999985873059536, 0.04895949148149191, 0.017701055341008756], [0.6581018214173325, 0.23983232765974008, 0.018620809954224476, 0.009999985960286718, 0.05531736752455285, 0.018127687483863286], [0.6707383875108397, 0.224291534963498, 0.01893098621090653, 0.009999985932783123, 0.05755949622422873, 0.01847960915774389], [0.04612624716985068, 0.23988041240869318, 0.019835223678038156, 0.009999989820522236, 0.6648895713482134, 0.019268555574682482], [0.6718472413262268, 0.23687527445590825, 0.018530408907107446, 0.009999985880789668, 0.044420818188001525, 0.01832627124196627], [0.5422241715848461, 0.3084966875975588, 0.020632646290497728, 0.014708751378288983, 0.09355159818196597, 0.020386144966842393], [0.7348393753298782, 0.128049580560293, 0.012708952244380997, 0.026524583691993887, 0.08534510579859274, 0.01253240237486123], [0.5390713410887323, 0.31180772271308865, 0.020513833071456163, 0.014748317531769708, 0.09360212173244725, 0.020256663862505884], [0.6887342595429082, 0.21273110067501858, 0.018990821981530487, 0.009999985980234305, 0.05076197231536169, 0.01878185950494674], [0.07143775377169627, 0.25751101231435153, 0.019256247653520756, 0.009999991605388711, 0.6228879217051805, 0.01890707294986226], [0.6085658206158414, 0.29330759852620303, 0.01733812372911098, 0.009999986049914528, 0.05380163083148681, 0.016986840247443194], [0.6166389018234064, 0.29089551542144076, 0.017720289970593914, 0.009999986339489269, 0.0476072955853726, 0.01713801085969685], [0.44872909305620196, 0.43151612657335525, 0.01688707433323956, 0.015987926336239272, 0.0703076060692704, 0.01657217363169363], [0.4693237112212965, 0.3906036733941314, 0.018226309556749375, 0.014822807387992071, 0.0895383032688129, 0.0174851951710178], [0.7480995855098449, 0.1248727820823069, 0.05757618971412116, 0.009999989831183742, 0.048629786414499734, 0.010821666448043702], [0.8574162258451378, 0.04504765709801206, 0.03575085546896545, 0.011259080297137316, 0.040526195009869266, 0.009999986280878196]], [[0.8649291303912348, 0.04152212168697313, 0.03423147796085258, 0.010882767644169691, 0.038434516035891826, 0.009999986280878089], [0.7169958523952746, 0.03919536219356497, 0.03200728357211621, 0.03519412701796364, 0.1591881596862349, 0.017419215134845543], [0.8646267704232904, 0.04814559538207028, 0.019844513195576837, 0.011559862261535254, 0.04582327245664928, 0.009999986280878097], [0.5064711977613483, 0.3199751085908101, 0.08169709798582747, 0.015510278488540986, 0.06361444753071706, 0.012731869642756221], [0.4457533390258741, 0.3455303426591996, 0.0400124246231427, 0.03829013184147466, 0.11857446574000706, 0.011839296110301965], [0.17505124077701897, 0.4461204899438509, 0.016169516039558036, 0.017702225171777445, 0.3293925910646687, 0.01556393700312597], [0.4373691367067297, 0.45559085147986883, 0.014983259560979286, 0.029504489744749552, 0.047772388684427916, 0.014779873823244699], [0.6272272820245972, 0.2960844336663807, 0.015700750266160735, 0.019605811274044666, 0.02584135494645575, 0.015540367822360882], [0.7052844825525939, 0.22044113524508196, 0.013660422023866208, 0.009999985578680336, 0.03706543249387177, 0.01354854210590587], [0.5034811586791282, 0.4275911243015138, 0.013307959090086651, 0.009999985708571753, 0.03242078597041224, 0.013198986250287398], [0.17415724808516073, 0.20812157465803569, 0.014505827173556224, 0.009999990962332285, 0.5788713274675426, 0.014344031653372651], [0.502672711658921, 0.22888948274018323, 0.013654552183514856, 0.009999985400868917, 0.23148816190238114, 0.013295106114130843], [0.034666076460717975, 0.17304835960319134, 0.05979878485186341, 0.02758229482953676, 0.6919211138197053, 0.012983370434985111], [0.8844978010141593, 0.04595499165569726, 0.011776795971434406, 0.010506220591072252, 0.037264204869145084, 0.00999998589849181], [0.7424152237809103, 0.0992798271553714, 0.061108964420704064, 0.014597506259808421, 0.06883468109792241, 0.013763797285283387], [0.7203137057470202, 0.206730495175678, 0.014462283132920613, 0.00999998534675483, 0.03467596872946576, 0.013817561868160477], [0.43287341661650364, 0.48721414365263294, 0.015565070396932031, 0.019456265341484313, 0.029509215876235794, 0.01538188811621136], [0.3574028565136181, 0.2902605892111959, 0.015664979271864738, 0.034038000958107835, 0.28717697789961344, 0.015456596145600038], [0.43136356839509654, 0.37739626537421433, 0.019708588648059584, 0.033720774984499415, 0.11843265338151064, 0.01937814921661931], [0.4299349609449954, 0.3777859863052837, 0.019259756873736798, 0.026938930836033305, 0.12710714273725585, 0.018973222302694926], [0.42625542078749373, 0.2785898754212358, 0.011462644984905254, 0.11189898235379599, 0.16063470344469194, 0.011158373007877228], [0.4476722476430853, 0.37049402501151996, 0.01988047950490624, 0.02612170721065627, 0.11620919814509524, 0.019622342484737047], [0.4914974694909907, 0.41375082622173914, 0.019043129310396503, 0.026438233844134646, 0.030418695273069844, 0.018851645859669013], [0.21133842438424735, 0.2735458775534956, 0.01820243135845419, 0.009999992190935244, 0.4689109910369473, 0.0180022834759203], [0.20860707247729068, 0.27129561045348494, 0.01821793586292416, 0.009999991879064467, 0.4738710597952097, 0.018008329532026097], [0.06846972721386481, 0.25985670935510286, 0.019055247643249514, 0.009999991967773356, 0.6237471090489182, 0.018871214771091098], [0.04884055175892238, 0.2514636060468804, 0.01926380792256159, 0.009999991798193966, 0.651338429536139, 0.019093612937302655], [0.6504312228545225, 0.2516923186551213, 0.01804737674814569, 0.009999985845240972, 0.051887298449434335, 0.01794179744753515], [0.6670531066127733, 0.24192724366986496, 0.01832050770979292, 0.009999985905079833, 0.044477393172046145, 0.018221762930442875], [0.5166772757923705, 0.34662217952379537, 0.019471476331978512, 0.014582566362706842, 0.08327215172679855, 0.01937435026235028], [0.7129534321521569, 0.15008171821710903, 0.01238931214737303, 0.0271891974986851, 0.08505342037522168, 0.012332919609454276], [0.5253315585551225, 0.31441894898306877, 0.019968216139051833, 0.015077076878236739, 0.10534129387553504, 0.019862905568985123], [0.6837369408551798, 0.21441259490813652, 0.01878251186717698, 0.009999985849685342, 0.05437537839806938, 0.018692588121752028], [0.6589944825658203, 0.24693215946467634, 0.018203807953469063, 0.00999998589386414, 0.04777534638722719, 0.018094217734942936], [0.6249956751505229, 0.2819680440605956, 0.017459635005820713, 0.009999986248600413, 0.04826643026731979, 0.017310229267140605], [0.46559672211914327, 0.35612151615046833, 0.01926190158971662, 0.08041914246915999, 0.0595873986520677, 0.019013319019444107], [0.49638700336098474, 0.35277424904500404, 0.019269386801403252, 0.05251133425643223, 0.06002800651835555, 0.019030020017820188], [0.4954168551039478, 0.36631742167504905, 0.01920026593174212, 0.04256276765172646, 0.05783765558629554, 0.018665034051239007], [0.6783720568175055, 0.058105314374218314, 0.05110981445580198, 0.04157565396807, 0.15349331300175056, 0.01734384738265371], [0.8623902786105644, 0.04681251883371668, 0.028473928205189382, 0.011426001556670019, 0.04089728651298152, 0.009999986280878143]], [[0.8626889536759451, 0.04137443463099763, 0.03690477722692606, 0.010868981815366842, 0.03816286636988618, 0.00999998628087812], [0.8658663352698861, 0.043319596043236167, 0.02825670003361183, 0.011063908103848354, 0.04149347426853943, 0.00999998628087812], [0.051835911211283656, 0.21111625749946997, 0.09423211694351089, 0.03411862297013462, 0.5923572255863248, 0.016339865789276133], [0.5020416533161359, 0.32296004274672907, 0.08041375248772854, 0.01561440906341501, 0.06618377584320775, 0.012786366542783634], [0.5140540191803595, 0.22319252243872809, 0.013982392932960327, 0.009999985510043647, 0.22529834289224837, 0.0134727370456602], [0.4995984130612667, 0.4301501328605871, 0.013258014696892364, 0.009999985632389172, 0.03385630453907629, 0.013137149209788318], [0.6926136139506541, 0.22969425864529852, 0.013437489392169608, 0.00999998551561452, 0.0409419057486392, 0.013312746747624065], [0.4356331159269409, 0.4855977019963918, 0.0156505867816787, 0.019535838288530345, 0.02809880703172584, 0.01548394997473244], [0.5958792578984828, 0.263249885976264, 0.015097765925549771, 0.05888454977797759, 0.051962021868840885, 0.014926518552884882], [0.6034060370957609, 0.26433928926053835, 0.015042638202037047, 0.0536476749229747, 0.04870085854549765, 0.014863501973191286], [0.41854713196586557, 0.26935530270491237, 0.014897580966476275, 0.22301144824004737, 0.05947259566123454, 0.014715940461463888], [0.133599550273188, 0.4002914518673258, 0.01554695501087064, 0.00999999104397412, 0.42617561967509665, 0.0143864321295449], [0.030311773009731816, 0.1712241874977062, 0.24827821497580735, 0.02742347242919301, 0.5097257314963805, 0.013036620591181209], [0.8843643822066355, 0.0444948388790142, 0.01198647989192134, 0.010459172558451309, 0.03869514056548595, 0.009999985898491829], [0.7409304141256333, 0.1041822397035731, 0.06201798082231103, 0.015017143116793122, 0.0641613155166475, 0.0136909067150419], [0.7093082830290971, 0.21558263521397286, 0.013940096669928287, 0.00999998544417253, 0.03757243187467937, 0.013596567768149848], [0.19327171131916926, 0.1862485152277943, 0.012255538607842505, 0.028867075821036328, 0.5672694899912426, 0.012087669032915013], [0.347263095953696, 0.472577125446103, 0.01565887013534487, 0.05573397849590073, 0.09330244853593722, 0.015464481433018207], [0.4277212898220733, 0.3773148689937532, 0.0199289873769778, 0.04333670438755134, 0.11208001377044548, 0.0196181356491987], [0.43500891091115795, 0.3747697320550347, 0.019683097561492856, 0.03029321873655205, 0.12083421911308075, 0.019410821622681748], [0.3064855599510203, 0.2400102952485204, 0.009999990762855493, 0.012006799835055721, 0.4209533449193328, 0.010544009283215396], [0.3942092667614007, 0.372155313740555, 0.019789589474850985, 0.07381790338822848, 0.12049909068346963, 0.01952883595149532], [0.39120643707720015, 0.3761441893583553, 0.01999905232859934, 0.056111128164703795, 0.13679635972086276, 0.01974283335027876], [0.49766095623113404, 0.34426755379636603, 0.019235333500403778, 0.05207053005479274, 0.06774891022943112, 0.019016716187872422], [0.6076171936018901, 0.29265188417560006, 0.017184134638831894, 0.009999986274291791, 0.055513659662714494, 0.01703314164667152], [0.07620498680719862, 0.2580445123927193, 0.019078679346909252, 0.009999991955631506, 0.6177636816367249, 0.01890814786081646], [0.17564627425595425, 0.27116335047411905, 0.018461293603941376, 0.009999991943150469, 0.506463472440958, 0.018265617281876898], [0.6228751659330103, 0.28227348077618997, 0.01745780296469124, 0.009999986314582718, 0.05007958110920092, 0.017313982902324762], [0.45735109766159754, 0.42296309125033243, 0.01706037749331672, 0.016275660161094708, 0.0694154070110009, 0.01693436642265782], [0.47446958186312926, 0.3862406470167627, 0.017893081467460006, 0.015326738381116926, 0.08831359742016354, 0.017756353851367458], [0.4730773501196319, 0.3813230756740081, 0.017815072900913727, 0.015116852482756588, 0.09498513498756321, 0.01768251383512646], [0.051595399539054024, 0.25176280907888304, 0.019212312353720392, 0.009999991682597506, 0.6483753610099715, 0.01905412633577354], [0.6705577709699456, 0.23581964357760254, 0.01843790459346315, 0.009999985807822432, 0.04684240438789068, 0.01834229066327544], [0.07495503390006823, 0.25693875786455417, 0.019077402226861717, 0.009999991673604018, 0.6201287852911869, 0.01890002904372493], [0.5910629780682543, 0.31945372694337054, 0.016716547627730945, 0.00999998654391589, 0.04619349675536554, 0.01657326406136288], [0.513392509260305, 0.3463671679837105, 0.019130251544027636, 0.03964774139509945, 0.06257305987031524, 0.01888926994654197], [0.21511334715229696, 0.526653539189812, 0.014325717970483088, 0.10871517054238049, 0.12118864491732469, 0.01400358022770273], [0.5047433129029643, 0.3596346546542853, 0.019098844330411497, 0.0382795819393702, 0.05968112917761269, 0.01856247699535599], [0.6719893747928647, 0.07031409672425103, 0.05305555106953408, 0.047989163463213434, 0.13915387257325013, 0.01749794137688665], [0.8570783905863889, 0.04847756690938008, 0.028953291025217313, 0.01161813945319153, 0.04387262574494391, 0.009999986280878198]], [[0.857023868209372, 0.042735111582340564, 0.03855983413813522, 0.011032674811120042, 0.040648524978154084, 0.009999986280878193], [0.6497517911506527, 0.12865220462917884, 0.09055531861261155, 0.017896667183921643, 0.09601532847922116, 0.017128689944413994], [0.03956218083553197, 0.2048337357043524, 0.07205678874211274, 0.03611822736961347, 0.6304149229856459, 0.017014144362743497], [0.7250973375416772, 0.19759897824610503, 0.01457703515964187, 0.009999985269582123, 0.03871901690552568, 0.014007646877468093], [0.5361760183074045, 0.3835246328131457, 0.014110292157162353, 0.009999985146727003, 0.04217008864131542, 0.014018982934245198], [0.03830071438731788, 0.19572414750720052, 0.015014182837749626, 0.009999989995063945, 0.7260627494780679, 0.01489821579460006], [0.7158724393548358, 0.20500322747159325, 0.013928216087041163, 0.00999998521664755, 0.04136032168833159, 0.013835810181550598], [0.14552267026191262, 0.41699827872636813, 0.014037204212044014, 0.009999990262842649, 0.3995649972051676, 0.013876859331664812], [0.4301418608119009, 0.4565508841615396, 0.014865257858116144, 0.030791016969215074, 0.05295849876687212, 0.014692481432356273], [0.36750297088314904, 0.31063211964094883, 0.011839103463644354, 0.12782736169643885, 0.17063051048705968, 0.011567933828759263], [0.14371555639800354, 0.25633609914913863, 0.015953670935996134, 0.018295145305279262, 0.5500251205271446, 0.01567440768443776], [0.49127628692913594, 0.4370891525501036, 0.014095783731507697, 0.009999985597028686, 0.03458431060974237, 0.01295448058248169], [0.5288843733464087, 0.11892434252533501, 0.2649232400194827, 0.014391718554928847, 0.05961611389104831, 0.013260211662796555], [0.8843440594927449, 0.04391572667084928, 0.01179615360677159, 0.010430743506498783, 0.03951333082464382, 0.00999998589849182], [0.721410142519554, 0.11980554724090221, 0.07590726654588677, 0.014549302071322138, 0.055037842791861975, 0.013289898830472926], [0.5765718208171743, 0.31295084429737086, 0.013524583845956426, 0.011941667307340361, 0.07191601861260147, 0.013095065119556678], [0.2385532711896973, 0.08794000127214947, 0.009999968468785309, 0.026946966489319473, 0.6265598241112631, 0.009999968468785309], [0.37054002768545935, 0.47169399079955404, 0.015340977384920056, 0.027832097447943446, 0.09943139044926033, 0.01516151623286278], [0.3267288569807418, 0.24407973582916462, 0.012530525017610032, 0.20439669395382792, 0.2000444384269695, 0.012219749791686257], [0.44415521772486316, 0.3692597999556923, 0.01984584745977154, 0.027741960692125034, 0.11940171579584484, 0.019595458371703175], [0.4870293379205911, 0.4178941042931462, 0.018868450449606583, 0.026652372460768844, 0.03087330624520391, 0.018682428630683177], [0.44365234405429654, 0.3688756130950816, 0.019929138456223506, 0.026584056793091698, 0.1212768767452684, 0.01968197085603842], [0.20649146028131266, 0.3011032217190962, 0.012052342906647865, 0.1990592514418434, 0.26948059372892297, 0.011813129922176898], [0.5182966480281881, 0.34201046441506405, 0.01917298123488791, 0.0388904337992221, 0.06268028514556283, 0.018949187377075034], [0.596690738056851, 0.31995239401272635, 0.01676575710783615, 0.009999986578210005, 0.03999241798281348, 0.016598706261562957], [0.6399947826552044, 0.26647284415605355, 0.017782359537882177, 0.009999986030253498, 0.04809913505833989, 0.017650892562266318], [0.6169523371314143, 0.2883167570075607, 0.01733418541512388, 0.009999986298817057, 0.05022677774260985, 0.017169956404474128], [0.4744662223144312, 0.3476133118755704, 0.01917662184154081, 0.05201268279899408, 0.08781017240384545, 0.018920988765618037], [0.5114250872382228, 0.34378992269714964, 0.01927713288498015, 0.04617735255210203, 0.06028380372308783, 0.019046700904457682], [0.5182774712627741, 0.34390506852412234, 0.019281105551644497, 0.03962884680612343, 0.0598586808634882, 0.019048826991847345], [0.6257481514412608, 0.28083462308193774, 0.01748417506566723, 0.009999986288885545, 0.04858909925557566, 0.017343964866673032], [0.6584391338508863, 0.24727305477643136, 0.018190604370250166, 0.009999985905335757, 0.048012238286649044, 0.018084982810447424], [0.6783500906681176, 0.2201135939453931, 0.018654027174484642, 0.009999985846712535, 0.05432696279606532, 0.01855533956922672], [0.6429536745501276, 0.2578086089694225, 0.017919674158146052, 0.009999985904609767, 0.0535112975852697, 0.017806758832424403], [0.24954199703834642, 0.2640771144499484, 0.01822567831454733, 0.009999991975045662, 0.44012425303714253, 0.018030965184969685], [0.21069203021833036, 0.33324854707618634, 0.020269216042562425, 0.022010806549352006, 0.39386301240149346, 0.019916387712075267], [0.5131701484583069, 0.3481963019202578, 0.019077802466121757, 0.03836725932099272, 0.062366316812841056, 0.018822171021479654], [0.5035202770802714, 0.3605492574844441, 0.019047816580394, 0.03778506025355791, 0.06062651165329296, 0.01847107694803974], [0.20602843918490604, 0.1129535431591226, 0.05334394954806639, 0.009999991448590678, 0.6065476981040084, 0.011126378555305863], [0.8564665499338977, 0.049712395965110026, 0.028767400303202104, 0.01167938160318423, 0.043374285913727835, 0.009999986280878207]], [[0.8581379768531496, 0.04363153817926907, 0.036433369847457396, 0.011117144126737477, 0.04067998471250832, 0.009999986280878188], [0.04042920622007742, 0.19453241455672657, 0.0936105777221228, 0.035004443223221625, 0.61969194448825, 0.016731413789601468], [0.041337864769945123, 0.24382527803839107, 0.019966849187472213, 0.009999990039545794, 0.6657082337394905, 0.019161784225155246], [0.7468741072446108, 0.16878056183488044, 0.01466369719486598, 0.009999985144521403, 0.04510711686239762, 0.014574531718723693], [0.038862664671265056, 0.1825770805692759, 0.015236454345011037, 0.009999988274654365, 0.7382160896231065, 0.015107722516687135], [0.034821782743492895, 0.37925610415184124, 0.015095771724192852, 0.009999988172909233, 0.5458429338766075, 0.014983419330956168], [0.5373735234758831, 0.3838434246786768, 0.014123654906537593, 0.009999985146492106, 0.04061757972880822, 0.014041832063602265], [0.16327138813707165, 0.20888898118163443, 0.014441520397263463, 0.009999990232298923, 0.5891061788596064, 0.014291941192125094], [0.3383537523510922, 0.2555008249210442, 0.015930298075720217, 0.017267211373564895, 0.3572747088679049, 0.0156732044106735], [0.43191540629773845, 0.4573734540638631, 0.01483347027710661, 0.029500162181382867, 0.05172320222324668, 0.014654304956662237], [0.4368319933436524, 0.4554906743961665, 0.014994177087841246, 0.029406429681478916, 0.048488378341062746, 0.014788347149798247], [0.7051968578504063, 0.22130954875324751, 0.014261917065037969, 0.009999985468648723, 0.035728849783252754, 0.013502841079406674], [0.7226482855863152, 0.11649510950569839, 0.0793771082621749, 0.014266663151123753, 0.05391045987221197, 0.013302373622475702], [0.8890932110192096, 0.04198653558863232, 0.012009428279145223, 0.010226021705007242, 0.03668481750951396, 0.009999985898491756], [0.5316292069805193, 0.11812416919485892, 0.268112238488287, 0.014411294062671226, 0.05446848483536326, 0.013254606438300265], [0.6923829561131629, 0.23256171115380705, 0.01442978160713414, 0.00999998550093085, 0.037376199387352954, 0.013249366237611984], [0.5204540638207265, 0.2855574057987736, 0.015656852951558196, 0.043470413425538236, 0.11939432294760141, 0.015466941055802196], [0.18617990352038935, 0.22600877396645, 0.01311966764495703, 0.04178568995833963, 0.5200245982907535, 0.012881366619110497], [0.40402162694995253, 0.37725259149704177, 0.019317738613006834, 0.049021181257579885, 0.13135961769953602, 0.019027243982882802], [0.2333335065837093, 0.292135404442241, 0.01663542801686107, 0.03584121335021299, 0.40571571169613146, 0.016338735910844143], [0.5092546218436529, 0.3897712329681459, 0.019897730484380923, 0.025278709080056333, 0.03612214847820719, 0.019675557145556605], [0.5149448614948625, 0.34586664750363344, 0.019146826503288365, 0.03816163218080177, 0.06298126482412963, 0.01889876749328414], [0.22554705034965408, 0.3272588311681924, 0.020328206931274097, 0.022736465629821505, 0.38412789621070137, 0.020001549710356444], [0.5180957759460624, 0.3425366750055185, 0.019191733903385227, 0.03816245457277572, 0.06304844854709303, 0.018964912025165197], [0.618578883288642, 0.2879981487514018, 0.01734033505964696, 0.0099999862834008, 0.04890961700155898, 0.017173029615349385], [0.6431016423821917, 0.2632907404877064, 0.017841223911519447, 0.009999986017882786, 0.04804644839154519, 0.017719958809154533], [0.58928979337464, 0.3224604733951025, 0.016647658540228958, 0.009999986550235993, 0.04510131085104568, 0.01650077728874694], [0.5134324319101613, 0.34611583264801254, 0.019134782136215035, 0.03966311523483626, 0.06275988417542726, 0.018893953895347718], [0.22652985980686277, 0.42997236203820677, 0.014913780983679977, 0.11279136733578696, 0.20118822191909835, 0.014604407916365117], [0.5146941886131599, 0.34638395370364605, 0.019113030203405674, 0.03840171479187383, 0.06253583159769506, 0.018871281090219565], [0.5921329508016521, 0.3183592692115163, 0.016738120016012468, 0.009999986539701387, 0.04617071574931399, 0.016598957681803726], [0.05206930141220002, 0.255297448628704, 0.01908857901993694, 0.00999998990528925, 0.6446244584649963, 0.018920222568873494], [0.6661965178826409, 0.2402453103986664, 0.018351131769342027, 0.009999985832791587, 0.04696166157987972, 0.018245392536679367], [0.048415108117440674, 0.2634540627844956, 0.018952971097797932, 0.009999990012302012, 0.6404155762043113, 0.018762291783652383], [0.18028738781202244, 0.269644755609601, 0.01846423047466445, 0.009999992080705325, 0.5033474319942486, 0.018256202028758127], [0.2196254174304504, 0.26794872110399903, 0.018298355236165204, 0.009999992019287406, 0.46604667462469435, 0.01808083958540351], [0.5883289188710114, 0.32412051914436585, 0.016637902588154504, 0.00999998652946514, 0.044442732327716714, 0.016469940539286465], [0.6034194644992901, 0.2992970656766668, 0.017526365730207747, 0.00999998628992094, 0.052859877612193434, 0.016897240191720803], [0.2158454064482031, 0.21111813556483577, 0.11042183527348488, 0.03386801250533082, 0.41351154056563594, 0.015235069642509317], [0.8551392127234969, 0.04960644775558402, 0.03035425878658556, 0.011671850306449506, 0.04322824414700601, 0.009999986280878228]], [[0.8608166764764673, 0.04450035664567273, 0.03267516280331559, 0.011200803711927686, 0.040807014081738584, 0.009999986280878163], [0.6452658212398681, 0.13173856514902715, 0.09069533269106013, 0.01805579798767617, 0.09713633358415441, 0.017108149348214023], [0.042538105256687095, 0.23952657842468375, 0.019841480221494543, 0.009999990007608274, 0.6688200619911471, 0.0192737840983792], [0.7458173323995793, 0.1704107967142226, 0.014639066358154902, 0.009999985157286104, 0.044578979862122496, 0.014553839508634642], [0.7473675341615228, 0.16957797368009384, 0.014611542463531897, 0.00999998515304162, 0.04391392171137652, 0.014529042830433233], [0.7495552193232996, 0.16801254672908633, 0.014667450866590076, 0.009999985139890396, 0.04317036928532736, 0.014594428655806076], [0.5382434144688343, 0.3840013052451168, 0.014106702721066027, 0.009999985139118142, 0.03962893385649317, 0.014019658569371717], [0.694500868331982, 0.22527419007331562, 0.013492948628875696, 0.009999985364660789, 0.04335628896557148, 0.013375718635594353], [0.32958521712156463, 0.21024584435072666, 0.01436636060714545, 0.009999990220067125, 0.42160444903746425, 0.014198138663031653], [0.6814566693756858, 0.24777126138343417, 0.013088160524813307, 0.009999985664847872, 0.03471398934130328, 0.012969933709915614], [0.7037474234448392, 0.21943704350726104, 0.013955420116185715, 0.009999985501915774, 0.039335659046698286, 0.013524468383099822], [0.6906364070053566, 0.12765375714779495, 0.09089717811435313, 0.015256801173857925, 0.06287934985678567, 0.012676506701851688], [0.7215849737979834, 0.11694454556586194, 0.07952610445650121, 0.014394598687449953, 0.05433393610656576, 0.013215841385637766], [0.8874023202965525, 0.043204451105321756, 0.011782918997089442, 0.010328028414704407, 0.03728229528783998, 0.00999998589849176], [0.717034661931118, 0.12034374725304868, 0.07990032070730617, 0.014539133719997335, 0.054979298967532404, 0.01320283742099731], [0.48807122424416916, 0.4443679980261534, 0.013290212551301906, 0.009999985694508403, 0.03145537402594382, 0.012815205457923317], [0.38188130531201514, 0.2848362696093801, 0.01562114707726158, 0.021748656768020975, 0.280493076932599, 0.0154195443007232], [0.183427205985851, 0.258649659018072, 0.00999998240373673, 0.14460453096831663, 0.3933186392202871, 0.00999998240373673], [0.43526532160917497, 0.3758701316109137, 0.019406746360463956, 0.025849492659433038, 0.12448080628423798, 0.01912750147577634], [0.2143175345568134, 0.2595666198913464, 0.015189895910226901, 0.036732050772168526, 0.45921142613957094, 0.014982472729873747], [0.503374332316516, 0.3924371030761545, 0.019713867730392142, 0.0247727186995636, 0.040185609322049454, 0.019516368855324352], [0.6053480059093675, 0.29698767609690424, 0.017094703091438252, 0.009999986360933182, 0.05362751745997123, 0.016942111081385505], [0.5988881446928342, 0.3145420582559351, 0.016850364093977357, 0.009999986537781174, 0.043001268334852676, 0.016718178084619482], [0.6113292926255962, 0.2912056082275045, 0.017192412076424978, 0.00999998625776761, 0.05322025223194687, 0.01705244858075966], [0.6094283024850817, 0.2903207145906248, 0.0172139126389192, 0.009999986146941997, 0.05596847751618709, 0.017068606622245158], [0.05915640612656302, 0.2614289012458681, 0.01896666304784839, 0.00999999186681417, 0.6316380434516721, 0.01880999426123429], [0.17115385903284755, 0.2690292189368491, 0.01834288449999146, 0.009999991949455292, 0.513318991402597, 0.018155054178259585], [0.16674975258441652, 0.33135911127342715, 0.020381273690527592, 0.02212151587337271, 0.4393521174219637, 0.020036229156292273], [0.515268309374558, 0.3439451400314842, 0.01917240850548899, 0.03849235563999508, 0.0641710614345241, 0.018950725013949715], [0.17454933499366668, 0.33183407629067985, 0.0203405307591883, 0.02211663441523524, 0.43117476816555544, 0.019984655375674544], [0.17615981029238845, 0.27616120900464936, 0.01827285848520013, 0.00999999212967078, 0.501334