{"prediction": [[[0.8617713936753154, 0.04137696690745361, 0.03847476974527619, 0.01085733124092204, 0.037519552150154734, 0.009999986280878108], [0.8579957170936204, 0.04180009963394979, 0.03880380526243862, 0.010941961779748254, 0.04045842994936475, 0.009999986280878169], [0.8593518021328677, 0.04217597062757474, 0.036815424128981575, 0.010968088499521904, 0.040688728330176, 0.009999986280878172], [0.8640610789525119, 0.04403179001005748, 0.029661503705770486, 0.011135337108799768, 0.0411103039419823, 0.00999998628087812], [0.8629014736846226, 0.043749094440952575, 0.03145481015557045, 0.011108991367322876, 0.04078564407065352, 0.009999986280878134], [0.8662072927709811, 0.045394763538486996, 0.026371153884469468, 0.011207439520261268, 0.040819364004923184, 0.009999986280878087], [0.8662072927709811, 0.045394763538486996, 0.026371153884469468, 0.011207439520261268, 0.040819364004923184, 0.009999986280878087], [0.8640610789525119, 0.04403179001005748, 0.029661503705770486, 0.011135337108799768, 0.0411103039419823, 0.00999998628087812], [0.8653572716576209, 0.04407680328178251, 0.028117055722599326, 0.011140689613262433, 0.04130819344385676, 0.009999986280878103], [0.865543530368268, 0.04419918903043057, 0.027729281514944942, 0.011153794250484716, 0.041374218554993625, 0.009999986280878097], [0.8642718208200385, 0.04415633752650182, 0.02924484875366807, 0.011148845218386813, 0.0411781614005268, 0.009999986280878118], [0.8700263565264552, 0.04290827704810214, 0.027501046939070708, 0.010997759693299412, 0.03856657351219459, 0.009999986280878045], [0.8714071171450561, 0.04307571424647005, 0.025770142051015597, 0.011011995205769185, 0.03873504507081101, 0.009999986280878023], [0.8657236806396125, 0.04432122774369318, 0.027348261472948464, 0.011166815611398036, 0.04144002825146994, 0.009999986280878101], [0.8669206140317846, 0.04482993054716998, 0.025164991962225852, 0.011214230388803603, 0.0418702467891382, 0.009999986280878078], [0.8667807584978893, 0.04470570477318744, 0.025504692150086435, 0.011201604511000487, 0.04180725378695846, 0.00999998628087808], [0.8654115118119522, 0.0450442764809125, 0.026350361524423858, 0.01124028827594476, 0.04195357562588846, 0.009999986280878097], [0.8661891239583552, 0.04516835013233434, 0.025272315807749527, 0.01123196081881535, 0.04213826300186736, 0.009999986280878085], [0.8633119520784657, 0.04411042908997119, 0.02964943353524171, 0.011139205398220787, 0.04178899361722268, 0.009999986280878132], [0.8659732924863578, 0.04150677802180842, 0.033185584464730765, 0.010860762114644675, 0.03847359663158026, 0.00999998628087807], [0.8641903190716768, 0.0402254179999944, 0.0364072398505057, 0.0107471653578751, 0.03842987143906979, 0.00999998628087808], [0.8645340086833909, 0.0393355473670592, 0.0371981885342959, 0.010662765659991566, 0.03826950347438442, 0.00999998628087807], [0.8643742723176043, 0.03944148373069425, 0.03718323540522754, 0.010674846950614318, 0.03832617531498152, 0.009999986280878073], [0.8640097567073057, 0.040342175781139765, 0.0364003328983363, 0.010760085451215777, 0.03848766288112444, 0.009999986280878087], [0.8636542778069165, 0.04094466730964611, 0.03617270580174703, 0.010814905014806342, 0.03841345778600597, 0.009999986280878101], [0.8635173699937946, 0.04423538464270567, 0.02923530480795015, 0.01115272760793809, 0.0418592266667334, 0.009999986280878125], [0.8660488124094248, 0.04504287775000583, 0.0256138425663874, 0.011219243987396328, 0.042075237005907665, 0.009999986280878089], [0.8647870265523546, 0.0437887373584701, 0.02866492987112835, 0.01110300049845693, 0.041656319438711974, 0.00999998628087811], [0.8662806767537918, 0.041108643749296306, 0.033532617695728614, 0.010835733311706307, 0.03824234220859884, 0.009999986280878071], [0.8677362199146863, 0.041359306122786, 0.031617697469191255, 0.010842716958847606, 0.03844407325361087, 0.009999986280878054], [0.8657946303398951, 0.04083574883271852, 0.034491832766499156, 0.010805521601628006, 0.03807228017838111, 0.009999986280878073], [0.8657946303398951, 0.04083574883271852, 0.034491832766499156, 0.010805521601628006, 0.03807228017838111, 0.009999986280878073], [0.8679392493874776, 0.041554116429102, 0.03147268765415776, 0.010872386161891838, 0.03816157408649279, 0.009999986280878061], [0.8651648170486744, 0.0439540644089155, 0.028511688779650636, 0.011127500591955764, 0.04124194288992564, 0.009999986280878104], [0.8594173385406306, 0.04204591999377315, 0.03694772603895397, 0.010953947792600411, 0.040635081353163745, 0.009999986280878167], [0.8591634940268318, 0.040862658254191504, 0.03840425207053033, 0.01084789258155257, 0.040721716786015855, 0.009999986280878158], [0.8652685816938299, 0.03869758861246875, 0.03757941615640863, 0.010614111978541901, 0.0378403152778727, 0.009999986280878068], [0.8664917573057863, 0.03775432442127743, 0.03725664533305874, 0.010526102504899309, 0.03797118415410008, 0.009999986280878045], [0.8662737081484797, 0.03762771443463512, 0.03764705217592834, 0.010533098079096331, 0.0379184408809824, 0.009999986280878038], [0.8628545583447275, 0.039744156642524585, 0.039094262585785085, 0.010696195350232906, 0.03761084079585214, 0.009999986280878071]], [[0.8635455883014118, 0.040441487761554894, 0.03746888094033336, 0.010780225344224698, 0.03776383137159704, 0.009999986280878096], [0.6895695222071471, 0.10978016345546317, 0.05060674215833801, 0.021325546497956063, 0.11581366889680701, 0.012904356784288695], [0.054805352196274006, 0.07157494507197976, 0.044251359866402086, 0.022557979016924433, 0.7953073120219372, 0.011503051826482596], [0.6440837625082064, 0.049509667390439, 0.12945953562427423, 0.03511825953881565, 0.1215958938023351, 0.02023288113592956], [0.6239615239645018, 0.05398820852496576, 0.15356065009409878, 0.04088264199784027, 0.10791653146223217, 0.019690443956361207], [0.051355297692055824, 0.07475108428205429, 0.038963962235048374, 0.02310057092964108, 0.8003118918283805, 0.011517193032819917], [0.05551254243139688, 0.073502257229829, 0.04111723266006349, 0.02288375825670773, 0.7954992435652816, 0.011484965856721293], [0.6263763957014078, 0.05395051872833914, 0.15286601200765282, 0.040675963884448246, 0.10645653359770996, 0.019674576080442055], [0.6603028932908539, 0.13407977614109803, 0.05531564650367375, 0.02519163586703066, 0.11253429444179229, 0.012575753755551377], [0.05578820866327679, 0.0737202428940603, 0.0411780760836295, 0.022926333057387845, 0.7948878637753425, 0.011499275526303138], [0.6173437272874663, 0.05706108464244377, 0.1482582449359163, 0.04063314653325013, 0.11718442486124504, 0.019519371739678548], [0.6493222218680554, 0.04603337187138012, 0.1392790423242448, 0.035329943673196515, 0.10969353465092106, 0.020341885612202074], [0.6490940329971361, 0.046068271170482435, 0.13945219505347037, 0.03534341224085817, 0.10970701395222963, 0.02033507458582349], [0.6471273922395325, 0.046282519064206745, 0.14064547123660115, 0.03538592810502948, 0.11030060311870139, 0.020258086235928677], [0.05242384871182643, 0.062389093233987544, 0.09049425327594462, 0.032916336436664084, 0.745881768588851, 0.015894699752726442], [0.6226654763679286, 0.053954489171067564, 0.1562813773878884, 0.040970586278462666, 0.1065109305115924, 0.019617140283060396], [0.6231249512434001, 0.053829677711816556, 0.15597478388554048, 0.04086743593450316, 0.10659224687789015, 0.019610904346849478], [0.0567168978483909, 0.07189596029024316, 0.04535314695586797, 0.022615264536912573, 0.7919703036354588, 0.011448426733126505], [0.6615042019749264, 0.13199568729852457, 0.056687517200755856, 0.024903996024827704, 0.1123642569574818, 0.012544340543483619], [0.6706383012785728, 0.132036318292157, 0.056931665113713545, 0.024989090712670785, 0.10275515640790933, 0.01264946819497664], [0.7498288842034996, 0.07377552738897077, 0.05751819732975974, 0.02118582302204689, 0.08665102387535639, 0.011040544180366752], [0.8655871097860596, 0.03848250176951644, 0.03642366237966492, 0.010595647788811254, 0.03891109199506988, 0.00999998628087807], [0.865408582639153, 0.0392553499314118, 0.03564186309968487, 0.010667987220131502, 0.03902623082874084, 0.009999986280878078], [0.8665805230380368, 0.040037420691677233, 0.033526453436474535, 0.010743463156365768, 0.03911215339656766, 0.009999986280878073], [0.6721657951211598, 0.1308654724330895, 0.05687455795912938, 0.02494286742593231, 0.10247927985335606, 0.012672027207333056], [0.6266178244646823, 0.053662126973595195, 0.1532910234100938, 0.04062063531614299, 0.10611324784900596, 0.019695141986479744], [0.051529271461841906, 0.06150773560475261, 0.08971803485659903, 0.03260766892771235, 0.7487080772216088, 0.01592921192748534], [0.6543407991707649, 0.04426101279616786, 0.13644255073685635, 0.03470805193660594, 0.109787220565602, 0.02046036479400297], [0.6628079348746644, 0.04437066311864037, 0.13680333815302856, 0.0347554700322367, 0.10063767062435754, 0.02062492319707252], [0.693806431545564, 0.1087266188776984, 0.050016607976181175, 0.021218420764725916, 0.11329632899997898, 0.012935591835851596], [0.8672733001133753, 0.041678499059996876, 0.028140146510601052, 0.010933952060755198, 0.041974115974393614, 0.009999986280878101], [0.6918000204302034, 0.11053820116878846, 0.049775648549052566, 0.021294977713648564, 0.11367676178632198, 0.012914390351985057], [0.6881805333808826, 0.11101806646053017, 0.05027381783134352, 0.021427891926588886, 0.11617817543841187, 0.012921514962242945], [0.6877351871630485, 0.11164743406800884, 0.050158439074984004, 0.02147258483540421, 0.11607398629772955, 0.012912368560824821], [0.05650196487070389, 0.05861112584884645, 0.041496072653273805, 0.0224668702819087, 0.8094283330107651, 0.011495633334501916], [0.6936763680318035, 0.10655664068482619, 0.048759711965937605, 0.02094930124846275, 0.1170771938111432, 0.012980784257826675], [0.8622339947748526, 0.038575351844340126, 0.03724147908094367, 0.01065616459257256, 0.04129302342641285, 0.009999986280878148], [0.8698649562143193, 0.03582704380852267, 0.035643625993512645, 0.010354233667736759, 0.038310154035030526, 0.009999986280878012], [0.8691455161925488, 0.03599446740630018, 0.0362817188928171, 0.01038997368609889, 0.03818833754135718, 0.009999986280878014], [0.8658383878895869, 0.038053680212065545, 0.03769923764730787, 0.010561923375185056, 0.037846784594976556, 0.009999986280878042]], [[0.8648418528448414, 0.04059742057297001, 0.03592458244537446, 0.010783202725300317, 0.03785295513063573, 0.009999986280878089], [0.6902750321638169, 0.1104627791343285, 0.04983441468519716, 0.021413164172789347, 0.1150276443756548, 0.012986965468213336], [0.1370187456808018, 0.18448524563790103, 0.02277074436064442, 0.051537019554724964, 0.5822987229153869, 0.02188952185054085], [0.6551880049959028, 0.19818579466224892, 0.019356437084312342, 0.04242754558720551, 0.06606856813356424, 0.01877364953676618], [0.14243280916203435, 0.18839940963415003, 0.022546309681627685, 0.052034754276666734, 0.5729003187536723, 0.0216863984918488], [0.6561384181962978, 0.19703887554115168, 0.019013129404483596, 0.042316011626397934, 0.06673645733746054, 0.01875710789420833], [0.6679742982379018, 0.19095672310174425, 0.019225279598885703, 0.042757262099572466, 0.06013158770307721, 0.018954849258818615], [0.6695033558472286, 0.1908250933139513, 0.019661495638286765, 0.042834149571328174, 0.05818874270400295, 0.018987162925202056], [0.6696235647437356, 0.18988393924857583, 0.01931776857739737, 0.04271433455358955, 0.05945853167793382, 0.019001861198767768], [0.13998928796959678, 0.18573823215134874, 0.022196669744934155, 0.05181314146579667, 0.5784794177959558, 0.021783250872367897], [0.6562488315414529, 0.19696485517218598, 0.01944770704108291, 0.04242175234179423, 0.06611719332698397, 0.01879966057650008], [0.13175504959215686, 0.19210255898818188, 0.022661668431461834, 0.05281748174225535, 0.5787857239550221, 0.021877517290921997], [0.1307258499671724, 0.19333016250608975, 0.022601486455275828, 0.053016919617225246, 0.5784916527398232, 0.021833928714413562], [0.652641211015723, 0.2008512928498617, 0.019345174132443802, 0.04256843621617845, 0.06588032667613686, 0.018713559109656105], [0.6534198800294332, 0.19967526757905443, 0.01915612818493748, 0.04252011505039353, 0.06651878419409693, 0.018709824962084416], [0.6550429134026745, 0.19956645439078458, 0.019415806047259693, 0.04253285990610736, 0.06471769480016218, 0.018724271453011733], [0.6557999448310955, 0.2002694038020482, 0.019557575678202346, 0.04234345253296988, 0.06335295891756712, 0.018676664238116883], [0.6591990469842075, 0.13384953851744716, 0.05505965544144002, 0.02505491741049963, 0.11424778499962862, 0.012589056646777131], [0.633369184204357, 0.1612907535591306, 0.071459316586632, 0.024798379093755565, 0.09693227983827947, 0.012150086717845345], [0.6416103369713585, 0.16037588272126035, 0.07181371559666008, 0.024785249873500673, 0.08918034065158491, 0.012234474185635613], [0.8585792856091744, 0.041379256773739465, 0.03772341004503187, 0.010932443100402185, 0.04138561819077406, 0.00999998628087818], [0.7262690556672855, 0.09107998206189678, 0.07423600638010361, 0.021348585094713702, 0.07620042406995187, 0.010865946726048431], [0.8640219007307852, 0.043801210484906664, 0.029183828221362427, 0.011141669078256655, 0.041851405203811164, 0.009999986280878118], [0.7210905410973315, 0.09336290180677696, 0.07548909328826989, 0.02171851692210511, 0.07748256748647428, 0.010856379399042241], [0.6568807187370994, 0.13593210550410537, 0.05813404810467606, 0.025391848475791196, 0.11114968728770101, 0.012511591890626849], [0.6577262304040341, 0.19729946007252916, 0.019642899700918245, 0.0420595985673708, 0.06450702737458473, 0.018764783880562897], [0.6553624502256001, 0.1970507883095285, 0.019862283108737888, 0.04200645153596784, 0.0669701253822769, 0.018747901437888865], [0.6258822486719359, 0.056853709887039805, 0.13906347874093508, 0.04066392465908867, 0.11765955083166031, 0.01987708720934032], [0.6603027571188065, 0.04406964674798558, 0.13303394888870315, 0.03445112771805493, 0.10761990010019439, 0.020522619426255558], [0.8717794422804093, 0.042443690146153075, 0.021926711591049773, 0.010975696969917657, 0.04287447273159212, 0.009999986280878025], [0.05636068475380428, 0.05790731243882411, 0.03918904179535338, 0.0222660725341448, 0.8127846322258144, 0.011492256252058965], [0.6898381595105343, 0.11026490128103292, 0.04779646706769893, 0.021258058910256467, 0.11784339725212511, 0.012999015978352275], [0.06212930663904985, 0.08824317243016466, 0.00999999048166229, 0.025240153297810222, 0.8028661165611728, 0.011521260590140185], [0.7646040270269931, 0.10075063872878337, 0.014240499559833654, 0.024375452161182806, 0.0826513583200718, 0.013378024203135072], [0.6903825418577677, 0.10897112700480562, 0.048799462621308486, 0.021231434394102813, 0.11757766787064124, 0.01303776625137405], [0.0553887439874689, 0.05609398150336644, 0.03883669712327005, 0.02196554659920848, 0.8162004353097656, 0.011514595476920431], [0.8635777566148692, 0.039033234865728364, 0.0347351353592642, 0.010681635640955816, 0.04197225123830413, 0.00999998628087815], [0.8703355541826281, 0.03604854796489206, 0.0346398810808398, 0.010340843804010118, 0.03863518668675214, 0.009999986280878012], [0.7774220082500877, 0.058127243033507074, 0.04860388929811478, 0.017473197698148805, 0.08712081467737381, 0.011252847042767683], [0.8667173199309698, 0.037711917425774476, 0.03704563354109165, 0.010514406777860925, 0.0380107360434253, 0.009999986280878037]], [[0.8707863607867282, 0.042368044084467225, 0.02753380307485869, 0.010941132841975131, 0.03837067293109273, 0.009999986280878023], [0.688092225228528, 0.11373670044076534, 0.04918468940202208, 0.021699531261736307, 0.11436553843159812, 0.012921315235350249], [0.6670228757603797, 0.19107118320679523, 0.01928116573198805, 0.042821748594920724, 0.060820342965563115, 0.01898268374035329], [0.6629939651165533, 0.19194542018419194, 0.01896901084742698, 0.04269363047344591, 0.06452362431877015, 0.018874349059611776], [0.6696964941046168, 0.1867967374360881, 0.019178636286055855, 0.04338400326593057, 0.06186908215961387, 0.01907504674769468], [0.6749222202996558, 0.18425793254622871, 0.019182741604360787, 0.04312601337558803, 0.05942230100338923, 0.019088791170777636], [0.6750915827241195, 0.18422177189638578, 0.01918938571599739, 0.043074143862839864, 0.05933114033662228, 0.01909197546403524], [0.6578391685262575, 0.20867231368031386, 0.018757893453059248, 0.04207378347312538, 0.05398407016981821, 0.018672770697425897], [0.6763506021671928, 0.1831133448587048, 0.01921373094826923, 0.042967803622786696, 0.05923320048318034, 0.01912131791986607], [0.6749115818203967, 0.18295655833071175, 0.019223847933547103, 0.04307458363521508, 0.06070262698683848, 0.019130801293290853], [0.6746260964543873, 0.18450283114672833, 0.019204537589399044, 0.04318096330186279, 0.05937510838765812, 0.019110463119964432], [0.6590002306124437, 0.19299142724370122, 0.018966768934515457, 0.04291110819439362, 0.06726321265059641, 0.018867252364349586], [0.13597926380470476, 0.18125376827844886, 0.022197897324070494, 0.05413747209430167, 0.5844155169908958, 0.022016081507578427], [0.13440671490476258, 0.1827335894223016, 0.02218007542799645, 0.054219742638220395, 0.5844734930062779, 0.021986384600441014], [0.1386722293222862, 0.18781396987143545, 0.021944460150304577, 0.05337948307168826, 0.576448456763329, 0.02174140082095647], [0.15152955592741837, 0.1889449313894414, 0.022045097063575932, 0.05297489036142589, 0.5632134057226164, 0.021292119535521924], [0.6368975985275241, 0.22695626775964609, 0.01866647363093533, 0.04338119212049672, 0.05590082410149881, 0.018197643859899002], [0.07013796499576506, 0.08533976265085012, 0.03925114605756679, 0.023249619079898934, 0.7705631078060732, 0.01145839940984582], [0.8583639829305412, 0.0536949817139813, 0.01838669625443042, 0.012081746502026853, 0.04747260631814215, 0.009999986280878061], [0.8546981578104049, 0.05542106529259034, 0.02127385598993144, 0.012272084239131455, 0.04633485038706363, 0.009999986280878073], [0.6691159449101836, 0.1067017886275538, 0.09280616872951405, 0.02549881113666287, 0.0954389797901885, 0.010438306805897194], [0.6610000710399916, 0.1279984885484914, 0.09579207115162887, 0.027449955697889418, 0.07732783814835281, 0.010431575413646024], [0.8554518201056726, 0.05125618443748826, 0.02664056514160255, 0.011896667499883709, 0.044754776534474884, 0.009999986280878158], [0.6849351124927914, 0.10487861555732103, 0.08963018577384484, 0.024006195932870306, 0.08594162056586656, 0.01060826967730588], [0.729576985356089, 0.1399541566405732, 0.014400258408923868, 0.029461159033276584, 0.07356666664438895, 0.013040773916748372], [0.1380482894929073, 0.18575946832484666, 0.022871655583252333, 0.05164204785844875, 0.579848614108827, 0.021829924631717974], [0.044671328236570815, 0.06559256206756384, 0.06675997974180921, 0.03383619792705582, 0.7728029433056576, 0.016336988721342816], [0.0504771856394286, 0.06215176150624818, 0.07676130367702394, 0.0327521530267081, 0.761795890067943, 0.016061706082648203], [0.872306663438029, 0.043451411218135325, 0.020405445945098227, 0.011061348794472362, 0.042775144323387096, 0.009999986280878012], [0.6943872851982994, 0.10899883451313419, 0.049173711397203904, 0.02119350939997399, 0.11326658133985618, 0.012980078151532305], [0.6908549881304651, 0.10973984124114994, 0.049201206682548355, 0.02128593245156824, 0.11589019783185253, 0.01302783366241587], [0.6938727239387382, 0.11069117113278236, 0.04751480788954455, 0.021243712759337178, 0.11369992141728764, 0.012977662862310023], [0.6903128523683872, 0.11002041368108748, 0.04938667540379651, 0.021333431992240578, 0.11592678387213734, 0.013019842682350949], [0.6594315448801312, 0.04493756632285993, 0.13242455533475786, 0.034622689142959795, 0.10807147940991012, 0.020512164909381125], [0.65976493375708, 0.044616228174055486, 0.13277646632496334, 0.03452126774508327, 0.1078425194913076, 0.02047858450751021], [0.8661486248330587, 0.040545586571695796, 0.03036556094429565, 0.010819366368055326, 0.04212087500201648, 0.009999986280878118], [0.6980504754254375, 0.107075433224846, 0.04825788503266956, 0.020892318838441393, 0.1127604206039197, 0.012963466874685676], [0.8696845053154542, 0.037670171754954906, 0.03353839801309971, 0.010499247520674371, 0.03860769111493888, 0.009999986280878026], [0.7751448401960845, 0.0591194232820305, 0.049177441831536, 0.017655863483708192, 0.08764252901581503, 0.01125990219082573], [0.8660529378220833, 0.038241490784927654, 0.037164191157047596, 0.010553889909420078, 0.037987504045643515, 0.009999986280878047]], [[0.8707863607867282, 0.042368044084467225, 0.02753380307485869, 0.010941132841975131, 0.03837067293109273, 0.009999986280878023], [0.6607886792994235, 0.13352043400535077, 0.0562094868463638, 0.025087084373547903, 0.11182722123159076, 0.012567094243723296], [0.14244132026492604, 0.18488815096160846, 0.022272320259359678, 0.05167804092111009, 0.5769438379771203, 0.021776329615875497], [0.6720246737655026, 0.18443407190971592, 0.019226303961523247, 0.04324617797204289, 0.061937499350802935, 0.01913127304041245], [0.17145963176195522, 0.1831183068894558, 0.02160944945590778, 0.05274038604334583, 0.5496445579935195, 0.021427667855815916], [0.7324898878040851, 0.13553388707472708, 0.013132933882080203, 0.029799924450672966, 0.07597355436577617, 0.013069812422658578], [0.7320285971938066, 0.13559865815868472, 0.013106435748085551, 0.029710745852218994, 0.07650315020195056, 0.013052412845253492], [0.09931707874972617, 0.11207431528204094, 0.009999991623757193, 0.026393381834256525, 0.7407629932182251, 0.011452239291994034], [0.7334663928348587, 0.13439388540805725, 0.013096799464232254, 0.029565603683855295, 0.0764321636059811, 0.013045155003015316], [0.7386826911126291, 0.13580046861175232, 0.01317572871770871, 0.02984330796533935, 0.06938554606911308, 0.013112257523457616], [0.6669750103419199, 0.19373701206476332, 0.018954745438953126, 0.0444865143943808, 0.056995545615521434, 0.018851172144461383], [0.6720025106295988, 0.1868081997417936, 0.019150722127535838, 0.04341554632283444, 0.05957373374718835, 0.01904928743104895], [0.6588488610725497, 0.19299901579154027, 0.01896017817248995, 0.04297259848676992, 0.0673563948441556, 0.01886295163249454], [0.14072830541782191, 0.18699479335239338, 0.021922630917743564, 0.05336322550732124, 0.5752586457601201, 0.02173239904459988], [0.6548497646864114, 0.19691721541780197, 0.0194032999650116, 0.04303974482517309, 0.0670185171118503, 0.018771457993751847], [0.6130941973050634, 0.07188407841495319, 0.1531051014658675, 0.043566942726855414, 0.09873776621476711, 0.019611913872493537], [0.5994248464719937, 0.18869261042665506, 0.06474997565374262, 0.02788241338624103, 0.10757058450111714, 0.011679569560250536], [0.5973919870444961, 0.1817641221511196, 0.07428332693223537, 0.0271571182568485, 0.10779518757369132, 0.011608258041608982], [0.8543748043364491, 0.05513891852225741, 0.021934891438569748, 0.012253459139808595, 0.046297940282037105, 0.009999986280878082], [0.8514108650678442, 0.058651388207766386, 0.022138020672497264, 0.012638896393335146, 0.04516084337767901, 0.009999986280878056], [0.24699973352631824, 0.11918998306880982, 0.0976648936295336, 0.038562953356169334, 0.4874234015024052, 0.010159034916763841], [0.5502504621377295, 0.20428138677501587, 0.07720629087278941, 0.06715113621301472, 0.0888744043005407, 0.012236319700909801], [0.8309642337128753, 0.06731240391976888, 0.025267743950299303, 0.013485726464685488, 0.05296990567149278, 0.00999998628087828], [0.5618528501342279, 0.07112194317516321, 0.2131041254752383, 0.04377520514584529, 0.09229800302601811, 0.01784787304350717], [0.5942382002612077, 0.06475035402488426, 0.1896364055872898, 0.04064297183976082, 0.09191877129971217, 0.018813296987145296], [0.636723469054134, 0.05616067038011129, 0.13627707928595054, 0.042175332999712975, 0.10856086417654477, 0.02010258410354638], [0.6255750166683491, 0.057516321834752526, 0.13759368548269005, 0.041138406721911824, 0.11844630128680453, 0.01973026800549191], [0.8725573549725573, 0.044397249128357325, 0.020206949421042758, 0.011119014611372562, 0.04171944558579212, 0.009999986280878], [0.6329390819263012, 0.05236484235893073, 0.1509403999163849, 0.04027888103246113, 0.10375710838807192, 0.019719686377849936], [0.6378813950924027, 0.05259740603064562, 0.15192131890510696, 0.04054057273876991, 0.09708145266092265, 0.01997785457215215], [0.6654571098134378, 0.044422873325608965, 0.1346275538885876, 0.03461965375832964, 0.10025237232801913, 0.020620436886016967], [0.8776997148492587, 0.0409341699471128, 0.021681127877516967, 0.010774550896045808, 0.0389104501491878, 0.009999986280877919], [0.7008321700940534, 0.110043291343426, 0.04933945896732335, 0.0212822433059793, 0.1054961947439276, 0.013006641545290371], [0.8779808941775149, 0.04179140245537368, 0.020026997125989182, 0.010850662042743335, 0.0393500579175008, 0.00999998628087791], [0.8729448065969025, 0.043211076115683054, 0.019997852434130683, 0.011034938273065028, 0.04281134029934068, 0.009999986280877999], [0.6961007995486757, 0.10693946296915224, 0.048131647861290115, 0.020907064319256284, 0.11492720320044417, 0.012993822101181631], [0.6961144217632366, 0.10808996810858376, 0.04844659255417197, 0.021017445219282203, 0.11331833073243484, 0.013013241622290814], [0.8695063989378237, 0.037779756844451264, 0.033531271382144304, 0.010511796457281381, 0.03867079009742136, 0.009999986280878032], [0.7751329412853307, 0.0591252048183927, 0.04918047063529277, 0.01765682530442729, 0.08764474907416686, 0.01125980888238975], [0.8660529378220833, 0.038241490784927654, 0.037164191157047596, 0.010553889909420078, 0.037987504045643515, 0.009999986280878047]], [[0.871692651458089, 0.042477794651992994, 0.026371012362857993, 0.010946235385486506, 0.03851231986069547, 0.009999986280878002], [0.6637293945370376, 0.13438657725532682, 0.053578551561611405, 0.02507939155343622, 0.11068012532534484, 0.012545959767243113], [0.74509929061322, 0.11632233986682568, 0.0134550981504153, 0.028779072581719075, 0.08313287704883932, 0.013211321738980509], [0.6656472209369014, 0.18933137582982262, 0.018996694061239404, 0.04248747897124155, 0.06462933787987019, 0.01890789232092489], [0.6481069025599829, 0.2169911142138167, 0.018553422086339557, 0.04331910287259051, 0.05457618137647013, 0.01845327689080006], [0.6993128198440548, 0.15969245248217917, 0.012813541233304162, 0.03297022070457573, 0.08249267100470015, 0.012718294731185934], [0.6110507534043947, 0.24911681421926538, 0.017655895047984888, 0.046935681122434146, 0.05773233391089584, 0.017508522295024937], [0.6861395765860585, 0.18186983547021157, 0.012663276060660787, 0.03665980090561569, 0.07009069418740488, 0.012576816790048564], [0.7016396303702374, 0.15804515740953406, 0.012784961331134555, 0.032714263801548515, 0.08212479556203137, 0.01269119152551411], [0.7061450179586722, 0.15774014488142263, 0.012812040467114549, 0.03284548470642298, 0.07773589432521325, 0.012721417661154283], [0.7387015959234703, 0.13580043155534385, 0.013175817091717675, 0.029843695363710794, 0.0693661077340073, 0.013112352331750165], [0.6763598513798639, 0.18271200843921329, 0.01918403324340073, 0.04304579495971705, 0.05960474824325725, 0.01909356373454792], [0.6700129243063676, 0.18677690319470408, 0.019100069726678916, 0.043408038436181615, 0.06169015316492725, 0.019011911171140653], [0.6684686908684435, 0.1894315679369112, 0.01909095216853089, 0.04343873871222638, 0.060594136201734546, 0.018975914112153543], [0.6650845702946262, 0.19357061629468106, 0.019741079067094443, 0.04349254584686666, 0.059245774586407784, 0.01886541391032385], [0.612418808227032, 0.06981714293610936, 0.16625147385500547, 0.04291616689867232, 0.0891791514681841, 0.019417256614996742], [0.8612365297784561, 0.05495392315155878, 0.018509609623614472, 0.0121585112671035, 0.043141439898389054, 0.009999986280878012], [0.8251034354381809, 0.06740190273435198, 0.02933665620081017, 0.013541660755178823, 0.05461635859059983, 0.009999986280878372], [0.5763381421094007, 0.20829299193114995, 0.06665603502919767, 0.06131457529091468, 0.0751675183592629, 0.01223073728007408], [0.5967568716361715, 0.188115545791394, 0.08507008711091545, 0.05405110531698109, 0.06495972283376504, 0.011046667310772862], [0.5892849358736728, 0.1862702501694886, 0.09072017213515234, 0.05692487921958292, 0.0657741919988425, 0.011025570603260851], [0.3996906251903333, 0.07518552274388236, 0.14984560846892175, 0.09320134569133685, 0.2720769061350063, 0.009999991770519488], [0.8304609740974622, 0.07241593780991994, 0.01915535121180645, 0.013757991645468221, 0.05420975895446502, 0.009999986280878158], [0.8571216893279573, 0.05541250154109684, 0.018846067944605364, 0.012238237237012688, 0.04638151766844982, 0.00999998628087803], [0.8645816422209642, 0.05158475731495965, 0.01683472328732834, 0.01180993209571303, 0.0451889588001568, 0.009999986280878037], [0.8727301179258207, 0.04636353480505232, 0.01680568355115628, 0.01130276766396011, 0.04279790977313266, 0.00999998628087797], [0.8729209430032913, 0.04509069766624228, 0.01906870857557458, 0.011179819776721951, 0.04173984469729208, 0.009999986280877983], [0.8720337391072543, 0.0438092636572995, 0.01825560920912294, 0.011159192463559226, 0.04474220928188604, 0.009999986280877985], [0.8735821771936029, 0.044417357412080076, 0.01644775961232279, 0.011171472254738862, 0.044381247246377466, 0.009999986280877931], [0.8731517460999464, 0.042111060923231296, 0.019407693836055447, 0.010991668525994393, 0.044337844333894615, 0.009999986280877966], [0.8725951932336597, 0.04303465450023624, 0.01848563376836842, 0.011069105169319717, 0.04481542704753793, 0.009999986280877962], [0.8722848590916173, 0.04279772406873582, 0.01831286267960999, 0.011066502074184735, 0.04553806580497421, 0.009999986280877983], [0.8710672253180497, 0.04180527036395554, 0.0238595174816383, 0.010925739476701685, 0.04234226107877686, 0.009999986280878042], [0.8761943820272543, 0.040940757162647896, 0.022881150787537396, 0.010786967151255137, 0.03919675659042738, 0.00999998628087795], [0.8742188106856507, 0.043827294075194534, 0.018065584961995097, 0.011071485165663182, 0.04281683883061851, 0.009999986280877962], [0.054936881097120416, 0.07019335021799238, 0.042067157039885714, 0.022087005205045647, 0.7992421253128752, 0.011473481127080656], [0.6677778273639519, 0.12944856212620132, 0.054304696343021625, 0.024509668411453724, 0.11136824260411396, 0.012591003151257515], [0.8717239632881245, 0.0385987602474825, 0.030208675604036114, 0.010567499036858663, 0.038901115542620164, 0.009999986280877992], [0.774516285516732, 0.05952044173663155, 0.04939108811614085, 0.017709958269402738, 0.08763351547441219, 0.01122871088668055], [0.8660529378220833, 0.038241490784927654, 0.037164191157047596, 0.010553889909420078, 0.037987504045643515, 0.009999986280878047]], [[0.871692651458089, 0.042477794651992994, 0.026371012362857993, 0.010946235385486506, 0.03851231986069547, 0.009999986280878002], [0.6613434070573962, 0.1330046376527598, 0.055683390835849965, 0.02494935208819782, 0.11248056287711017, 0.012538649488686004], [0.0637591093167526, 0.10363804108465317, 0.009999990109256184, 0.025594351700750476, 0.7855309091409138, 0.01147759864767369], [0.6746611558221474, 0.18274611949246064, 0.019175262167628424, 0.04291033397955921, 0.06141584394282468, 0.019091284595379687], [0.6481195273606949, 0.21833699006568322, 0.018515748305133414, 0.043354460001690465, 0.053261848588378236, 0.018411425678419743], [0.6092647859589945, 0.24920362963474446, 0.017657596711544005, 0.046986366049519813, 0.059366630288156925, 0.017520991357040293], [0.5925174756106326, 0.2013204819720477, 0.019077690161723723, 0.10182623099210526, 0.06642900678089916, 0.01882911448259159], [0.6086646726091323, 0.20378659726686554, 0.01903561065096625, 0.08612081496973156, 0.06359474504200172, 0.018797559461302748], [0.6445441621627088, 0.2206808928932038, 0.01711659218929793, 0.05491216323488249, 0.04583418552459139, 0.016912003995315568], [0.7016569917925556, 0.15804538766176263, 0.012785060056403041, 0.03271487488866318, 0.08210641358027425, 0.012691272020341302], [0.7404372388359254, 0.13444734112889917, 0.013141220042245223, 0.02962021848133967, 0.06927432692951858, 0.013079654582071873], [0.7512703144948277, 0.11056970394176877, 0.013241947642423925, 0.028699548354442373, 0.08300739712028403, 0.013211088446253245], [0.06706945781057537, 0.10184087472629284, 0.009999989894600214, 0.025952473107571174, 0.7836721969688926, 0.011465007492067768], [0.74686776576954, 0.11443299055448103, 0.013515501659621194, 0.028885705134546205, 0.08311923152121686, 0.013178805360594582], [0.641725347678318, 0.16556431155729145, 0.055659032076426064, 0.025171432675412057, 0.09957022487556344, 0.012309651136988967], [0.6353667471342761, 0.1693040100720064, 0.05831383413857751, 0.0256415672446011, 0.09924241510366436, 0.01213142630687455], [0.8628042526607513, 0.055658633026304284, 0.016050075426479925, 0.012162738263019973, 0.04332431434256669, 0.009999986280877938], [0.6831418172647588, 0.15093430855831613, 0.07292013323010561, 0.04265617881003536, 0.04005792188588301, 0.01028964025090128], [0.40698787294863337, 0.14022528746298377, 0.126862847422208, 0.11265743120690225, 0.20270270046854108, 0.010563860490731602], [0.5787347944896734, 0.2662375103842097, 0.019809434522760128, 0.07962843115023675, 0.03680158175127524, 0.018788247701844982], [0.5808673446688974, 0.2723630741986808, 0.01961826770788516, 0.06973372155418646, 0.03872783741055623, 0.018689754459794067], [0.26836020286541606, 0.13446985333071548, 0.06577039258325136, 0.0315562619263424, 0.4894651705024279, 0.010378118791846835], [0.6840141761060551, 0.12078038416273115, 0.05826760988355933, 0.038587970472799174, 0.08623648607064693, 0.012113373304208272], [0.18627498494449257, 0.07812998098202599, 0.09087704463535655, 0.0360365589821576, 0.5931572632627318, 0.015524167193235508], [0.5917126280814863, 0.07145699370990431, 0.1729098988876416, 0.04367498328245177, 0.10131121443922375, 0.018934281599292266], [0.07139578327712405, 0.07353913622451837, 0.08024802050051058, 0.03398393206952596, 0.7248050381718057, 0.01602808975651536], [0.5885961762351716, 0.06851731585646785, 0.17588318543487966, 0.04078040594924153, 0.10737264894928196, 0.018850267574957398], [0.05836629075903332, 0.07245333282160905, 0.07691414560077689, 0.033689281456746975, 0.7412215155315023, 0.01735543383033146], [0.16233150192951318, 0.06544360796115527, 0.03137323881346076, 0.020577386632566894, 0.1881416431733998, 0.532132621489904], [0.047457855566930565, 0.06000430052558394, 0.07962513440361772, 0.03208896361212317, 0.7609329142090355, 0.01989083168270912], [0.15632276402611237, 0.05923982012603542, 0.04378300818809961, 0.020007046119997877, 0.18851473995274123, 0.5321326215870136], [0.05507935494040282, 0.06843069797378074, 0.04184763515035036, 0.021883983249972642, 0.8000483633357361, 0.012709965349757341], [0.8661986457998047, 0.03917171746688, 0.033616598666568125, 0.010652388229099917, 0.040360663556769254, 0.009999986280878097], [0.6374389641795548, 0.05156367665653058, 0.14605892548517688, 0.03971881738378203, 0.10529736101740997, 0.01992225527754574], [0.6523884368431219, 0.13714900837677496, 0.05185814836038155, 0.02436376874306862, 0.12181637347358502, 0.012424264203068032], [0.6695441211394635, 0.12823343935812911, 0.05382704510344596, 0.024404386118645597, 0.11133555464007344, 0.012655453640242368], [0.8728250570216916, 0.041436317484185164, 0.022837241478218213, 0.010873025642111286, 0.042028372092915725, 0.009999986280878002], [0.8734992041483491, 0.03848687251065712, 0.028876273600582245, 0.01054762280764614, 0.03859004065188744, 0.00999998628087796], [0.8682047595231289, 0.037498887308023504, 0.03544942581978872, 0.010479798167797314, 0.038367142900383504, 0.009999986280878032], [0.8660529378220833, 0.038241490784927654, 0.037164191157047596, 0.010553889909420078, 0.037987504045643515, 0.009999986280878047]], [[0.871692651458089, 0.042477794651992994, 0.026371012362857993, 0.010946235385486506, 0.03851231986069547, 0.009999986280878002], [0.6631862608906959, 0.13323606279450795, 0.055537334145032306, 0.024980418309115765, 0.11051665062222076, 0.012543273238427466], [0.7479101357319392, 0.11493613937392645, 0.013412783177216888, 0.028579874089757824, 0.08199614351529043, 0.01316492411186931], [0.7437357056502861, 0.1289570588791197, 0.013223110929101374, 0.028694648306308235, 0.07222433593714354, 0.013165140298041042], [0.7323272408674552, 0.13565578529598804, 0.01310411857733641, 0.029716442656869697, 0.07614626643322535, 0.013050146169125398], [0.3010944978438559, 0.1295517410000824, 0.009999991239613402, 0.026958096937682547, 0.5215106654434315, 0.01088500753533437], [0.6237643636384095, 0.1997715792832285, 0.01900549447394684, 0.0733775060648134, 0.06529061785389377, 0.018790438685708004], [0.2063403041219163, 0.5123408457100291, 0.012639490636318201, 0.10629040489731581, 0.15000896976908804, 0.012379984865332597], [0.24690168935487977, 0.12015281573285001, 0.012170595410856865, 0.038829719357154936, 0.569961428415601, 0.01198375172865743], [0.6858316129471846, 0.18170428261939015, 0.0126375620135083, 0.036723183456730035, 0.07055688959142731, 0.0125464693717595], [0.7379890313096321, 0.1368322089401732, 0.013120744918238203, 0.029836476353170126, 0.06915399788591443, 0.013067540592871895], [0.8043754768558363, 0.11387219472984006, 0.009999988106695293, 0.02325890315110697, 0.03757167263967609, 0.010921764516845277], [0.7464100324277664, 0.11479379267559067, 0.013727202931058767, 0.028921363944727593, 0.08297840744033837, 0.013169200580518266], [0.6648627958905121, 0.14131931493867453, 0.04118882895429987, 0.025724854930674612, 0.11431940809976016, 0.012584797186078845], [0.07077147192830045, 0.07631733526186646, 0.03302950179850138, 0.023245361345181237, 0.7851878008955807, 0.011448528770569791], [0.858806390308594, 0.055241563795703115, 0.015987672552072223, 0.012181140643025607, 0.047783246419727234, 0.009999986280877993], [0.5953969222653246, 0.19300698825104393, 0.06812168850845979, 0.028366271815994028, 0.10359182338029639, 0.011516305778881235], [0.6926734254876129, 0.15395114691619144, 0.06537393299363735, 0.03664455284499462, 0.040979191554693525, 0.010377750202870184], [0.6670740251713837, 0.1482891284967719, 0.013503669092053678, 0.07132953015542291, 0.08706416820580773, 0.012739478878560046], [0.30441882028631123, 0.2523315543261527, 0.015342097513676958, 0.0419933224376298, 0.37093718967024425, 0.014977015765985152], [0.5770584272922583, 0.26625737592872967, 0.01914609604489114, 0.07337680799688516, 0.04531192611169477, 0.018849366625541052], [0.28957031091902297, 0.1495747275860111, 0.014268589895835657, 0.038014358112224464, 0.49478249803911944, 0.013789515447786307], [0.5783448920713548, 0.274012779059057, 0.01722840696870839, 0.04770321138721413, 0.06586916098015717, 0.01684154953350862], [0.799128682675852, 0.07720196835833912, 0.014995072835388314, 0.035434977900501034, 0.0587976932951941, 0.014441604934725304], [0.5775641180713085, 0.2782225804175529, 0.017668713375131557, 0.04748576838411028, 0.06224965555957507, 0.016809164192321865], [0.5647036883445872, 0.2974414372657235, 0.017030521647705132, 0.05038172125196237, 0.053930103068652785, 0.01651252842136915], [0.3106752438891424, 0.1928126116555393, 0.019534715407945602, 0.04874734694613549, 0.40960463772100414, 0.018625444380233058], [0.594769925379125, 0.25717005971808093, 0.017756425675956783, 0.04571588227349282, 0.06471529280620622, 0.019872414147138327], [0.15413958670178615, 0.0976867710479668, 0.012983018060782567, 0.021514523376958576, 0.18154348054074593, 0.53213262027176], [0.16368521411914977, 0.06056346281112517, 0.03822979368753852, 0.02013553796226865, 0.18525336984316912, 0.5321326215767489], [0.6659285040098116, 0.12937417281022418, 0.05425736759555569, 0.024593978281192478, 0.11068999609245182, 0.015155981210764296], [0.869603252463