{"prediction": [[[0.9681956172129972, 0.0099388696209384, 0.00099388696209384, 0.0099388696209384, 0.0099388696209384, 0.00099388696209384], [0.9681958028677972, 0.009938811603813423, 0.0009938811603813424, 0.009938811603813423, 0.009938811603813423, 0.0009938811603813424], [0.9681954957583936, 0.009938907575502027, 0.0009938907575502028, 0.009938907575502027, 0.009938907575502027, 0.0009938907575502028], [0.9681931396495447, 0.009939643859517318, 0.0009939643859517317, 0.009939643859517318, 0.009939643859517318, 0.0009939643859517317], [0.9672416655015199, 0.009941219379999778, 0.001940554420480906, 0.009941219379999778, 0.009941219379999778, 0.0009941219379999778], [0.9672424838535834, 0.009940951266577841, 0.0019405672200254983, 0.009940951266577841, 0.009940951266577841, 0.0009940951266577843], [0.966697443831877, 0.00994124321919368, 0.0024847021886227885, 0.00994124321919368, 0.00994124321919368, 0.000994124321919368], [0.9681459027811298, 0.009941779193030676, 0.001034581720475216, 0.009941779193030676, 0.009941779193030676, 0.0009941779193030676], [0.9651384963850629, 0.009941881915044323, 0.00404166967829975, 0.009941881915044323, 0.009941881915044323, 0.0009941881915044321], [0.9552753945287765, 0.01877997065869672, 0.0050232676710277495, 0.009962555781666209, 0.009962555781666209, 0.0009962555781666208], [0.9575390320895052, 0.017214299225497994, 0.003793576636349811, 0.009981528211755308, 0.01047341101571641, 0.0009981528211755308], [0.9415294807104941, 0.03162916987957359, 0.0059202472946196395, 0.009962429578720376, 0.009962429578720376, 0.0009962429578720376], [0.9567860172100492, 0.01785080018570445, 0.0044921898228895705, 0.00993856799112241, 0.00993856799112241, 0.000993856799112241], [0.966460819954659, 0.009906906333472371, 0.002827770411576698, 0.009906906333472371, 0.009906906333472371, 0.000990690633347237], [0.9683063649067531, 0.00990426096663966, 0.000990426096663966, 0.00990426096663966, 0.00990426096663966, 0.000990426096663966], [0.9681958028677972, 0.009938811603813423, 0.0009938811603813424, 0.009938811603813423, 0.009938811603813423, 0.0009938811603813424], [0.9681958028677972, 0.009938811603813423, 0.0009938811603813424, 0.009938811603813423, 0.009938811603813423, 0.0009938811603813424], [0.9681958028677972, 0.009938811603813423, 0.0009938811603813424, 0.009938811603813423, 0.009938811603813423, 0.0009938811603813424], [0.9681958028677972, 0.009938811603813423, 0.0009938811603813424, 0.009938811603813423, 0.009938811603813423, 0.0009938811603813424], [0.9681958028677972, 0.009938811603813423, 0.0009938811603813424, 0.009938811603813423, 0.009938811603813423, 0.0009938811603813424], [0.9681958028677972, 0.009938811603813423, 0.0009938811603813424, 0.009938811603813423, 0.009938811603813423, 0.0009938811603813424], [0.9680076287864079, 0.009940951299336196, 0.0011754221856499403, 0.009940951299336196, 0.009940951299336196, 0.0009940951299336198], [0.9681958028677972, 0.009938811603813423, 0.0009938811603813424, 0.009938811603813423, 0.009938811603813423, 0.0009938811603813424], [0.9681958028677972, 0.009938811603813423, 0.0009938811603813424, 0.009938811603813423, 0.009938811603813423, 0.0009938811603813424], [0.9681958028677972, 0.009938811603813423, 0.0009938811603813424, 0.009938811603813423, 0.009938811603813423, 0.0009938811603813424], [0.9683120765311057, 0.009902476084029478, 0.0009902476084029477, 0.009902476084029478, 0.009902476084029478, 0.0009902476084029477], [0.9683120765311057, 0.009902476084029478, 0.0009902476084029477, 0.009902476084029478, 0.009902476084029478, 0.0009902476084029477], [0.9681897210037168, 0.009940712186338534, 0.0009940712186338534, 0.009940712186338534, 0.009940712186338534, 0.0009940712186338534], [0.9680507305246024, 0.009941873031040625, 0.0011294630791718382, 0.009941873031040625, 0.009941873031040625, 0.0009941873031040626], [0.9679960468194263, 0.009941297186510848, 0.0011859319023902293, 0.009941297186510848, 0.009941297186510848, 0.0009941297186510847], [0.967728783712192, 0.00994102143307173, 0.0014540498452857936, 0.00994102143307173, 0.00994102143307173, 0.000994102143307173], [0.967578296831812, 0.009940951280955096, 0.0016047541972273552, 0.009940951280955096, 0.009940951280955096, 0.0009940951280955096], [0.9675070581002216, 0.009940951277905131, 0.0016759929382727085, 0.009940951277905131, 0.009940951277905131, 0.0009940951277905132], [0.9681954641149765, 0.00993891746406986, 0.000993891746406986, 0.00993891746406986, 0.00993891746406986, 0.000993891746406986], [0.9681954792697468, 0.009938912728204134, 0.0009938912728204134, 0.009938912728204134, 0.009938912728204134, 0.0009938912728204134], [0.9681958028677972, 0.009938811603813423, 0.0009938811603813424, 0.009938811603813423, 0.009938811603813423, 0.0009938811603813424], [0.9681958028677972, 0.009938811603813423, 0.0009938811603813424, 0.009938811603813423, 0.009938811603813423, 0.0009938811603813424], [0.9681951575999489, 0.009939013250016044, 0.0009939013250016046, 0.009939013250016044, 0.009939013250016044, 0.0009939013250016046], [0.9681951929722242, 0.00993900219617995, 0.000993900219617995, 0.00993900219617995, 0.00993900219617995, 0.000993900219617995], [0.9681950447629362, 0.009939048511582515, 0.0009939048511582516, 0.009939048511582515, 0.009939048511582515, 0.0009939048511582516]], [[0.9681958028677972, 0.009938811603813423, 0.0009938811603813424, 0.009938811603813423, 0.009938811603813423, 0.0009938811603813424], [0.9370452734734486, 0.015347273182147857, 0.02668390525938928, 0.009963594326197348, 0.009963594326197348, 0.0009963594326197348], [0.20439203305484255, 0.03899495900057615, 0.04120368351720952, 0.009981392804239077, 0.704429792342709, 0.0009981392804239077], [0.8459023190842948, 0.05589067414887435, 0.06485142655394366, 0.009996298639494153, 0.022359651709443748, 0.0009996298639494154], [0.6460059171237801, 0.06722452260745031, 0.08140137007050711, 0.01213978747527034, 0.19222857009545063, 0.0009998326275414836], [0.7752371258940682, 0.06815775620280681, 0.10334400684835389, 0.015488578146296563, 0.03677270028023587, 0.0009998326282386896], [0.8085015575774531, 0.07096838193832934, 0.08179755871358654, 0.012110523903030471, 0.025622145240328426, 0.000999832627272182], [0.8420904034709328, 0.06148317034667483, 0.06149895222692765, 0.010883667995244761, 0.023043973331471956, 0.0009998326287480766], [0.23527682697000893, 0.07801200725756738, 0.08091025369715238, 0.012429998510619569, 0.5923710809394712, 0.0009998326251806492], [0.7563390094314205, 0.09443699401722315, 0.09015426348784399, 0.01950711461353453, 0.038562785822632735, 0.0009998326273450708], [0.2934630234306993, 0.09500748596457341, 0.0956944126492099, 0.022387180681601056, 0.4924480646492709, 0.000999832624645515], [0.26347111485415664, 0.1037306669820538, 0.09584417813671578, 0.019587743146532496, 0.5163664642553718, 0.000999832625169589], [0.34289706286093324, 0.07267985954274876, 0.06835546097630521, 0.0109640063334034, 0.5041038965492645, 0.0009997137373450723], [0.3429965807436512, 0.054551636800107994, 0.04970110493620814, 0.009991254830312582, 0.541760297206689, 0.0009991254830312582], [0.8811211884758425, 0.039600380910214616, 0.05094886895979703, 0.009969071675674106, 0.017363582810904447, 0.0009969071675674107], [0.9190313878953582, 0.020718815948095028, 0.03545214776054131, 0.00998135007124851, 0.013818163317632243, 0.000998135007124851], [0.778896502217161, 0.00996308892952808, 0.025924109964973442, 0.00996308892952808, 0.17425690106585687, 0.0009963088929528078], [0.9518885932430626, 0.009945156697864084, 0.017281420993558803, 0.009945156697864084, 0.009945156697864084, 0.0009945156697864085], [0.9563839289003023, 0.009942648576569632, 0.012793860512332002, 0.009942648576569632, 0.009942648576569632, 0.0009942648576569632], [0.9440347953060966, 0.013254614462649505, 0.021786671395844847, 0.009963770874004399, 0.009963770874004399, 0.0009963770874004399], [0.19380538847753537, 0.025024462221794948, 0.02751046818367836, 0.009981205648428625, 0.7426803549037199, 0.0009981205648428625], [0.9184190518500497, 0.028323883298999278, 0.03140145711511196, 0.009981259552461316, 0.010876222228131784, 0.0009981259552461314], [0.20920429589221168, 0.03364047253149999, 0.039346496213010784, 0.009981415168035863, 0.7068291786784383, 0.0009981415168035864], [0.9359430825855525, 0.013242283590935964, 0.02888306884931365, 0.00998116826882384, 0.010952279878491783, 0.000998116826882384], [0.9454613905543844, 0.009956566354954148, 0.02367325374525804, 0.009956566354954148, 0.009956566354954148, 0.0009956566354954147], [0.9458897935287922, 0.009927361504725177, 0.023335385806559746, 0.009927361504725177, 0.009927361504725177, 0.0009927361504725176], [0.036859691467764306, 0.029537078000602145, 0.033168410699066946, 0.009968403817636062, 0.889469575633167, 0.0009968403817636061], [0.8686175455660172, 0.04214521404844502, 0.0579076988542147, 0.009981594903828267, 0.020349787137112135, 0.0009981594903828268], [0.853088135646611, 0.05293816277508043, 0.059807146730790385, 0.010073551035514364, 0.023093171182172027, 0.0009998326298317943], [0.05633118904618184, 0.05130639158289183, 0.05853806565753855, 0.009986097777448041, 0.822839646158195, 0.0009986097777448042], [0.8959586652671291, 0.0386560409700505, 0.039669726547514904, 0.009981504770915358, 0.014735911967298794, 0.0009981504770915357], [0.045194747395944736, 0.0355663190844893, 0.039055343900683305, 0.009981494867003293, 0.8692039452651792, 0.0009981494867003292], [0.20375374245314132, 0.02833734524232399, 0.03239101275438853, 0.009981252487653679, 0.7245385218137272, 0.0009981252487653678], [0.9298964878172162, 0.021256851083578325, 0.027921887332134805, 0.009964177984319374, 0.009964177984319374, 0.0009964177984319374], [0.939679493621615, 0.017211979286207692, 0.022184647525515126, 0.009963752174601168, 0.009963752174601168, 0.0009963752174601168], [0.7886717108543426, 0.009962795457779111, 0.01616867713121849, 0.009962795457779111, 0.1742377415531028, 0.0009962795457779112], [0.9550084841720742, 0.009942721083669608, 0.014169080468550189, 0.009942721083669608, 0.009942721083669608, 0.0009942721083669608], [0.9562026649793055, 0.009942615021339514, 0.012975228454542118, 0.009942615021339514, 0.009942615021339514, 0.0009942615021339514], [0.18211867211938898, 0.00995518200079166, 0.00995518200079166, 0.00995518200079166, 0.7870202636781569, 0.000995518200079166], [0.9681951929722242, 0.00993900219617995, 0.000993900219617995, 0.00993900219617995, 0.00993900219617995, 0.000993900219617995]], [[0.9681957416710302, 0.00993883072780309, 0.000993883072780309, 0.00993883072780309, 0.00993883072780309, 0.000993883072780309], [0.7446854328239888, 0.023818350289557543, 0.04058851869318934, 0.009981338313228075, 0.17992822604871356, 0.0009981338313228075], [0.867933297980366, 0.09204112100527782, 0.008913788162455003, 0.009981536000764473, 0.02013210325106023, 0.0009981536000764472], [0.8162780578366838, 0.1376473168609682, 0.005504487423175389, 0.012863438516742964, 0.026706866733452246, 0.0009998326289772732], [0.09738992698706282, 0.17461557068765998, 0.008607668941710837, 0.020144369601282866, 0.6982426311531151, 0.0009998326291683981], [0.7457623186311504, 0.16730617640396453, 0.005458323691541981, 0.022610257095350566, 0.05786309155052535, 0.0009998326274672934], [0.2661625933625278, 0.16987514044491253, 0.006877128382880674, 0.019728941789496413, 0.5363563633930825, 0.000999832627100276], [0.07083806122105939, 0.1298346716461219, 0.007178441573969825, 0.013000368887986785, 0.778148624042405, 0.0009998326284570648], [0.7821712695285349, 0.15640477337294173, 0.0055604758083206635, 0.016042358997446594, 0.038821289663893095, 0.000999832628863066], [0.29631482873562726, 0.16140933255727888, 0.006010176860054028, 0.0227221603817076, 0.5125436688382596, 0.000999832627072668], [0.5299127126104479, 0.2412215039098733, 0.004931969457447926, 0.026497123026897135, 0.19643685836783512, 0.0009998326274987689], [0.2943525831017896, 0.17866032162780157, 0.003965930495658447, 0.02305105594132986, 0.4989702762059354, 0.0009998326274852586], [0.37539731682469063, 0.13945853335209862, 0.00322751967114274, 0.013694139002767287, 0.46722277741083457, 0.0009997137384662508], [0.36843966207036927, 0.14006635841216614, 0.004379662650273442, 0.013800365276300222, 0.4723142378520243, 0.0009997137388666473], [0.568297306641692, 0.10602296389181513, 0.005544620847807395, 0.010315482277927735, 0.3088199125999016, 0.00099971374085614], [0.7082308283354545, 0.08289341291368436, 0.007910368193018725, 0.00998944361598092, 0.18997700258026348, 0.000998944361598092], [0.9254817902135374, 0.03701022839591271, 0.012304374334301631, 0.009981288896551027, 0.014224189270042174, 0.0009981288896551027], [0.9511603521642717, 0.02215026846757636, 0.00576581900334965, 0.009963600173715495, 0.009963600173715495, 0.0009963600173715495], [0.9516407940206901, 0.021661963951071277, 0.005773807868746653, 0.00996354007594861, 0.00996354007594861, 0.000996354007594861], [0.19342404679968142, 0.04450106868966278, 0.005389723106422181, 0.009981260243367717, 0.7457057751365292, 0.0009981260243367718], [0.9097071958341725, 0.060469763210750774, 0.0046879479084358374, 0.009981410840309098, 0.014155541122301165, 0.0009981410840309098], [0.056526205602168436, 0.09051063216856262, 0.005890250337217833, 0.009987240380657672, 0.8360869474733277, 0.0009987240380657672], [0.8705866879862505, 0.08870995504858706, 0.006260969988062557, 0.00999644838392452, 0.02344629375478306, 0.000999644838392452], [0.8928539797318285, 0.06972475030416792, 0.005846712795884155, 0.009981536073774189, 0.020594867486968052, 0.0009981536073774189], [0.7596223885004443, 0.0436394844332467, 0.005160418257373265, 0.009981309395860337, 0.18059826847348953, 0.0009981309395860336], [0.653395806096131, 0.03152084875740363, 0.007034355749525779, 0.009968338444465456, 0.29708381710802784, 0.0009968338444465456], [0.8888725358074588, 0.07452294588642856, 0.0056087854489348795, 0.009976358804650982, 0.02002173817206171, 0.0009976358804650984], [0.666578483613309, 0.12152169233282459, 0.005018820126295452, 0.012101423996937827, 0.1937797473000308, 0.0009998326306024023], [0.7811846186944479, 0.15874109047464108, 0.004548009518554339, 0.016001255580709823, 0.03852519310331883, 0.000999832628328034], [0.23796333691961402, 0.13625290092995368, 0.003519563112768154, 0.012963677054310983, 0.6083006893551772, 0.0009998326281760322], [0.8500520671417581, 0.11025728221565409, 0.0017543414939321317, 0.011089591237614865, 0.025846885281539646, 0.0009998326295013445], [0.6855743523486449, 0.1089248093410079, 0.003235374573110557, 0.010533520879204507, 0.19073211022844613, 0.0009998326295860627], [0.8679842184268726, 0.09643374763338367, 0.0038714443206937527, 0.00998766003328758, 0.02072416358243381, 0.000998766003328758], [0.9007444866378035, 0.0713801829764908, 0.0021811501330425307, 0.009981476744043155, 0.014714555834215801, 0.0009981476744043154], [0.024232170256960006, 0.05318491452804913, 0.002336661413056882, 0.009981303735882055, 0.9092668196924639, 0.0009981303735882056], [0.18874001014858907, 0.04014114420766463, 0.005444366869774415, 0.009981149568685661, 0.7546952142484178, 0.0009981149568685662], [0.9576029959606311, 0.018908701438357687, 0.0025664578633528353, 0.009962783208408843, 0.009962783208408843, 0.0009962783208408844], [0.9657705457857344, 0.009942652876887035, 0.0034072302959159565, 0.009942652876887035, 0.009942652876887035, 0.0009942652876887036], [0.7953924201933574, 0.009942308300451763, 0.009942308300451763, 0.009942308300451763, 0.17378642407524228, 0.0009942308300451763], [0.9681952464677717, 0.009938985478821378, 0.0009938985478821377, 0.009938985478821378, 0.009938985478821378, 0.0009938985478821377]], [[0.9681931396495447, 0.009939643859517318, 0.0009939643859517317, 0.009939643859517318, 0.009939643859517318, 0.0009939643859517317], [0.8459023190842948, 0.05589067414887435, 0.06485142655394366, 0.009996298639494153, 0.022359651709443748, 0.0009996298639494154], [0.8239490544755579, 0.12927535900343412, 0.007724078583276699, 0.011956408128027313, 0.026095267179775932, 0.0009998326299280919], [0.7750087265627136, 0.16264225254003625, 0.004975723065689031, 0.016667499738970457, 0.03970596546400927, 0.0009998326285815637], [0.30010187362379875, 0.16688520887825536, 0.006756364283036405, 0.02246393517971645, 0.502792785408074, 0.0009998326271190257], [0.3637923846527944, 0.24150411097729624, 0.005633150831043467, 0.026065310554853872, 0.362005210356639, 0.0009998326273730855], [0.7454022953933173, 0.1677488803687156, 0.004821123571776817, 0.022076630215987273, 0.05895123782416987, 0.0009998326260332046], [0.7797900418832575, 0.1558244468526208, 0.006013629611915514, 0.016725525124615667, 0.04064652389909856, 0.0009998326284921014], [0.8211012400001609, 0.1297605864871286, 0.0040371382294644145, 0.013168635715263808, 0.030932566939009244, 0.0009998326289730407], [0.766104791765935, 0.1648168616224914, 0.005917837075283019, 0.01987712544126185, 0.042283551465841666, 0.0009998326291872225], [0.7522664280246408, 0.1597470464695595, 0.004982513571798722, 0.022396167309464216, 0.059608011996977184, 0.000999832627559664], [0.7606307729636935, 0.17215344415902065, 0.004281207082171584, 0.01988069212068152, 0.042054051046267346, 0.0009998326281654508], [0.3726044204874521, 0.14805574627767384, 0.004417237107528004, 0.01710615795435814, 0.45681672443441546, 0.0009997137385725973], [0.787610008592142, 0.13670583662232128, 0.004516070885127582, 0.019112096036667622, 0.051056274125148814, 0.0009997137385928444], [0.8063013753909238, 0.1333206180842363, 0.0057684643424234915, 0.016958019281622917, 0.036651809159817014, 0.0009997137409765002], [0.840226934294754, 0.1101176271597928, 0.007661910624135946, 0.011433179681863836, 0.029560515609001078, 0.0009998326304524819], [0.8935433432141646, 0.06281354774728658, 0.00905200574698563, 0.009981498856137404, 0.02361145454981218, 0.0009981498856137404], [0.7615394710424759, 0.03676122223471723, 0.007105824636953482, 0.009981292006102574, 0.1836140608791408, 0.0009981292006102575], [0.9505658571097265, 0.023569230753163965, 0.004790739289077725, 0.009981156182064065, 0.010094901047761515, 0.0009981156182064066], [0.752264525631874, 0.04849025715291919, 0.004696020838107162, 0.009981368746547148, 0.183569690755898, 0.000998136874654715], [0.8574704790076837, 0.0993721173484673, 0.004382133622631126, 0.010417382172995078, 0.027358055217469313, 0.0009998326307534779], [0.6647884557111348, 0.11952040073787172, 0.004494317025279913, 0.012909293683977655, 0.19728770021207806, 0.000999832629657947], [0.6243281067517612, 0.1459891966855116, 0.005742299622643329, 0.015862028842237325, 0.20707853546776656, 0.0009998326300800372], [0.8387543419000658, 0.11283417027266011, 0.0062450825273149485, 0.01159213185312291, 0.029574440816336114, 0.0009998326305003281], [0.8693657192804617, 0.08664557831952169, 0.00655055536322071, 0.009995200822998828, 0.026443426131497503, 0.0009995200822998829], [0.9072375259036294, 0.05376433029808362, 0.007822919872719863, 0.009968497677917946, 0.020209876479857468, 0.0009968497677917945], [0.5796024897535873, 0.09321349601095776, 0.005764807270742387, 0.009994015580495471, 0.31042578982616775, 0.0009994015580495471], [0.7728368654964601, 0.15744574801232414, 0.006823908950089451, 0.019762395635149636, 0.0421312492760133, 0.000999832629963448], [0.29897831675825987, 0.16174188106178902, 0.0052601262737472666, 0.022358102302612058, 0.5106617409763168, 0.000999832627274965], [0.2678809195774026, 0.17202465016513466, 0.004435378986099066, 0.019641426337618593, 0.5350177923067709, 0.0009998326269741796], [0.2407135606722734, 0.12914355010033332, 0.003920874026978748, 0.013510952476204227, 0.6117112300961592, 0.0009998326280510723], [0.6138578432775493, 0.15599232187466844, 0.004655231067660314, 0.016722675608243254, 0.20777209554327922, 0.0009998326285994127], [0.07397970999781776, 0.12918507103180657, 0.004539462265651008, 0.013328849758801723, 0.7779670743178198, 0.0009998326281033193], [0.23619889800398722, 0.11025279755240079, 0.004366893688286329, 0.011478677179033451, 0.6367029009487207, 0.0009998326275715928], [0.9001146442706699, 0.06904081693744946, 0.0021742050144607766, 0.009981533998196089, 0.01769064637940422, 0.000998153399819609], [0.1954966395289648, 0.04640316875607641, 0.004992084142330933, 0.00998132135254968, 0.7421286540848233, 0.000998132135254968], [0.9473380637249168, 0.029175993071209667, 0.0025571358230615958, 0.009966098752767624, 0.009966098752767624, 0.0009966098752767624], [0.9652893704702261, 0.009943403411931236, 0.003886078952787226, 0.009943403411931236, 0.009943403411931236, 0.0009943403411931237], [0.9593120660572043, 0.009923886327511188, 0.009923886327511188, 0.009923886327511188, 0.009923886327511188, 0.0009923886327511187], [0.9681958028677972, 0.009938811603813423, 0.0009938811603813424, 0.009938811603813423, 0.009938811603813423, 0.0009938811603813424]], [[0.9669934654708403, 0.00994121928635317, 0.0021887547414649483, 0.00994121928635317, 0.00994121928635317, 0.000994121928635317], [0.23216362087040862, 0.07665014960840973, 0.08509987377420836, 0.012185803515613297, 0.5929007196033552, 0.0009998326280048937], [0.09547961960759307, 0.17113750381695564, 0.010928047187177459, 0.01964069897843945, 0.7018142977802542, 0.0009998326295803646], [0.5847238461393642, 0.15960977278927255, 0.005484791390930081, 0.022347901029662207, 0.2268338560233456, 0.0009998326274255024], [0.7384107581860038, 0.18778316183220323, 0.0044914917599460785, 0.021992831737630614, 0.04632192385664588, 0.000999832627570464], [0.3005914550532688, 0.15464703260493293, 0.006963955254226814, 0.022549754577367086, 0.5142479698837952, 0.0009998326264094135], [0.7679195288519126, 0.16148393313536719, 0.006167042451406919, 0.019945463725510343, 0.04348419920640021, 0.00099983262940273], [0.07620662330816944, 0.12259761750665957, 0.006863715984516679, 0.013327549958997383, 0.7800046606137555, 0.000999832627901576], [0.8566883893952202, 0.09519333895762358, 0.00545667240712646, 0.011387513084881187, 0.030274253525033292, 0.000999832630115483], [0.6614607610597736, 0.1198201151260866, 0.005278651222580636, 0.012947394972755209, 0.19949324498917612, 0.0009998326296280341], [0.26676294730816014, 0.1476702529662256, 0.006640592392513648, 0.016691893057174622, 0.5612344816489316, 0.0009998326269944349], [0.6155919899701131, 0.1523905979292974, 0.005141851696639974, 0.01693780767027811, 0.20893792010504839, 0.0009998326286230859], [0.7924243243037981, 0.12983770025266317, 0.005202423353142817, 0.019543504490589735, 0.05199233386026831, 0.0009997137395379267], [0.6071277055408195, 0.19175320722877895, 0.00415151696397023, 0.02291264831379951, 0.17305520821269352, 0.0009997137399382627], [0.7934638159574356, 0.12975830437165137, 0.003912896562622446, 0.01953155361843112, 0.05233371575037369, 0.0009997137394857174], [0.7942129055135904, 0.14008627031984028, 0.007464934434997937, 0.015714126598672867, 0.04152193050234326, 0.0009998326305553015], [0.8447591685048021, 0.10620825363548969, 0.005415389057056872, 0.011642143328382669, 0.030975212843482338, 0.0009998326307863897], [0.8694001604427326, 0.0855633925276451, 0.0051993215053296425, 0.010026493784684056, 0.028810799108279883, 0.0009998326313287833], [0.9259304592475517, 0.040157813430688104, 0.0037646684013147194, 0.009981363270476062, 0.019167559322921923, 0.0009981363270476062], [0.8852482518949266, 0.07313833790559149, 0.004756798558981385, 0.00998273693202026, 0.025875601015278308, 0.000998273693202026], [0.6688703633099614, 0.1141375213571345, 0.0037566840262951533, 0.012993950690264768, 0.19924164798605087, 0.0009998326302932314], [0.7757083184064523, 0.15444207344997427, 0.005489492405243627, 0.019851817614828446, 0.04350846549305908, 0.0009998326304422444], [0.7600667123265626, 0.15202887580625293, 0.00527546954420742, 0.02191019078740805, 0.059718918906769725, 0.0009998326287992553], [0.10164721631082949, 0.15995041288727818, 0.0056954612531741845, 0.019604719432909295, 0.7121023574894157, 0.0009998326263931552], [0.6665493852581663, 0.1165266107292758, 0.004128792723146395, 0.012686470083447742, 0.19910890857608332, 0.000999832629880353], [0.8678132938889415, 0.08999213785589001, 0.004678932960216461, 0.009995542551329522, 0.026520538488489558, 0.0009995542551329522], [0.8252672714493855, 0.1176090612560682, 0.0057205735084781125, 0.014025541521890086, 0.0363778385234673, 0.000999713740710742], [0.5923030481166393, 0.15187271653681483, 0.00509191201758312, 0.022341638332931037, 0.2273908523676007, 0.0009998326284311654], [0.3720381636387879, 0.22581035709253494, 0.005118654950724423, 0.026608617027044108, 0.3694243746614827, 0.000999832629426001], [0.7561036925488757, 0.1569412636232901, 0.0033353863949547448, 0.02209300713798257, 0.060526817667373195, 0.0009998326275238723], [0.7685222472076956, 0.16168602106228758, 0.0050345873658324, 0.01990990705575621, 0.04384740467891606, 0.000999832629512199], [0.7570391939358336, 0.15553477406630353, 0.0044764748185273885, 0.022216515228123006, 0.05973320932354054, 0.0009998326276718578], [0.10215720760444129, 0.16517014288687676, 0.0070496655590164, 0.01944464533757755, 0.7051785059852057, 0.0009998326268823856], [0.8211521486540722, 0.12874702470536334, 0.003760549417106037, 0.013180564985123322, 0.03215987960943525, 0.0009998326288999221], [0.8773726597088323, 0.08060954059209281, 0.004806090057781856, 0.009990659060344813, 0.026221984674913823, 0.0009990659060344813], [0.927688126643739, 0.04098902144723424, 0.004445341820121781, 0.009981298391215147, 0.015898081858568464, 0.0009981298391215146], [0.9482366027802496, 0.02672172327536129, 0.0041104987090882245, 0.009967226302524284, 0.009967226302524284, 0.0009967226302524284], [0.9655395780350345, 0.011029879138340857, 0.002509447236566133, 0.00996242647145652, 0.00996242647145652, 0.000996242647145652], [0.9576421527099093, 0.009942305031479996, 0.011536701692502814, 0.009942305031479996, 0.009942305031479996, 0.0009942305031479996], [0.9681958028677972, 0.009938811603813423, 0.0009938811603813424, 0.009938811603813423, 0.009938811603813423, 0.0009938811603813424]], [[0.9666192312263059, 0.009941005852424434, 0.0025636506311784487, 0.009941005852424434, 0.009941005852424434, 0.0009941005852424434], [0.7743188095790501, 0.07087299927512894, 0.10291863924993518, 0.014929808258851578, 0.03595991100878239, 0.0009998326282519075], [0.7489343730051441, 0.162763507663563, 0.007421381710561096, 0.02214367783836843, 0.05773722715378894, 0.0009998326285745342], [0.37077524391889605, 0.23094641052568124, 0.007770687738088261, 0.026205874488562205, 0.3633019507008682, 0.000999832627904215], [0.5950900582862265, 0.14672588627164043, 0.007049094778706453, 0.022311297429217416, 0.2278238306056901, 0.0009998326285191193], [0.7974439073610706, 0.13373291293012654, 0.006184995564322231, 0.016560894755297907, 0.04507745675955443, 0.0009998326296282345], [0.8311854649695283, 0.1167111847612693, 0.00349865120915362, 0.013244491381856243, 0.03436037504880763, 0.0009998326293850055], [0.8569174877840903, 0.09455671811638541, 0.005063752396791, 0.011130823965029351, 0.03133138510806004, 0.000999832629643951], [0.8358604738267308, 0.11114427325954096, 0.004387868758432451, 0.013006412850346821, 0.03460113867503174, 0.0009998326299173956], [0.7891972904743342, 0.14337675454272428, 0.005470897534030839, 0.01678551828397823, 0.04416970653608317, 0.0009998326288493888], [0.24741595864244523, 0.11977581744809855, 0.004612753484828347, 0.013300692498170515, 0.6138949452985636, 0.0009998326278937172], [0.6624010177258504, 0.1196616140676989, 0.0021363462434685577, 0.013101986197189762, 0.20169920313691644, 0.0009998326288760324], [0.3769272337255272, 0.1331237939475336, 0.004134895167750118, 0.016851748523449436, 0.46796261489766955, 0.000999713738069974], [0.7971169495332476, 0.1262364453434032, 0.0027349972454539656, 0.019271151841591654, 0.05364074229717924, 0.0009997137391244539], [0.3879846254479242, 0.137675477970463, 0.0033434636994802273, 0.01732149296023463, 0.452675226183012, 0.0009997137388860604], [0.3020103077908798, 0.14767860498009014, 0.007235667639945194, 0.02198074698034094, 0.5200948399818209, 0.0009998326269229278], [0.618178913732819, 0.14419877879298598, 0.006397208983813159, 0.018916819112825483, 0.21130844674638727, 0.0009998326311691484], [0.8470273956008822, 0.10285189335236418, 0.0037158078604783936, 0.011786183315471184, 0.03361888723973337, 0.0009998326310706384], [0.718860075408055, 0.07362898083470883, 0.003075246985116446, 0.00998160880144908, 0.1934559270905258, 0.000998160880144908], [0.8728958034174071, 0.08316320020460878, 0.0030635233522981133, 0.009994925843495527, 0.029883054597840894, 0.0009994925843495527], [0.6334551556533126, 0.13401058932052043, 0.0056536026115509746, 0.015669525125314974, 0.21021129465879648, 0.0009998326305046506], [0.3021185799200456, 0.14659598595785833, 0.006875183942169278, 0.021958035236480142, 0.5214523823165809, 0.0009998326268657453], [0.5407623223199912, 0.22151142453470105, 0.005951705034411063, 0.026842329196974785, 0.20393238628476484, 0.0009998326291572115], [0.5974215081465755, 0.14739417641654326, 0.0028905672721645285, 0.02252596694759033, 0.22876794858902555, 0.0009998326281009074], [0.7911870373772616, 0.14385085107333273, 0.002335996486099691, 0.01676444837169581, 0.04486183406244889, 0.0009998326291614686], [0.8061423819479526, 0.1341971345941649, 0.0040973475419048225, 0.016434050616826734, 0.038129371558731744, 0.0009997137404191092], [0.8013417043499909, 0.12147364338264319, 0.0031779128897603897, 0.018938934784301635, 0.05406809085350243, 0.0009997137398013575], [0.768916011121558, 0.15851240079562223, 0.0033250233902456772, 0.02047270167288716, 0.04777403038953225, 0.0009998326301546723], [0.3030554387872935, 0.14899948320869327, 0.005857321366844825, 0.021997295833457248, 0.5190906281776637, 0.00099983262604758], [0.7731684805032313, 0.15597075347534026, 0.004558089857009431, 0.019641202051122734, 0.045661641484062786, 0.0009998326292335919], [0.6005268044003562, 0.14097161388924648, 0.005311500394620665, 0.022317542954667768, 0.229872705732446, 0.000999832628663081], [0.5444350081953009, 0.21829026281120084, 0.007196023463999023, 0.026733547113735483, 0.20234532578771358, 0.0009998326280503142], [0.6008557418716611, 0.14103324742625148, 0.005883177482274094, 0.02214722596963007, 0.22908077462145793, 0.000999832628725409], [0.801465446302399, 0.13118112171734464, 0.006780649416792845, 0.015666962831045295, 0.04390598710219107, 0.0009998326302270877], [0.8733836451753227, 0.08007111985157547, 0.005393637915933265, 0.009996558555108927, 0.03015538264654865, 0.0009996558555108927], [0.9225363709664578, 0.04196650635921629, 0.005519808640420006, 0.009981362065179434, 0.018997815762208707, 0.0009981362065179433], [0.955040745108217, 0.018934459528210153, 0.005086341453625683, 0.009970692338070183, 0.009970692338070183, 0.0009970692338070182], [0.017737833806529994, 0.028178774715560326, 0.006430207675329934, 0.00998094352909113, 0.9366741459205797, 0.0009980943529091129], [0.9579186733800774, 0.009942305325252225, 0.011260180111640768, 0.009942305325252225, 0.009942305325252225, 0.0009942305325252225], [0.9681958028677972, 0.009938811603813423, 0.0009938811603813424, 0.009938811603813423, 0.009938811603813423, 0.0009938811603813424]], [[0.9666471057573756, 0.00994121915567063, 0.002535114860045709, 0.00994121915567063, 0.00994121915567063, 0.000994121915567063], [0.8167789516170614, 0.06530967468000722, 0.08058453027130438, 0.011391560807269144, 0.024935449996045096, 0.0009998326283127976], [0.6062990378520559, 0.15837662184094112, 0.009309552330766316, 0.018767124024191905, 0.2062478313223178, 0.0009998326297270175], [0.7543686171810791, 0.15609847285425965, 0.007662607897547525, 0.02175914116095643, 0.05911132827804705, 0.0009998326281104345], [0.7792540371470345, 0.1480723771571979, 0.009964139371768746, 0.018864035833506133, 0.04284557785960907, 0.0009998326308837434], [0.8450307302740453, 0.10197499972115276, 0.006914222243236094, 0.011718248174687274, 0.03336196695632725, 0.0009998326305513197], [0.8855054689884483, 0.07096746459127416, 0.004834939339786164, 0.009987650366139687, 0.027705711677737912, 0.0009987650366139688], [0.2457267283722102, 0.11304391453371498, 0.006290360228534231, 0.01286037942825244, 0.6210787848085962, 0.0009998326286919997], [0.7770966345222312, 0.15140248101733336, 0.0053007989490113615, 0.01993033562797386, 0.045269917254123854, 0.0009998326293264891], [0.7644658649548504, 0.14458350212148263, 0.004581372882196096, 0.022561508798145134, 0.062807918615049, 0.0009998326282766657], [0.27319295950122785, 0.1513475484624105, 0.004548099826006911, 0.01971604475758372, 0.5501955148255784, 0.0009998326271927825], [0.8324032596333587, 0.11597820322572469, 0.001857240660195963, 0.013424336917670554, 0.035337126933795995, 0.0009998326292540761], [0.3556108796452904, 0.09709296713035911, 0.002228293229535453, 0.011471021297545996, 0.5325971249575597, 0.0009997137397095184], [0.680951862781917, 0.11990976190771427, 0.0022475838573713038, 0.014416043819688917, 0.18147503389292877, 0.0009997137403798696], [0.7995051480795551, 0.12335166113561655, 0.0021749912785843295, 0.01959997862580102, 0.054368507140658544, 0.0009997137397846415], [0.544962275402748, 0.21613435873862843, 0.0037536222788645047, 0.026883054254749933, 0.2072668566948604, 0.0009998326301487498], [0.7668891728619276, 0.14395348379859882, 0.003292577177539956, 0.02245913200631603, 0.062405801526775405, 0.0009998326288420938], [0.7992979559653229, 0.13477885840927367, 0.003870456716286093, 0.01646298536417612, 0.04458991091475044, 0.0009998326301908387], [0.07619088073534239, 0.09049203188713027, 0.004635697579987113, 0.01121586110429322, 0.8164656960646715, 0.0009998326285757125], [0.06521279199461584, 0.07912337585320142, 0.0026661068980656628, 0.009995619045988332, 0.84200254430353, 0.0009995619045988333], [0.8394554397256757, 0.10995255911332377, 0.0019385641421526506, 0.013067689538110272, 0.03458591485034417, 0.0009998326303933918], [0.777828188993086, 0.1526837149997918, 0.0031559575884570128, 0.020048809174153023, 0.045283496614563414, 0.0009998326299489528], [0.3031861560875467, 0.14747347622733603, 0.003587430875627356, 0.02253789137323869, 0.522215212809305, 0.0009998326269463665], [0.777356570548325, 0.1539286087167834, 0.002320790440746272, 0.01998184751260395, 0.04541235015195548, 0.0009998326295860929], [0.27257693710208064, 0.14251897952626266, 0.0031767635917582353, 0.016668453474254552, 0.5640590336784854, 0.0009998326271584781], [0.11495531590243188, 0.12776613804367637, 0.004257901892686946, 0.018684195108424593, 0.7333367353144096, 0.000999713738370825], [0.32406948373254035, 0.18465233629440503, 0.004994240233339351, 0.022922273313428068, 0.4623619526857928, 0.0009997137404945322], [0.7703838015297186, 0.1400650681646603, 0.0056084234030671035, 0.021519117105489517, 0.06142375716794276, 0.0009998326291216159], [0.8083460074148644, 0.1247301860964448, 0.006758911685961032, 0.015527208704664574, 0.04363785346725171, 0.0009998326308134483], [0.8472165524427349, 0.10255580877561433, 0.004376835603153536, 0.011988307591074906, 0.032862662956631435, 0.0009998326307908943], [0.27291411813551797, 0.1500332776162781, 0.009199700782227122, 0.01933689793315986, 0.5475161729065997, 0.0009998326262173661], [0.6051771115996467, 0.13772312757908053, 0.006943363158690602, 0.021452166918151216, 0.22770439811545898, 0.0009998326289719348], [0.6173816172862434, 0.14467897354978393, 0.0069570730265498095, 0.01882228531497146, 0.21116021819191894, 0.000999832630532502], [0.8452503469345007, 0.10340845300664579, 0.004836387539194497, 0.011996596314998538, 0.0335083835741533, 0.0009998326305070732], [0.8838634876953015, 0.07326244384273685, 0.004278364520940913, 0.009987583262774978, 0.02760936235196841, 0.0009987583262774978], [0.9286431690417182, 0.039423431298795636, 0.005036432760111958, 0.009981278565667539, 0.01591756047713995, 0.0009981278565667539], [0.9501013891706359, 0.024489970776390885, 0.004483144956140725, 0.009964521474682159, 0.009964521474682159, 0.000996452147468216], [0.9634685322295637, 0.013176963183134134, 0.002433517877261291, 0.009962374623829057, 0.009962374623829057, 0.0009962374623829057], [0.9582665599536168, 0.009942394607084825, 0.010912016764420333, 0.009942394607084825, 0.009942394607084825, 0.0009942394607084825], [0.9681958028677972, 0.009938811603813423, 0.0009938811603813424, 0.009938811603813423, 0.009938811603813423, 0.0009938811603813424]], [[0.9681930037874372, 0.009939686316425889, 0.0009939686316425887, 0.009939686316425889, 0.009939686316425889, 0.0009939686316425887], [0.8573672340740277, 0.04952874995098992, 0.0598018085113446, 0.009994777727383329, 0.022307951963516114, 0.0009994777727383329], [0.06939068250070522, 0.12252045174745373, 0.009663170775331915, 0.01233524754209595, 0.785090614805732, 0.0009998326286812897], [0.7958825237834579, 0.1390953765044409, 0.009076954068764853, 0.015462186359060577, 0.039483126654425736, 0.0009998326298499593], [0.24072415733791738, 0.11943603550082352, 0.00892875570763512, 0.012658290029846399, 0.6172529287955377, 0.0009998326282397768], [0.8689021972137687, 0.08389190791380968, 0.0065333507274552794, 0.009998142384477214, 0.029674587522041416, 0.0009998142384477213], [0.8755203944190669, 0.07776554773807483, 0.0046976534279115, 0.010382529132842343, 0.030634042651217656, 0.0009998326308868091], [0.6321635476909448, 0.13398377969110725, 0.0072911499921382555, 0.015876769154345424, 0.20968492084166535, 0.0009998326297989077], [0.3020361356774315, 0.14817466142503885, 0.005770219585155844, 0.02242934463320981, 0.5205898060525861, 0.000999832626577948], [0.5422596323733644, 0.21845734475658882, 0.005393652775065866, 0.027034776398972046, 0.2058547610668412, 0.0009998326291677068], [0.7670780961027137, 0.14298571841860658, 0.0034336290076216625, 0.022590359030565044, 0.06291236481208944, 0.0009998326284037632], [0.7948248161779778, 0.13990669560192, 0.0027826391855243003, 0.016902214241929364, 0.044583802163134734, 0.0009998326295138852], [0.8823881179320902, 0.07920028543376739, 0.0012555630519643414, 0.009993238911406337, 0.026163470779631336, 0.0009993238911406336], [0.8619866758648675, 0.09422252237205939, 0.0016902162785310871, 0.011202767088940795, 0.029898104654464484, 0.0009997137411366728], [0.5302182512624646, 0.12289919057510684, 0.0027171497249928634, 0.01729728994018722, 0.3258684047554497, 0.0009997137417989807], [0.7671505529651195, 0.1411188690367915, 0.002355136946070486, 0.023520295706634466, 0.06485531271579266, 0.0009998326295915332], [0.13053683219833992, 0.15132240852179607, 0.00618837578720561, 0.023928164481079164, 0.6870243863808858, 0.000999832630693658], [0.7782395829925554, 0.1527832979241803, 0.002842788810525954, 0.019820520529411852, 0.04531397711330968, 0.0009998326300169802], [0.6790859399917296, 0.10485147209662753, 0.0029566553249216515, 0.01204192744571392, 0.2000641725098917, 0.0009998326311155565], [0.8804942676433184, 0.07974526967910331, 0.0013940413540877996, 0.009989908065926065, 0.027377522450971845, 0.0009989908065926065], [0.8579479169031856, 0.09664998000087707, 0.000999664133123862, 0.011739292701645915, 0.03166348212804385, 0.000999664133123862], [0.834665742202254, 0.11560728088620503, 0.0009996647493060618, 0.013311656544575811, 0.034415990868353216, 0.0009996647493060618], [0.7996002291075035, 0.1348985127439825, 0.0028486859778172518, 0.01673024981920776, 0.04492248972121057, 0.000999832630278337], [0.8343713502050194, 0.11559812971215389, 0.0009996649246346698, 0.013315891704737513, 0.034715298528819966, 0.0009996649246346698], [0.08181625853689904, 0.11591280980663488, 0.0016772198290119435, 0.01355425622953153, 0.7860396229695538, 0.000999832628368912], [0.5223969131329573, 0.