{"prediction": [[[0.8650327025361773, 0.042066548202047416, 0.038265402416557535, 0.010226430386152154, 0.034408925470978124, 0.009999990988087477], [0.8656536984773493, 0.04129931431176216, 0.03759179502865997, 0.01018783209420952, 0.03526736909993155, 0.00999999098808748], [0.8559225418868871, 0.0452128312093724, 0.04167566799979332, 0.0106202763731402, 0.0365686915427195, 0.0099999909880875], [0.8550756155853115, 0.0458319914623565, 0.041732534602701724, 0.010676601141578089, 0.03668326621996466, 0.0099999909880875], [0.8559225418868871, 0.0452128312093724, 0.04167566799979332, 0.0106202763731402, 0.0365686915427195, 0.0099999909880875], [0.8559225418868871, 0.0452128312093724, 0.04167566799979332, 0.0106202763731402, 0.0365686915427195, 0.0099999909880875], [0.8546348568883901, 0.046026944875680355, 0.04184360212382766, 0.010697247319619355, 0.03679735780439484, 0.009999990988087496], [0.8550493026034404, 0.04585230674837535, 0.04168351083148392, 0.010687330158178921, 0.03672755867043391, 0.0099999909880875], [0.8466257828341668, 0.05085669491365063, 0.041661928522880975, 0.011131662015423278, 0.03972394072579088, 0.009999990988087515], [0.8578374785697129, 0.04719093406922124, 0.035283293370631845, 0.010749025162132443, 0.03893927784021401, 0.009999990988087496], [0.8616950522678564, 0.05016890204553493, 0.028142446787488735, 0.01095716561555198, 0.03903644229548057, 0.009999990988087494], [0.8617134279382553, 0.04799673450798956, 0.030051681330437095, 0.010811913618535026, 0.039426251616695364, 0.009999990988087492], [0.8640264693873836, 0.0491911341228597, 0.02626259697910116, 0.010880993471698974, 0.03963881505086907, 0.009999990988087485], [0.8722463948094404, 0.044580269765951815, 0.026251660757051137, 0.010451378942671273, 0.036470304736797916, 0.00999999098808747], [0.8722463948094404, 0.044580269765951815, 0.026251660757051137, 0.010451378942671273, 0.036470304736797916, 0.00999999098808747], [0.864199412543556, 0.048952611634632666, 0.02649369622274292, 0.010857413007139157, 0.0394968756038418, 0.009999990988087485], [0.864199412543556, 0.048952611634632666, 0.02649369622274292, 0.010857413007139157, 0.0394968756038418, 0.009999990988087485], [0.86436844038043, 0.04871510467752024, 0.026727346826695794, 0.01083386918339282, 0.039355247943873614, 0.009999990988087485], [0.8723914926072575, 0.04436104278663234, 0.026479004999022324, 0.01042881081227276, 0.03633965780672776, 0.009999990988087471], [0.8722463948094404, 0.044580269765951815, 0.026251660757051137, 0.010451378942671273, 0.036470304736797916, 0.00999999098808747], [0.86436844038043, 0.04871510467752024, 0.026727346826695794, 0.01083386918339282, 0.039355247943873614, 0.009999990988087485], [0.86436844038043, 0.04871510467752024, 0.026727346826695794, 0.01083386918339282, 0.039355247943873614, 0.009999990988087485], [0.8645335313963897, 0.04847860994159108, 0.026963573829811693, 0.010810362121271854, 0.039213931722848386, 0.009999990988087487], [0.8725327574078994, 0.044142813112229604, 0.026708824043969927, 0.010406285947891065, 0.03620932849992267, 0.009999990988087471], [0.8687682491121698, 0.042832878323298365, 0.03233591010360924, 0.010289277081317664, 0.03577369439151745, 0.009999990988087477], [0.8656785005221814, 0.04186280341521036, 0.03674541509137908, 0.010210890444882572, 0.03550239953825905, 0.00999999098808748], [0.8561638503619265, 0.045466210476067, 0.039574504566670735, 0.01056920190319438, 0.03822624170405384, 0.0099999909880875], [0.8559059611502654, 0.047129785639945465, 0.03843635379519424, 0.01066600882557039, 0.037861899600936944, 0.009999990988087501], [0.8547190596671401, 0.046868414729220625, 0.039917446703984, 0.01064942133250502, 0.03784566657906274, 0.009999990988087501], [0.8541749177273092, 0.04727650348210012, 0.039758629588451284, 0.01069158270752608, 0.03809837550652578, 0.009999990988087501], [0.8522705166671785, 0.047438631910946445, 0.0402840995825828, 0.010778476712351298, 0.03922828413885371, 0.009999990988087504], [0.8560208964662938, 0.0489628799384361, 0.035497318497663966, 0.010856777673683456, 0.03866213643583516, 0.009999990988087501], [0.8544394415693206, 0.04694171042068658, 0.03902183949565161, 0.01072608673826488, 0.0388709307879888, 0.009999990988087501], [0.8561767202807724, 0.04752507045858915, 0.03643467809788158, 0.010775442468338817, 0.03908809770633068, 0.009999990988087501], [0.8687502187284358, 0.04469082153473074, 0.0292752026773673, 0.010514522892662841, 0.03676924317871597, 0.00999999098808748], [0.8614831863886572, 0.049971175237926206, 0.027443718365730348, 0.010994252893606626, 0.04010767612599215, 0.009999990988087492], [0.8587210897658862, 0.04919959245188967, 0.031265232261559806, 0.010934453918071109, 0.039879640614505704, 0.009999990988087494], [0.8539675972454437, 0.048690740478311144, 0.037946769490067256, 0.01083128627944008, 0.038563615518650445, 0.009999990988087504], [0.8532735488770973, 0.04610163675272429, 0.04134561772799202, 0.010678922760126512, 0.03860028289397243, 0.009999990988087501], [0.8529819679219457, 0.04656844903802584, 0.04219903027037696, 0.010688542893464364, 0.03756201888809952, 0.009999990988087496]], [[0.8642508604593356, 0.041882206222683974, 0.03806894173614439, 0.010253098325359112, 0.03554490226838938, 0.00999999098808748], [0.7264258289579453, 0.10505449222298588, 0.0314551875064853, 0.03852851354149322, 0.07950083832810412, 0.019035139442986224], [0.8535963443064863, 0.045395641011345626, 0.04140600218570025, 0.010723237350512732, 0.03887878415786747, 0.009999990988087508], [0.8238277299977804, 0.05823493792357856, 0.05234903585493232, 0.011980931234816049, 0.043607374000805076, 0.00999999098808755], [0.8235724516622726, 0.057633770766758755, 0.053322200451956805, 0.011937492088718268, 0.04353409404220613, 0.009999990988087551], [0.8250380635585125, 0.05667088513656918, 0.0531981589888332, 0.011854080986342448, 0.04323882034165507, 0.00999999098808755], [0.6568449721425977, 0.15181943279224258, 0.05120268858612811, 0.04412698524634412, 0.07783962306501938, 0.0181662981676682], [0.6566314562596941, 0.15202746662596156, 0.05097473465741097, 0.04421987142774427, 0.07792636922754465, 0.0182201018016443], [0.6779022002841085, 0.13832037731994531, 0.04359032863338377, 0.040649738794602285, 0.08097868672924502, 0.018558668238715107], [0.07398214252940279, 0.08828091844199293, 0.046096905545321865, 0.026085037426433807, 0.7515288227288383, 0.014026173328010367], [0.7006742213592898, 0.11546005470017891, 0.03128478362034956, 0.040522595511507435, 0.09327665349399539, 0.018781691314678845], [0.06388542754124411, 0.07140121973527466, 0.0426540679521129, 0.02853351002178896, 0.7799406258358824, 0.013585148913696962], [0.7062035356653353, 0.11244818545799219, 0.03273267188479334, 0.039850199701580165, 0.0898980257601917, 0.018867381530107363], [0.7151879399553546, 0.11200472086328457, 0.032820494564216915, 0.03988079104769284, 0.08111285131571654, 0.018993202253734576], [0.7151721122677143, 0.11203597325561836, 0.03282204152454317, 0.0398815164797489, 0.08109491252133667, 0.01899344395103868], [0.7049285234938168, 0.11318217931622257, 0.03306557739146658, 0.04000311242427125, 0.08997472244549135, 0.018845884928731516], [0.07738771370731046, 0.08967682472787501, 0.04597459181194243, 0.02625636115011392, 0.7481442084666581, 0.012560300136100211], [0.7075013089715122, 0.11205730651502747, 0.03235725480458896, 0.039732038600372444, 0.08946781844098875, 0.0188842726675102], [0.7155105817539321, 0.11201473625948655, 0.032630796315970656, 0.03987833473389086, 0.08096400075687983, 0.019001550179840006], [0.7155158682175731, 0.11201177573453862, 0.03262985087889534, 0.039877359269676164, 0.08096351622039169, 0.0190016296789252], [0.7091306216858074, 0.11092130712029928, 0.03232311136452275, 0.03945844814742229, 0.08926105775031903, 0.01890545393162936], [0.07595053091701023, 0.08857178486223974, 0.04442797495646903, 0.02606406362610539, 0.7523864850650366, 0.01259916057313913], [0.7078908015282438, 0.11180769849531294, 0.03233145290343681, 0.03967527238487827, 0.089404240979428, 0.018890533708700138], [0.7162079098263976, 0.11130981729980403, 0.03253119477125552, 0.03977329199586444, 0.08116163222974743, 0.019016153876930893], [0.6748220216358085, 0.05035692125443597, 0.04057925998598307, 0.04070300500933972, 0.17391433865928035, 0.019624453455152374], [0.6784860648862231, 0.048973891667654736, 0.039910227522223306, 0.0401384844714486, 0.17284105906930747, 0.019650272383142812], [0.8557240945729855, 0.04504404726449424, 0.038748913537600814, 0.010583692178559407, 0.039899261458272474, 0.009999990988087504], [0.07216624035089991, 0.08531118717761194, 0.0440873695405888, 0.02538786833602951, 0.7605354463202887, 0.012511888274581127], [0.07108979117716839, 0.08585235319693618, 0.04433901605657573, 0.025624328239971152, 0.7604768350881477, 0.012617676241200868], [0.7118702987403994, 0.10777234371114548, 0.031810219099591884, 0.038814725459063615, 0.09076475130526257, 0.018967661684537], [0.0627030422960007, 0.06905741544664615, 0.04129406958798553, 0.028085423823253887, 0.7852911384639031, 0.013568910382210676], [0.8580984177732154, 0.05161566210883334, 0.028575115177548027, 0.011090719246085422, 0.04062009470623049, 0.009999990988087508], [0.06068676813317388, 0.07021489444201946, 0.04191549512160292, 0.02824420867310039, 0.7854069364997718, 0.01353169713033153], [0.7112532917040458, 0.10921685825967968, 0.032302529830807704, 0.039311882397744996, 0.08896852725586252, 0.0189469105518594], [0.796395012502339, 0.03664245462711839, 0.03469217420873786, 0.04021522168947384, 0.072709113930899, 0.019346023041431976], [0.688826692904612, 0.1335747731634529, 0.04066611339000533, 0.03926395709597013, 0.07898097254205678, 0.01868749090390283], [0.06402373894514442, 0.07165948916239935, 0.04100927623348199, 0.028557669897644397, 0.7811537889410476, 0.01359603682028212], [0.772301424257293, 0.03912276913519446, 0.03509569757739562, 0.04015240040847435, 0.09416493732832268, 0.01916277129331998], [0.05581617610780757, 0.07002721325789336, 0.0423825873277665, 0.02830226936071966, 0.789908275782634, 0.013563478163178721], [0.8532632398740723, 0.04725557039890793, 0.04088939208610948, 0.010720052344010644, 0.03787175430881222, 0.009999990988087503]], [[0.8623790152016353, 0.04275520991457596, 0.038303482145346075, 0.010350809217563683, 0.03621149253279139, 0.009999990988087485], [0.7933499067949914, 0.035433188034859016, 0.034376011573847134, 0.039740400928978674, 0.07780107396665775, 0.01929941870066585], [0.7717618030538927, 0.045700641340147355, 0.04730753227115747, 0.041822430761670436, 0.07404167660987405, 0.019365915963257867], [0.7209928934556025, 0.05799912378569701, 0.060121744637450875, 0.04853871915701592, 0.09330153033859931, 0.01904598862563438], [0.1668166756033754, 0.09996463660887923, 0.06799866211045351, 0.011770790897163045, 0.6423109419532493, 0.011138292826879455], [0.6056736635098781, 0.09899603643465334, 0.08455985745065982, 0.04843100814888647, 0.14837251113475466, 0.013966923321167599], [0.7645684144104042, 0.0794337821135179, 0.0798969055064427, 0.014010031037917951, 0.052090875943629586, 0.009999990988087607], [0.8402902627612808, 0.057145867536933036, 0.03604116411029353, 0.01194823073251721, 0.044574483870887915, 0.009999990988087536], [0.6770825399839321, 0.13984050225058495, 0.04142220866549742, 0.0406314515431309, 0.07957392121071771, 0.021449376346136955], [0.18473851359138627, 0.1089237268959115, 0.01349345436576355, 0.022508931515613565, 0.19657346871778683, 0.4737619049135384], [0.8196207586930786, 0.07645668050029816, 0.019964302740798037, 0.02135442763102369, 0.04138169023088744, 0.021222140203914004], [0.8527457117727621, 0.05463157342869407, 0.019142331108513874, 0.009999991380857933, 0.04464567496243234, 0.01883471734673965], [0.8567878848732446, 0.04804922482673806, 0.01899673996738694, 0.009999991377526486, 0.04738653195343996, 0.018779627001663753], [0.8539939471374958, 0.04826363955040666, 0.019009739901525838, 0.009999991406126202, 0.04994812187351793, 0.018784560130927674], [0.8512607764416603, 0.05565304020740991, 0.019089947032687783, 0.009999991432221064, 0.045131505368565306, 0.018864739517455605], [0.8556779461754812, 0.04885293981723662, 0.019016618039567213, 0.009999991417864127, 0.0476646546769893, 0.018787849872861525], [0.8543710270872372, 0.048033054621097915, 0.019061794665927025, 0.009999991394449839, 0.04977561928935667, 0.01875851294193131], [0.8300011711715924, 0.07282216272698874, 0.019999082812732903, 0.02109953612076861, 0.036298770565546826, 0.019779276602370548], [0.8279352681165093, 0.0722808208445409, 0.019985399939692176, 0.021208282133331993, 0.03882386024102274, 0.019766368724902957], [0.8306697888695596, 0.07226857421899403, 0.020009276301721654, 0.02103672889722116, 0.03623377570262837, 0.019781856009875063], [0.8559428427019853, 0.05415369266725928, 0.019076149608829404, 0.009999991444939278, 0.04197384028480879, 0.018853483292178033], [0.8292223119098061, 0.07179176109837196, 0.020047345455822187, 0.02086887391298837, 0.03831085568954389, 0.019758851933467544], [0.8275819751078357, 0.0726934180612827, 0.020008336891681255, 0.02111904939026515, 0.0388100783354632, 0.019787142213472098], [0.8305932011692323, 0.07215035678227141, 0.019985494294259824, 0.021088475900577167, 0.036424529150468406, 0.0197579427031909], [0.7747069144167791, 0.07329928439105651, 0.012943667091606714, 0.02760202915483256, 0.09878706339612575, 0.01266104154959939], [0.6743733797509142, 0.050923942920921485, 0.040369190679137454, 0.04079275022739031, 0.17392062830543872, 0.019620108116197917], [0.8631111723454028, 0.049194347959419515, 0.02486879125963666, 0.010919403455903351, 0.04190629399155017, 0.009999990988087494], [0.8618269607456158, 0.050051288761074, 0.02603477112940998, 0.010941958308308157, 0.04114503006750475, 0.009999990988087501], [0.7132510627005749, 0.10899429152660625, 0.03165835161763596, 0.038907251900707825, 0.08827860497734162, 0.018910437277133433], [0.7135703307144665, 0.10982161450910062, 0.03189961495529158, 0.039295658540977794, 0.08638119559219298, 0.01903158568797032], [0.7898846106083077, 0.036064447550937136, 0.03433795143915341, 0.039949338898868356, 0.0804904109906923, 0.019273240512041077], [0.8580426576548716, 0.05307683677818176, 0.02628178545805904, 0.011179048122526593, 0.041419680998273395, 0.009999990988087508], [0.05828017421846, 0.073590624884249, 0.04472751803716669, 0.02910644366472877, 0.7807915232784146, 0.013503715916980795], [0.7571604624019891, 0.049180587500694956, 0.047175090744783044, 0.04215794051054409, 0.08504703829179844, 0.01927888055019045], [0.8505733999890988, 0.05764472112900789, 0.01947805002568109, 0.009999991824839237, 0.04340936961847883, 0.018894467412894234], [0.8493924495124803, 0.058799049999732164, 0.019194067796052258, 0.009999991568699499, 0.04372148677355659, 0.018892954349479216], [0.8438622542572692, 0.059104906249587176, 0.019182438580156495, 0.009999991574099395, 0.04896929803936033, 0.018881111299527405], [0.04266482300689579, 0.08273741407541078, 0.02035871401229368, 0.012164311147848298, 0.8223293335557439, 0.019745404201807554], [0.05548435696184114, 0.07306978506252063, 0.04526671343578231, 0.029048780864917495, 0.7835695047257353, 0.013560858949203261], [0.8559305420596074, 0.04921233728421746, 0.03516704768512902, 0.010881701107706167, 0.038808380875252374, 0.009999990988087501]], [[0.8555257748851972, 0.04868399694549855, 0.035103178725304024, 0.010895110463085158, 0.039791947992827585, 0.009999990988087501], [0.7637419746523513, 0.046885571966969436, 0.045294390132462475, 0.040770775459886784, 0.08402213265504867, 0.019285155133281304], [0.0396108392069806, 0.08383335526598805, 0.020438005244362435, 0.012583854276610984, 0.8237613163825243, 0.019772629623533673], [0.1334545927531858, 0.10896641994631846, 0.020274730994017432, 0.014054378411796123, 0.703499854455156, 0.019750023439526157], [0.2582244754660336, 0.07381193947714555, 0.021197184660264105, 0.02511366174867275, 0.602282414844275, 0.019370323803608962], [0.2716284759167036, 0.12895987859817912, 0.22599858626484134, 0.08780898493016875, 0.27560407708971774, 0.00999999720038949], [0.6055012282981461, 0.09908694527412269, 0.08331633701946091, 0.0484594632976008, 0.1496830778295262, 0.013952948281143384], [0.8404041204802319, 0.06514910141826918, 0.023203484122830114, 0.012612937392586933, 0.04863036559799446, 0.009999990988087524], [0.18948029176434558, 0.08672652573138734, 0.03366937094268547, 0.022871514389984523, 0.19349039207879937, 0.47376190509279775], [0.06180332460593168, 0.08683916948014093, 0.03370892374012994, 0.030000815582033106, 0.771112389128852, 0.016535377462912292], [0.8453416778903909, 0.05828216744784348, 0.01908702929459917, 0.009999991773771184, 0.04840816796479557, 0.018880965628599797], [0.8463454286518689, 0.061716504955887055, 0.01909707512506642, 0.009999991731947752, 0.04390745601772144, 0.018933543517508263], [0.8380759472694236, 0.06376611994173316, 0.019093288102641198, 0.009999991863412916, 0.05011294660920912, 0.01895170621358019], [0.04814165842711457, 0.08795158763754518, 0.019968238075058844, 0.012896163339165554, 0.8112784619054256, 0.019763890615690307], [0.05060245126298459, 0.08868760680318802, 0.0199533257771034, 0.012896762290827452, 0.8081016292548863, 0.019758224611010285], [0.8405688328884324, 0.06053308859374242, 0.019054917359982923, 0.009999991680257241, 0.05092453137053343, 0.018918638107051505], [0.84698570391998, 0.059345132822567204, 0.019037939196067357, 0.00999999158104664, 0.0457297276664901, 0.018901504813848804], [0.8421694809005612, 0.055358307702572454, 0.018990422093189206, 0.009999991901210798, 0.05463941355023792, 0.018842383852228597], [0.06554632858385682, 0.08185919234163305, 0.014138797537113244, 0.03344771650037211, 0.7910025569262118, 0.014005408110812924], [0.8466354823558923, 0.05801381648612471, 0.019005229447385388, 0.009999991662658995, 0.04747218366285014, 0.01887329638508835], [0.8502743239701643, 0.057269195937508455, 0.0190096482341612, 0.00999999146186449, 0.04456690623454095, 0.01887993416176064], [0.844652460078812, 0.05786500960528468, 0.018999196875826914, 0.009999991675073212, 0.04960939031399682, 0.018873951451006454], [0.05222397138487527, 0.0813376713799168, 0.01995246957142368, 0.01221278090944241, 0.814512913745123, 0.01976019300921889], [0.8491623336985898, 0.05062885452463609, 0.018942155107347293, 0.009999991625138729, 0.052449316936770435, 0.018817348107517753], [0.8268591878848739, 0.07579143976921399, 0.019948618028538343, 0.0220349801077684, 0.03563251951438614, 0.019733254695219294], [0.6844994057549358, 0.14584162932112413, 0.03554939891658987, 0.041746775923437444, 0.07375686006450383, 0.01860593001940885], [0.6870761026105594, 0.14342356935874098, 0.03699189085152263, 0.041249753259409806, 0.072715584371521, 0.018543099548246105], [0.865394662761532, 0.05472140019555388, 0.017483148598819283, 0.011395391808367709, 0.04100540564763954, 0.009999990988087477], [0.8638366559699244, 0.05347295125531937, 0.020335819795042693, 0.011328478063140298, 0.04102610392848589, 0.009999990988087485], [0.6875295998254338, 0.13887347465239006, 0.04245904402403146, 0.04060413478633132, 0.07191908909269586, 0.018614657619117507], [0.7863677087352849, 0.039020919426052715, 0.037828591906549476, 0.042301358984461045, 0.0751313106482668, 0.019350110299384944], [0.7904357228395936, 0.036409525859650654, 0.03499600133935034, 0.04040817476759004, 0.07852417170128016, 0.01922640349253505], [0.8496879803034172, 0.058021932272540676, 0.02632310218472506, 0.011761812400515067, 0.04420518185071459, 0.009999990988087518], [0.12604238291379302, 0.08826437554803515, 0.05455675094977178, 0.03074417129572097, 0.6873195928087983, 0.013072726483880796], [0.7354983858615999, 0.057497579646388186, 0.05091345036657639, 0.04964608604302037, 0.08729965955554711, 0.019144838526868196], [0.8200947020260116, 0.08702958165503862, 0.01962281312157921, 0.009999993295407645, 0.0440242716948315, 0.019228638207131332], [0.8232848884390565, 0.07565264186743112, 0.019303946842352492, 0.00999999241557788, 0.05268948560724058, 0.01906904482834157], [0.8214881394279607, 0.07646858135224802, 0.019538540108592645, 0.00999999246508389, 0.05342178851362609, 0.019082958132488656], [0.7673744533319765, 0.04708048254392152, 0.04820201932718436, 0.04272298260584478, 0.07530833073280739, 0.019311731458265473], [0.8583230875449726, 0.04993294840280404, 0.030415007861958544, 0.011007938396410535, 0.04032102680576693, 0.0099999909880875]], [[0.8581816998379435, 0.05017942949731077, 0.030137639691888946, 0.01103249968274573, 0.04046874030202354, 0.009999990988087496], [0.0579519098588973, 0.07408684177145512, 0.040039907601592685, 0.029201026513465893, 0.7851076022850029, 0.01361271196958612], [0.036481460229794066, 0.08634393418111833, 0.020137748520255773, 0.012713074799467828, 0.8245723486058365, 0.01975143366352752], [0.11461476339412462, 0.10073453672529722, 0.020019684288719936, 0.014229669713143548, 0.7306247507250642, 0.019776595153650548], [0.22657476473252308, 0.07221365473307925, 0.02021791335043256, 0.02517857486602816, 0.6360558604596392, 0.01975923185829766], [0.8606878972122285, 0.06287442619056122, 0.020681413272352914, 0.013356501577607174, 0.02323492739897167, 0.019164834348278554], [0.15823091143179477, 0.10165639857679944, 0.05731982059908239, 0.011856862830999444, 0.6598052041941755, 0.011130802367148434], [0.8402362424327081, 0.0654351984391243, 0.023761133286747765, 0.012603092445947924, 0.047964342407384446, 0.009999990988087525], [0.8467067368429873, 0.0637382267438558, 0.01895449618933516, 0.012358392930934657, 0.04824215630479953, 0.00999999098808751], [0.6350066940307382, 0.1659158068763795, 0.044480286861678694, 0.04647596820293696, 0.09024082926152797, 0.017880414766738777], [0.7780433319401566, 0.11633663987832622, 0.020276267100234422, 0.026280434807567688, 0.03944197923108417, 0.019621347042630865], [0.8171410802236803, 0.0889496376789174, 0.019509848698607647, 0.009999993342234618, 0.04515256292761486, 0.01924687712894515], [0.8355597189580622, 0.08632941085760061, 0.019736241718356747, 0.012982704251670746, 0.025873273364574265, 0.019518650849735454], [0.19007005123461965, 0.11355742917490869, 0.02106333853427219, 0.025093490464840246, 0.6294900595978987, 0.020725630993460493], [0.8020722372781429, 0.09214422847608457, 0.01947166152452188, 0.00999999339814174, 0.05703622599600037, 0.019275653327108636], [0.09022751514847825, 0.09739987223084651, 0.020054520583787476, 0.013806779964965094, 0.7587042437085468, 0.019807068363375847], [0.8122441647574886, 0.07867664268943265, 0.019284342440980196, 0.009999992464658356, 0.060705803425341806, 0.019089054222098285], [0.837072283970056, 0.06443083065924947, 0.019103867603825337, 0.009999991941442611, 0.050434263527616555, 0.018958762297810242], [0.7788153407293139, 0.11328826894332529, 0.019835064835050153, 0.02614167737650719, 0.04228720034728282, 0.019632447768520536], [0.8254805487226003, 0.07236665584878972, 0.019213296294505567, 0.009999992447184478, 0.05389745055839861, 0.01904205612852128], [0.8182924276401543, 0.08321992445385858, 0.0193179296360044, 0.009999993244804887, 0.048566445933229604, 0.02060327909194819], [0.09815558316211166, 0.09176269806562368, 0.014040368450464876, 0.03645756137246041, 0.7456788509548644, 0.01390493799447501], [0.8108832853956135, 0.0781252585908867, 0.019276878284052026, 0.009999992525376056, 0.0626496971608281, 0.019064888043243612], [0.8444958969457917, 0.05937949911187201, 0.019032826599519076, 0.009999991599015257, 0.04818715791818361, 0.018904627825618248], [0.8469145250126632, 0.05960372936369143, 0.019050506922328292, 0.009999991642768597, 0.04552354509363924, 0.018907701964909183], [0.8212947808080516, 0.07740188639257163, 0.019496260513347206, 0.009999992688391936, 0.05272886150361234, 0.01907821809402532], [0.6345037410850354, 0.17120034503307396, 0.03935100849094585, 0.047007040691687235, 0.09006132632182356, 0.017876538377434116], [0.6213982497014954, 0.19597322797887198, 0.04238976969296421, 0.05209927166963845, 0.0705516133163238, 0.01758786764070626], [0.6436924955478922, 0.16194889982267374, 0.05018001130418412, 0.04576453076565952, 0.08042490071214257, 0.01798916184744772], [0.8476586950398297, 0.062283489598006725, 0.024691324728844697, 0.012237443855615572, 0.043129055789615844, 0.009999990988087515], [0.6842490656513982, 0.13998384789386556, 0.04371449657486408, 0.0410172307232269, 0.07246205299519584, 0.018573306161449404], [0.7956346065019213, 0.036611805827334136, 0.03513778348616395, 0.040435365512012975, 0.07289312198175395, 0.019287316690813683], [0.8451504814852788, 0.05588930187277761, 0.03261263987310333, 0.01167151236977878, 0.044676073410974036, 0.009999990988087527], [0.8366815451857004, 0.06966095459812795, 0.025959700346703345, 0.012764689519211583, 0.044933119362169274, 0.00999999098808753], [0.11768882046395214, 0.10408164488402215, 0.047810755655513064, 0.011881113311809471, 0.7073825959823609, 0.011155069702342367], [0.8679743801979973, 0.06090409605540864, 0.019660528386020813, 0.013245744098287712, 0.019118023978039, 0.019097227284246374], [0.8760435041158495, 0.05629017081762376, 0.019240269841374728, 0.012637779734560105, 0.016876924593086585, 0.018911350897505324], [0.8200030225497756, 0.0776937405692638, 0.01955667163343985, 0.009999992556443248, 0.05365133535316051, 0.019095237337916904], [0.7686860198329103, 0.047048538622050544, 0.04874011088950935, 0.04296874382636369, 0.07323122383193657, 0.019325362997229575], [0.8654274401888528, 0.04624388028047767, 0.030069531066223672, 0.01068486470369731, 0.03757429277266124, 0.009999990988087485]], [[0.8567274706661149, 0.0498556542169646, 0.031970736000907676, 0.011012677089992323, 0.04043347103793296, 0.0099999909880875], [0.7689462271213047, 0.040183514909327596, 0.036841107310677405, 0.041367143563961595, 0.09351657972502889, 0.019145427369699982], [0.04190158970113079, 0.08561857821080422, 0.020160848984229048, 0.01270838631484022, 0.8198418600959752, 0.019768736693020574], [0.12150768220620531, 0.09949179899200955, 0.020039441275357162, 0.014058350650285009, 0.725143982414475, 0.019758744461667924], [0.8039999186772587, 0.08250643121133903, 0.019359936918334916, 0.009999992672514744, 0.06500006946585718, 0.019133651054695257], [0.10840638535287991, 0.10908388854994411, 0.020233399427309624, 0.013967610098510158, 0.72851682854535, 0.019791888026006205], [0.7213074596282644, 0.06113980405107206, 0.049966538590681, 0.05024253134638111, 0.09828792146724379, 0.019055744916357736], [0.182481605768826, 0.08608126341317963, 0.05722297132122951, 0.03013511753410985, 0.6313544262845594, 0.01272461567809553], [0.8437374947603986, 0.06391280727355099, 0.023330425267288464, 0.012391464983116466, 0.046627816727557954, 0.00999999098808752], [0.7365861462447864, 0.05649306725812281, 0.060945871001257534, 0.049526107641177645, 0.07734131498754535, 0.019107492867110182], [0.6240522690355096, 0.09974396246639955, 0.07106381237222031, 0.04911904746076496, 0.14181061342414605, 0.01421029524095969], [0.8717426559236722, 0.05787824205498699, 0.019519454787231372, 0.013071965494240419, 0.018866282347196933, 0.018921399392672233], [0.07599751865257254, 0.057248550885352655, 0.019929057374942605, 0.01855389777653994, 0.8087742239748413, 0.01949675133575087], [0.7942401400805938, 0.04668774661264883, 0.01930775698033066, 0.009999995572767841, 0.1108009108808581, 0.01896344987280079], [0.8701614326638923, 0.05881133685279209, 0.0193568253330277, 0.013025139094234868, 0.019588551774507187, 0.01905671428154584], [0.1695941362188091, 0.07075490531072427, 0.02063481033199205, 0.025187249064406333, 0.6936400361560632, 0.020188862918005118], [0.8085404762373699, 0.07974714588161665, 0.019318364175334283, 0.009999992574768087, 0.06328854055605315, 0.01910548057485797], [0.056830930393355544, 0.08866922034601285, 0.019967200952858515, 0.012883034593458804, 0.8019000377327467, 0.019749575981567683], [0.8174368505845422, 0.07636857836514203, 0.019298431514930117, 0.009999992570119659, 0.057813758468647475, 0.01908238849661861], [0.8798097575863941, 0.05306327940608147, 0.019037004694703947, 0.012381748054238558, 0.015488052830826816, 0.02022015742775515], [0.18049056210168052, 0.14561590700770488, 0.01339090377742466, 0.024706634887970428, 0.16203408732143557, 0.47376190490378384], [0.8759264584710624, 0.05268387763089124, 0.018928761252190538, 0.012472473292729344, 0.018377199606781813, 0.02161122974634462], [0.8210324185096294, 0.07399137825799568, 0.019261106040495787, 0.009999992444398515, 0.05665626508483403, 0.01905883966264666], [0.05317510414576083, 0.08351134966802921, 0.019979369161347963, 0.012331176825189043, 0.8112474373239065, 0.01975556287576655], [0.839855249064051, 0.06101518407622447, 0.019073439729613072, 0.009999991688724015, 0.05113260402684324, 0.01892353141454424], [0.8108108452327177, 0.08058121286523609, 0.019349480288659814, 0.009999992554869221, 0.06014961835935009, 0.019108850699166936], [0.24691743189356, 0.07031736912782281, 0.020155998560683133, 0.024667106733653164, 0.6184107960884402, 0.019531297595840706], [0.8707668626067753, 0.059291719178055924, 0.019656510405371034, 0.013320841241412517, 0.018027840354483873, 0.01893622621390128], [0.6164099892756094, 0.10137333807144447, 0.06932127042421693, 0.04911761013004715, 0.14966221315539954, 0.014115578943282352], [0.7345539192958391, 0.05544178704001657, 0.05838266497663972, 0.048741770595985216, 0.08383078744428453, 0.019049070647234902], [0.8484962441284605, 0.05869684278665314, 0.026676998774643725, 0.011819712933049308, 0.04431021038910601, 0.00999999098808752], [0.8481487457518111, 0.049463476595399354, 0.03877117631636389, 0.01101688366132987, 0.04259972668700836, 0.009999990988087524], [0.8383628928585984, 0.05402826689182024, 0.04206297261386835, 0.011512402534882234, 0.044033474112743325, 0.009999990988087536], [0.8327274239080324, 0.06795339646466902, 0.03202910272759286, 0.012639930893758157, 0.04465015501786004, 0.009999990988087543], [0.11569874932882565, 0.10336799250551605, 0.058055788770475666, 0.012006777653344, 0.6997401117278976, 0.011130580013941065], [0.3147410526698113, 0.21692502089368682, 0.0171587911843669, 0.11593001080598273, 0.3189682961027316, 0.01627682834342069], [0.1834413803372775, 0.07173227071897935, 0.02049141906245716, 0.025597860239930614, 0.6786742190785465, 0.020062850562808935], [0.07955767451540426, 0.10628398445580103, 0.02031772884316148, 0.013624082646093058, 0.760385283014899, 0.019831246524641143], [0.7635646014555209, 0.04767026070591371, 0.04838323153292535, 0.04303576218660004, 0.07803937059060437, 0.019306773528435784], [0.8590173983891451, 0.05034400934057765, 0.029315673157766998, 0.011051561050216908, 0.04027136707420591, 0.0099999909880875]], [[0.8581816998379435, 0.05017942949731077, 0.030137639691888946, 0.01103249968274573, 0.04046874030202354, 0.009999990988087496], [0.7832761426127512, 0.03763406976275117, 0.03639190189661913, 0.04122983931362482, 0.08223703645805212, 0.01923100995620161], [0.8380607251902358, 0.05665170974357012, 0.019133009722045787, 0.009999991733815465, 0.057292241404808514, 0.01886232220552436], [0.8322061375695745, 0.0636973376935902, 0.01908188399674623, 0.009999991717780685, 0.05607737622470436, 0.018937272797604036], [0.8338716802379896, 0.06427879458035796, 0.01908050383325802, 0.009999991713258582, 0.053827399349850535, 0.01894163028528523], [0.050464113647375665, 0.08483540547740047, 0.02000886693213882, 0.012402213141272182, 0.812531354885683, 0.019758045916129934], [0.8348713010291582, 0.06397601850055878, 0.019470940020409066, 0.009999992082575997, 0.052731829647539745, 0.018949918719758214], [0.7659029118172767, 0.04808197682216287, 0.04765867015433571, 0.04335786843941992, 0.07570493901238978, 0.019293633754414955], [0.844655646051877, 0.06710858487430985, 0.01957286545689571, 0.012548680519107906, 0.0461142321097221, 0.009999990988087515], [0.8381352684645055, 0.06870094509632502, 0.02383302229946435, 0.012834130191642638, 0.04649664295997496, 0.009999990988087524], [0.616531796568343, 0.10442356280339465, 0.061819022896548656, 0.04997837497083455, 0.15324454920685923, 0.014002693554020002], [0.32679643978083306, 0.20872731387806215, 0.017247818378193322, 0.07732663330485899, 0.3533848453635533, 0.01651694929449924], [0.06890726727060525, 0.05711288653442109, 0.01971790462960286, 0.018843250233619994, 0.8160777598887511, 0.019340931442999774], [0.07951724630054557, 0.057425255907790226, 0.019937189568647772, 0.018895315720506754, 0.8047176399852314, 0.019507352517278333], [0.3285505698494536, 0.20659723218831264, 0.0170004795852114, 0.07971898776921109, 0.35163054298911756, 0.01650218761869367], [0.8754217524419594, 0.05572973325179281, 0.019165271309280543, 0.012823856154628402, 0.017997769758390004, 0.01886161708394885], [0.8109960600785522, 0.09004276940320334, 0.019441905037840344, 0.009999993219988415, 0.05027718090348632, 0.019242091356929395], [0.8208658610845162, 0.06965751603149463, 0.019148822725433005, 0.009999992060181016, 0.0613265068516911, 0.019001301246683897], [0.08616973727640763, 0.11171616211960118, 0.020077440805330388, 0.014285094114387605, 0.7479367604530809, 0.019814805231192313], [0.8783033327160893, 0.0528416138626876, 0.01898348693685508, 0.012952167958764058, 0.018178736916750926, 0.0187406616088531], [0.4126458087560612, 0.14890835803541785, 0.01125147605425358, 0.1705358388698895, 0.24270322808271833, 0.013955290201659516], [0.20006846254020785, 0.1341362881588013, 0.013351741020903448, 0.024418937062337914, 0.15426266632316762, 0.47376190489458175], [0.8170938571352514, 0.08430584134053494, 0.019321472667689885, 0.009999993251008418, 0.04720196167966516, 0.022076873925850192], [0.8220601775935665, 0.06755044592551286, 0.019114520143591315, 0.0099999920278529, 0.062289961375214566, 0.018984902934261926], [0.051833267421089506, 0.09158848578236523, 0.019977610338018627, 0.013133508916874693, 0.8037113789527643, 0.019755748588887637], [0.8041087331201299, 0.09253271355486091, 0.0194835958655093, 0.009999993350124728, 0.054602247391332515, 0.019272716718042548], [0.259330493180655, 0.07033331167498662, 0.019806104894363522, 0.024745872703868094, 0.6063845097878882, 0.019399707758238596], [0.27284952625153835, 0.2773524442515768, 0.017157229369693185, 0.09121239478866516, 0.32479500213870854, 0.016633403199817872], [0.8643403294311426, 0.06169082045655294, 0.019918776373382803, 0.013441841079126673, 0.021500566502829825, 0.019107666156965096], [0.16553685060466383, 0.10137981099214025, 0.05158274348354643, 0.03088851116078444, 0.6377587534178396, 0.012853330341025496], [0.8466237939991562, 0.0626662986965786, 0.02401370205442566, 0.012106301132371452, 0.04458991312938068, 0.00999999098808752], [0.06102531170028522, 0.07879901604627515, 0.04764885770396093, 0.02824614797831607, 0.770797402715149, 0.013483263856013668], [0.7585232987965961, 0.04881993782331418, 0.05198606076741521, 0.04421143841909053, 0.07731130468139717, 0.01914795951218678], [0.821890165018554, 0.0689682087657009, 0.04162956259852047, 0.012887663560592108, 0.04462440906854499, 0.009999990988087551], [0.136231800906107, 0.10044521014715549, 0.05806200996054758, 0.011580075944765782, 0.6825656613191526, 0.011115241722271667], [0.8633872161831809, 0.06289456972627236, 0.019857482540329204, 0.013469283777614869, 0.02121068616353199, 0.01918076160907067], [0.1852842627043298, 0.07244186066266191, 0.020607784228942133, 0.025444061069117323, 0.6760485684536933, 0.02017346288125567], [0.7989486169668415, 0.0857543328273649, 0.019623290490556295, 0.00999999284707698, 0.0665248826243929, 0.01914888424376732], [0.06316734943632017, 0.08659406731227376, 0.052266843024329115, 0.030419011750149424, 0.7540703654081651, 0.013482363068762333], [0.8591694591055936, 0.0500960029176606, 0.029582765945291856, 0.01102700423349617, 0.040124776809870366, 0.009999990988087496]], [[0.8613121224398154, 0.050216423218935, 0.02720057496312576, 0.011018382104030462, 0.04025250628600593, 0.009999990988087492], [0.06500620380185379, 0.07173993778524965, 0.041964282175350476, 0.028660694670823956, 0.7790633008524395, 0.013565580714282727], [0.8513924519147813, 0.04823665509222591, 0.019019604941457453, 0.009999991379846246, 0.052602808720632985, 0.0187484879510562], [0.05519800887501799, 0.07641480509968616, 0.019851768254070923, 0.012277962842319842, 0.8165980352937804, 0.019659419635124763], [0.8439178055587182, 0.059999866844695604, 0.019034184258929585, 0.009999991614933191, 0.04815330451406539, 0.0188948472086581], [0.844113865077308, 0.05987298499855619, 0.019200698142847757, 0.009999991867563354, 0.04791144078756076, 0.018901019126163925], [0.7691373557376805, 0.05032241104474558, 0.03941280472951682, 0.04443545464904303, 0.07735570110433339, 0.019336272734680752], [0.7694738188001562, 0.04838877876613259, 0.045084873671647395, 0.0437023718309156, 0.07408805195414071, 0.01926210497700762], [0.8445982264662574, 0.06610913211164002, 0.01985517429219503, 0.012536905785410188, 0.04690057035640998, 0.009999990988087511], [0.10981629230930898, 0.09709610318958338, 0.05117627553230061, 0.03305676565761558, 0.6957812127756432, 0.013073350535548358], [0.6011510138151184, 0.10640440649773136, 0.05950795538448347, 0.049390089036889524, 0.1696684856036276, 0.013878049662149524], [0.1756791961810164, 0.07339463923144367, 0.020768930975453452, 0.025898728762728945, 0.6841618899624979, 0.02009661488685952], [0.07470465527017821, 0.05850597719938592, 0.020054833401616307, 0.019053199102138842, 0.8080221794763749, 0.019659155550305927], [0.07240588185257468, 0.056773313727202075, 0.01987175956839457, 0.01861143628887506, 0.8128974429600286, 0.019440165602924976], [0.8741857908373069, 0.05643767181633245, 0.01919552532443269, 0.012874038233625075, 0.018428696331799152, 0.01887827745650382], [0.8797433762131215, 0.05508660780868386, 0.01917212041257818, 0.012538226982072726, 0.01459501313898507, 0.01886465544455859], [0.8168416409903131, 0.07696579345366987, 0.01929950500911297, 0.009999992583565922, 0.057805812375674115, 0.01908725558766406], [0.05485427127648202, 0.09543044916840535, 0.019975312007701123, 0.013542481893205893, 0.7964464921973802, 0.019750993456825384], [0.07103010891228664, 0.10753133784157862, 0.02015099739768802, 0.014728364067255867, 0.7667267060097468, 0.01983248577144411], [0.8091389435294443, 0.04501756084894892, 0.019316214638042385, 0.009999995400472519, 0.09760349454663607, 0.018923791036455785], [0.8155309263022696, 0.04114589524163219, 0.018947261312551495, 0.009999995742729095, 0.0942516903370133, 0.020124231063804218], [0.19751401064611088, 0.1382226296323413, 0.013390798112524225, 0.024501968059995112, 0.15260868864677374, 0.4737619049022546], [0.17473128963229317, 0.1363273598217855, 0.013406003243039916, 0.02448427388209735, 0.177289168516913, 0.47376190490387105], [0.10412390088860528, 0.10117885204305321, 0.020025672464912152, 0.014250405043091226, 0.7391839729998252, 0.02123719656051288], [0.04503006447064823, 0.09029067158506227, 0.019997431707270873, 0.013280264005488002, 0.8116389048826124, 0.019762663348918293], [0.8040332574321577, 0.08246950594367009, 0.01934338195789093, 0.00999999267064723, 0.06501905344647, 0.019134808549164148], [0.21850245047281405, 0.07132418161284887, 0.020251201799323295, 0.02498128370444139, 0.6451260411898091, 0.01981484122076328], [0.21992730335758903, 0.071266655413975, 0.020229891764894488, 0.025420025859760612, 0.6433214599407768, 0.01983466366300401], [0.20413708338223358, 0.07269342937320916, 0.02058957267798399, 0.025578850383705512, 0.6570299445306914, 0.01997111965217624], [0.7193895698795929, 0.062773596504826, 0.046284178625831535, 0.051127641203684474, 0.10135816647276231, 0.019066847313302663], [0.06216668702565474, 0.08764263927000097, 0.043492654437641436, 0.030515805778897596, 0.762692603353865